"","IS-PM","IS-NLE","IS-PNS","PM-ZS","PM-ZI","PM-MT","NLE-NON","NLE-ZS","NLE-ZI","NON-BR","NON-PNS","BR-PT","BR-APET","PT-APET","PT-BA","PT-EAM","PT-ZYGI","PT-TSP","ZS-ZI","ZI-MT","ZI-ZYGI","ZI-TSP","MT-PNS","PNS-APET","APET-BA","APET-TS","BA-EAM","EAM-ZYGI","ZYGI-TSP","LD-AS","BR-LD","OPI-LD","PT-AS","JP-AS","BA-OPI"
"IS-PM",1.99409180979627,1.64820822352089,3.44303358481877,-0.0722199872398693,0.57053093510259,0.35898368424029,0.344537362501733,1.15235804242418,2.14999193483723,1.48217400860119,2.42666090093542,1.17145666641295,2.34601882967957,0.625017561556287,2.34156400956313,1.0210590609188,1.43418912592462,-0.349130862202575,0.994487186718014,1.00238365875962,2.05311845271371,2.81612970654053,1.6220757739101,1.33801777067703,1.92359658400551,-0.379120071890272,1.23326591018197,1.94394442567156,1.72564480997284,0.430464717845222,1.91815263229376,1.67167703597026,2.40229599493618,1.44763931244937,0.446232686546294
"IS-NLE",1.64820822352089,3.29949196502241,3.46713130265643,0.646353620363818,1.19500751108212,0.00628704283080057,-0.856828790564101,0.772878806363302,1.53168180521829,2.59943165707309,2.29121013827373,1.16833466479499,2.45635915172664,1.36461778809492,3.04756326307307,2.11525190461172,1.81623992013369,0.476473580891154,0.79626592529366,0.593577574209056,2.77857952328314,3.08411317902204,2.83565604829734,1.64940141150575,1.94723408460408,-0.0116097207724443,1.28125214775281,1.46466086168394,1.72350472852034,-0.265743799926466,2.14548246979811,1.63862684856436,3.87414076999211,1.6540176566041,0.191597567654042
"IS-PNS",3.44303358481877,3.46713130265643,13.6244050170941,2.47074645033334,3.04543269990074,4.05557908016192,1.33769339825764,4.87564767237812,6.62643139216266,8.58955963395398,11.1014642935995,4.27205614059528,6.63110556965843,3.32893652958426,8.56358332727251,4.70506215950423,4.96433400842737,1.13009023199974,1.73894621622571,1.24366690923016,8.26736273985715,9.60358365674142,7.54800550692857,2.1226054983787,5.14574757132357,0.396938251604913,3.93145448823875,4.61930622026693,4.76510440477889,2.24869972636069,5.35556236964846,5.14233658159011,8.00969990068114,3.60091700037546,0.573653569704242
"PM-ZS",-0.0722199872398693,0.646353620363818,2.47074645033334,3.35722281396557,1.93264527701285,2.72167147176639,1.62752364134059,2.97818055809951,1.49804948904398,2.64571264883658,1.48207597059023,0.425290077162978,0.952406751013885,1.07591230013707,0.876273333113749,0.736808053994647,0.832480238429227,0.771405802308525,-1.36724859201913,-0.627011536879338,1.93182115406935,2.66171396609814,0.760417189173068,1.00547843417381,0.0841431632168897,0.778910077447495,0.211756931581449,0.318138061881238,0.681134173393166,-0.119834637655919,0.339707502189637,0.548470737521984,-0.0254229763621617,-0.0484011254615299,-0.321252995600316
"PM-ZI",0.57053093510259,1.19500751108212,3.04543269990074,1.93264527701285,4.26848659993913,2.47560459080316,0.838384260476474,1.91554673379234,3.48309456142879,3.35997235675714,2.23985179562617,0.668797406465617,2.09346844198379,1.73592953347852,3.17502624425378,1.88913200065685,1.74789426794222,1.0756042930414,1.82555989865271,1.16391138153593,0.574196927439285,1.40791104943174,1.40978803855874,1.69882860994363,1.87919229436463,0.463552844097126,1.20367319074184,1.46310793570235,1.52273741933489,0.63185985312146,0.877329245296418,1.3302845352003,1.71979729797275,0.775108949077529,0.21766336147013
"PM-MT",0.35898368424029,0.00628704283080057,4.05557908016192,2.72167147176639,2.47560459080316,4.70607618830527,2.01669845183988,2.9743116323646,2.96784088503408,3.42346293852458,2.98854789065451,1.06878343688312,1.4980964766644,1.17590566291452,1.70715307345937,0.963220624622271,1.51296043564007,0.27774132355535,0.0391060608673753,-0.101138119900919,2.43090952042359,2.89537984131825,-0.111953666173157,1.41253090745072,0.543312321264003,0.382207782651569,0.564000603408316,1.33157704499078,1.5424424419119,0.689985358104408,0.677208805690051,1.04334026722216,0.260115132212879,0.131676028924609,-0.255494153793004
"NLE-NON",0.344537362501733,-0.856828790564101,1.33769339825764,1.62752364134059,0.838384260476474,2.01669845183988,4.90493316293143,2.49014341161332,1.8902065623994,0.00737242714886041,-0.291533082009236,0.417899265669129,0.446312809158359,0.0619463673705096,0.515395393762432,-0.891162457137432,0.0314818936879006,-0.662066096531371,-0.656046674970261,-0.0618941997412168,0.870912372605781,2.00935045414511,-0.742784106841094,0.808746585842178,1.10968996624948,0.664545458794311,0.803181864403134,0.730897500621605,0.407111843200912,-0.343632946398626,-0.614579530636621,0.430917029909133,-2.26874364072396,-0.0726605817322012,0.108196296042192
"NLE-ZS",1.15235804242418,0.772878806363302,4.87564767237812,2.97818055809951,1.91554673379234,2.9743116323646,2.49014341161332,5.76620866748743,4.60712861685309,3.43913157379064,3.97175614563198,1.05221553055894,2.55940178687561,1.18084795308827,2.36439411644996,1.26431812796893,1.92150059348375,0.420874508630687,-1.10306478066462,0.3531964477879,3.97955108922102,5.21636436220272,1.83767919410878,1.82561742934818,1.54944465744141,0.343244740988077,1.31569479453183,1.33196197078754,1.97316240844645,0.0481267249400233,2.85437843889066,1.78511427420543,1.67830865328642,1.29835687273266,0.137979537917685
"NLE-ZI",2.14999193483723,1.53168180521829,6.62643139216266,1.49804948904398,3.48309456142879,2.96784088503408,1.8902065623994,4.60712861685309,7.12224749639625,5.35619828018541,5.92605309640849,1.92398293874463,3.98910247183083,1.72541683908871,4.91683265666078,2.50794376105343,3.78860605706945,0.630596623450488,2.50097056428057,2.00668103845825,4.09540229759556,5.5507158868789,2.98775650367708,2.37643972764022,3.70429901867138,-0.375775946245202,2.54047643545395,3.12811605523183,3.70186096718067,0.745528665273873,3.07450167980197,3.18008117957837,3.79878516060016,2.64644820550689,0.551369701836094
"NON-BR",1.48217400860119,2.59943165707309,8.58955963395398,2.64571264883658,3.35997235675714,3.42346293852458,0.00737242714886041,3.43913157379064,5.35619828018541,25.2257417285223,9.37499025956512,6.1691758076658,0.727740154449363,3.33522224870735,7.44341738983613,4.44612395432694,7.03392313752891,3.28346983190511,1.9576594575332,1.24454939225962,8.11219874984901,9.00394725087454,5.30598084538199,2.42810172992626,4.11050098354476,1.30702967994157,3.26768414654097,3.94958446606011,5.51017728693223,2.40093472112883,-7.61955589686325,1.66543357926588,6.75368157602593,2.89530021976597,-0.390710286477911
"NON-PNS",2.42666090093542,2.29121013827373,11.1014642935995,1.48207597059023,2.23985179562617,2.98854789065451,-0.291533082009236,3.97175614563198,5.92605309640849,9.37499025956512,11.4444035219088,3.82335524858105,5.27629231886456,2.63238277673669,7.35052986735904,4.45763381119052,4.99921203726809,1.60187950359526,1.9335726054403,1.72999068393075,7.19150638716857,8.30655105777643,6.68327170937178,1.33399173334683,4.35208568810635,0.071930148108992,3.39325402979953,4.17150036839316,4.57687433161342,2.48825479345564,4.38361891561947,3.88676302368388,7.35089683228474,3.44518365168067,0.405412225784416
"BR-PT",1.17145666641295,1.16833466479499,4.27205614059528,0.425290077162978,0.668797406465617,1.06878343688312,0.417899265669129,1.05221553055894,1.92398293874463,6.1691758076658,3.82335524858105,3.86904980980016,2.78045701721573,1.14142833625891,3.53329319462535,1.9552524862467,2.46650153027525,0.703886717940371,0.951243152263983,1.20519030507683,3.38633524606256,3.88520028707629,2.14729553520209,1.19056377374105,2.06172749623926,0.434743772179084,1.62739229861752,2.53741788990498,2.22606674221999,2.08320689362861,0.862833618694594,1.6900476649729,3.76400292105272,1.64868865526864,0.465245112887589
"BR-APET",2.34601882967957,2.45635915172664,6.63110556965843,0.952406751013885,2.09346844198379,1.4980964766644,0.446312809158359,2.55940178687561,3.98910247183083,0.727740154449363,5.27629231886456,2.78045701721573,8.07056548788883,1.97545741085652,4.93932693524323,2.6295604154405,2.53248729316239,0.0579838504629109,1.56595870750765,2.092901166393,4.28663685354665,7.04912191264507,3.68551197000769,3.68488922147605,3.39767197763403,-0.0993989009676574,2.47628615777232,4.68209374571732,3.09740435717595,1.55079056224673,9.13306729367618,4.40757733876707,5.10195365095167,3.22979577249577,0.6263142135486
"PT-APET",0.625017561556287,1.36461778809492,3.32893652958426,1.07591230013707,1.73592953347852,1.17590566291452,0.0619463673705096,1.18084795308827,1.72541683908871,3.33522224870735,2.63238277673669,1.14142833625891,1.97545741085652,3.71521953445915,5.33820983436506,3.90006459988869,2.22893916915423,2.25100642738682,0.699055930935403,0.729516829845428,1.13677348495172,1.70853311075538,2.44513941042793,0.886786901480549,1.67478024729918,0.807323159723639,1.80986001509321,1.75210322184824,1.44024464165533,0.879555726985001,1.043138629054,0.846505362702646,4.66039165500119,0.54329429377083,0.399470402440627
"PT-BA",2.34156400956313,3.04756326307307,8.56358332727251,0.876273333113749,3.17502624425378,1.70715307345937,0.515395393762432,2.36439411644996,4.91683265666078,7.44341738983613,7.35052986735904,3.53329319462535,4.93932693524323,5.33820983436506,11.830208120318,7.21031293875304,5.31596691174355,3.29416537009495,2.76812511032936,2.00725475847705,4.48677074088091,4.91141469100732,5.91343678169143,1.63839730038113,6.48044660800834,0.694075854383537,5.10595993970804,3.51868915894912,4.03205322996857,2.19774060617257,3.11907004078133,3.65604142973028,10.3852734708952,2.81950142753759,0.897530501589417
"PT-EAM",1.0210590609188,2.11525190461172,4.70506215950423,0.736808053994647,1.88913200065685,0.963220624622271,-0.891162457137432,1.26431812796893,2.50794376105343,4.44612395432694,4.45763381119052,1.9552524862467,2.6295604154405,3.90006459988869,7.21031293875304,5.97376604019891,3.75541667810002,3.18014365473233,1.41553916509513,0.956202868816727,2.36812135001238,1.97797612291626,3.66929080644284,0.784617704331948,2.99607354799465,0.48986209584214,2.10123749812375,2.07889964421535,2.39092370776183,1.10451333744918,2.07823156470659,1.74996085633609,7.92452511907529,1.05744523667467,0.331506149915211
"PT-ZYGI",1.43418912592462,1.81623992013369,4.96433400842737,0.832480238429227,1.74789426794222,1.51296043564007,0.0314818936879006,1.92150059348375,3.78860605706945,7.03392313752891,4.99921203726809,2.46650153027525,2.53248729316239,2.22893916915423,5.31596691174355,3.75541667810002,5.16690471760942,1.62249899048899,1.8451717160502,1.66031217093063,4.83927233095878,4.85436777503602,3.12331103118485,1.7654448281833,3.15536725164623,-0.161030602404252,2.12257841457953,2.99890499440065,4.29061560101275,0.664013638681621,0.521650799795203,2.44898543734768,5.67234462124996,1.92695075632895,-0.0221256950652535
"PT-TSP",-0.349130862202575,0.476473580891154,1.13009023199974,0.771405802308525,1.0756042930414,0.27774132355535,-0.662066096531371,0.420874508630687,0.630596623450488,3.28346983190511,1.60187950359526,0.703886717940371,0.0579838504629109,2.25100642738682,3.29416537009495,3.18014365473233,1.62249899048899,3.1526617611738,0.362077092276166,0.0563115536952966,-0.0975309221999522,0.00553324041075727,1.50078528070793,-0.473901846244871,0.721526242629156,0.518877650583018,0.616506041999615,0.185106363390301,0.311313405253398,0.785886582223347,-0.023301089777867,-0.395087551259696,3.80844806672699,-0.212734680917987,0.171696635905566
"ZS-ZI",0.994487186718014,0.79626592529366,1.73894621622571,-1.36724859201913,1.82555989865271,0.0391060608673753,-0.656046674970261,-1.10306478066462,2.50097056428057,1.9576594575332,1.9335726054403,0.951243152263983,1.56595870750765,0.699055930935403,2.76812511032936,1.41553916509513,1.8451717160502,0.362077092276166,3.65969811369213,1.63722445639617,-0.226979183625959,0.119491579534415,1.1827462483291,0.610638188681739,2.18853148685299,-0.648723473797556,1.35785145591018,1.76715102933505,1.68495949065045,0.931309347676351,0.408535740083939,1.41221171299783,2.23991152446287,1.34501645834125,0.456153364822321
"ZI-MT",1.00238365875962,0.593577574209056,1.24366690923016,-0.627011536879338,1.16391138153593,-0.101138119900919,-0.0618941997412168,0.3531964477879,2.00668103845825,1.24454939225962,1.72999068393075,1.20519030507683,2.092901166393,0.729516829845428,2.00725475847705,0.956202868816727,1.66031217093063,0.0563115536952966,1.63722445639617,2.99370666511927,0.736011060563872,1.56195097057551,0.401075489579047,1.35891478132696,1.43837007357734,-0.2405766717356,0.866881664565897,2.28460870173847,1.84064095276433,1.54537125724189,1.10287258322219,0.850933808989874,1.55515904349076,1.22752527058103,0.655344726569746
"ZI-ZYGI",2.05311845271371,2.77857952328314,8.26736273985715,1.93182115406935,0.574196927439285,2.43090952042359,0.870912372605781,3.97955108922102,4.09540229759556,8.11219874984901,7.19150638716857,3.38633524606256,4.28663685354665,1.13677348495172,4.48677074088091,2.36812135001238,4.83927233095878,-0.0975309221999522,-0.226979183625959,0.736011060563872,10.7573159839726,9.83048013298397,4.64739438608682,2.84735492692054,3.64987777922961,-0.0686810154551545,2.17660777396541,2.50460020335714,4.54618364669835,-0.7142953927339,2.47055734484536,4.44396962227087,5.04964118408116,3.12060525490185,-0.604634901951808
"ZI-TSP",2.81612970654053,3.08411317902204,9.60358365674142,2.66171396609814,1.40791104943174,2.89537984131825,2.00935045414511,5.21636436220272,5.5507158868789,9.00394725087454,8.30655105777643,3.88520028707629,7.04912191264507,1.70853311075538,4.91141469100732,1.97797612291626,4.85436777503602,0.00553324041075727,0.119491579534415,1.56195097057551,9.83048013298397,13.7718198535029,5.37663567049859,4.92212961602635,4.04615254457536,0.304244574236205,3.19063439055093,5.84143289411358,5.45513519671283,-0.169608967236186,5.9873330980755,4.89259957191371,4.54557590220596,3.7734629924879,-0.247704501791145
"MT-PNS",1.6220757739101,2.83565604829734,7.54800550692857,0.760417189173068,1.40978803855874,-0.111953666173157,-0.742784106841094,1.83767919410878,2.98775650367708,5.30598084538199,6.68327170937178,2.14729553520209,3.68551197000769,2.44513941042793,5.91343678169143,3.66929080644284,3.12331103118485,1.50078528070793,1.1827462483291,0.401075489579047,4.64739438608682,5.37663567049859,7.45975620950262,0.433693478697514,3.48940853108632,0.641498529739671,2.85901015035891,2.47504941301177,2.59250700698098,0.13097725312909,3.56827158856103,2.96375014860624,6.94993778517888,2.59415823457601,0.136397634852328
"PNS-APET",1.33801777067703,1.64940141150575,2.1226054983787,1.00547843417381,1.69882860994363,1.41253090745072,0.808746585842178,1.82561742934818,2.37643972764022,2.42810172992626,1.33399173334683,1.19056377374105,3.68488922147605,0.886786901480549,1.63839730038113,0.784617704331948,1.7654448281833,-0.473901846244871,0.610638188681739,1.35891478132696,2.84735492692054,4.92212961602635,0.433693478697514,4.21120030841531,1.37873834382328,0.0111238117210021,0.955248445870168,3.11268278365929,2.38864307264375,-0.866679817448123,3.10330634703466,2.13284945726537,1.21394900872186,1.31738548440005,-0.131995981588995
"APET-BA",1.92359658400551,1.94723408460408,5.14574757132357,0.0841431632168897,1.87919229436463,0.543312321264003,1.10968996624948,1.54944465744141,3.70429901867138,4.11050098354476,4.35208568810635,2.06172749623926,3.39767197763403,1.67478024729918,6.48044660800834,2.99607354799465,3.15536725164623,0.721526242629156,2.18853148685299,1.43837007357734,3.64987777922961,4.04615254457536,3.48940853108632,1.37873834382328,5.36465211355434,-0.0275293461119806,3.5226925575678,2.06102694937443,2.8440723886376,0.985799264372534,2.0881638755273,3.11668233933015,5.13369688555531,2.64550687921578,0.300964957855122
"APET-TS",-0.379120071890272,-0.0116097207724443,0.396938251604913,0.778910077447495,0.463552844097126,0.382207782651569,0.664545458794311,0.343244740988077,-0.375775946245202,1.30702967994157,0.071930148108992,0.434743772179084,-0.0993989009676574,0.807323159723639,0.694075854383537,0.48986209584214,-0.161030602404252,0.518877650583018,-0.648723473797556,-0.2405766717356,-0.0686810154551545,0.304244574236205,0.641498529739671,0.0111238117210021,-0.0275293461119806,1.38690873816377,0.245254808376135,0.310367096527358,-0.243754506153769,0.273862957120236,-0.3397741677219,-0.575710640886742,0.706857625528784,-0.268868510649304,0.0127023985867624
"BA-EAM",1.23326591018197,1.28125214775281,3.93145448823875,0.211756931581449,1.20367319074184,0.564000603408316,0.803181864403134,1.31569479453183,2.54047643545395,3.26768414654097,3.39325402979953,1.62739229861752,2.47628615777232,1.80986001509321,5.10595993970804,2.10123749812375,2.12257841457953,0.616506041999615,1.35785145591018,0.866881664565897,2.17660777396541,3.19063439055093,2.85901015035891,0.955248445870168,3.5226925575678,0.245254808376135,3.43484064953354,1.51274193742622,2.01095189990953,1.28409347638939,2.00969803117153,1.96419062597197,3.49526293401558,1.98794746936417,0.34403185299495
"EAM-ZYGI",1.94394442567156,1.46466086168394,4.61930622026693,0.318138061881238,1.46310793570235,1.33157704499078,0.730897500621605,1.33196197078754,3.12811605523183,3.94958446606011,4.17150036839316,2.53741788990498,4.68209374571732,1.75210322184824,3.51868915894912,2.07889964421535,2.99890499440065,0.185106363390301,1.76715102933505,2.28460870173847,2.50460020335714,5.84143289411358,2.47504941301177,3.11268278365929,2.06102694937443,0.310367096527358,1.51274193742622,6.04076790009527,3.5824681365571,0.58570423913739,3.89573553771576,2.17935810222748,3.78672245488858,1.60023780560975,0.424809999933848
"ZYGI-TSP",1.72564480997284,1.72350472852034,4.76510440477889,0.681134173393166,1.52273741933489,1.5424424419119,0.407111843200912,1.97316240844645,3.70186096718067,5.51017728693223,4.57687433161342,2.22606674221999,3.09740435717595,1.44024464165533,4.03205322996857,2.39092370776183,4.29061560101275,0.311313405253398,1.68495949065045,1.84064095276433,4.54618364669835,5.45513519671283,2.59250700698098,2.38864307264375,2.8440723886376,-0.243754506153769,2.01095189990953,3.5824681365571,4.23392991376742,0.387326853158797,1.49246912809468,2.64945894643561,4.07815451662481,2.10105954099058,0.0177474875138117
"LD-AS",0.430464717845222,-0.265743799926466,2.24869972636069,-0.119834637655919,0.63185985312146,0.689985358104408,-0.343632946398626,0.0481267249400233,0.745528665273873,2.40093472112883,2.48825479345564,2.08320689362861,1.55079056224673,0.879555726985001,2.19774060617257,1.10451333744918,0.664013638681621,0.785886582223347,0.931309347676351,1.54537125724189,-0.7142953927339,-0.169608967236186,0.13097725312909,-0.866679817448123,0.985799264372534,0.273862957120236,1.28409347638939,0.58570423913739,0.387326853158797,8.06846050088935,1.08441977124699,-0.0505837487361571,1.75461997482787,1.46816805678722,1.21634539660767
"BR-LD",1.91815263229376,2.14548246979811,5.35556236964846,0.339707502189637,0.877329245296418,0.677208805690051,-0.614579530636621,2.85437843889066,3.07450167980197,-7.61955589686325,4.38361891561947,0.862833618694594,9.13306729367618,1.043138629054,3.11907004078133,2.07823156470659,0.521650799795203,-0.023301089777867,0.408535740083939,1.10287258322219,2.47055734484536,5.9873330980755,3.56827158856103,3.10330634703466,2.0881638755273,-0.3397741677219,2.00969803117153,3.89573553771576,1.49246912809468,1.08441977124699,16.9874973954516,3.75374931841089,5.76716142078948,2.99408996596941,0.761199338381642
"OPI-LD",1.67167703597026,1.63862684856436,5.14233658159011,0.548470737521984,1.3302845352003,1.04334026722216,0.430917029909133,1.78511427420543,3.18008117957837,1.66543357926588,3.88676302368388,1.6900476649729,4.40757733876707,0.846505362702646,3.65604142973028,1.74996085633609,2.44898543734768,-0.395087551259696,1.41221171299783,0.850933808989874,4.44396962227087,4.89259957191371,2.96375014860624,2.13284945726537,3.11668233933015,-0.575710640886742,1.96419062597197,2.17935810222748,2.64945894643561,-0.0505837487361571,3.75374931841089,4.81245032359328,2.90351241012775,2.18635597208387,-0.0212730998473322
"PT-AS",2.40229599493618,3.87414076999211,8.00969990068114,-0.0254229763621617,1.71979729797275,0.260115132212879,-2.26874364072396,1.67830865328642,3.79878516060016,6.75368157602593,7.35089683228474,3.76400292105272,5.10195365095167,4.66039165500119,10.3852734708952,7.92452511907529,5.67234462124996,3.80844806672699,2.23991152446287,1.55515904349076,5.04964118408116,4.54557590220596,6.94993778517888,1.21394900872186,5.13369688555531,0.706857625528784,3.49526293401558,3.78672245488858,4.07815451662481,1.75461997482787,5.76716142078948,2.90351241012775,15.4335917785948,3.78527130227416,0.849039348820926
"JP-AS",1.44763931244937,1.6540176566041,3.60091700037546,-0.0484011254615299,0.775108949077529,0.131676028924609,-0.0726605817322012,1.29835687273266,2.64644820550689,2.89530021976597,3.44518365168067,1.64868865526864,3.22979577249577,0.54329429377083,2.81950142753759,1.05744523667467,1.92695075632895,-0.212734680917987,1.34501645834125,1.22752527058103,3.12060525490185,3.7734629924879,2.59415823457601,1.31738548440005,2.64550687921578,-0.268868510649304,1.98794746936417,1.60023780560975,2.10105954099058,1.46816805678722,2.99408996596941,2.18635597208387,3.78527130227416,3.56152528821133,0.438397405043487
"BA-OPI",0.446232686546294,0.191597567654042,0.573653569704242,-0.321252995600316,0.21766336147013,-0.255494153793004,0.108196296042192,0.137979537917685,0.551369701836094,-0.390710286477911,0.405412225784416,0.465245112887589,0.6263142135486,0.399470402440627,0.897530501589417,0.331506149915211,-0.0221256950652535,0.171696635905566,0.456153364822321,0.655344726569746,-0.604634901951808,-0.247704501791145,0.136397634852328,-0.131995981588995,0.300964957855122,0.0127023985867624,0.34403185299495,0.424809999933848,0.0177474875138117,1.21634539660767,0.761199338381642,-0.0212730998473322,0.849039348820926,0.438397405043487,1.13065058712956
