"","IS-PM","IS-NLE","IS-PNS","PM-ZS","PM-ZI","PM-MT","NLE-NON","NLE-ZS","NLE-ZI","NON-BR","NON-PNS","BR-PT","BR-APET","PT-APET","PT-BA","PT-EAM","PT-ZYGI","PT-TSP","ZS-ZI","ZI-MT","ZI-ZYGI","ZI-TSP","MT-PNS","PNS-APET","APET-BA","APET-TS","BA-EAM","EAM-ZYGI","ZYGI-TSP","LD-AS","BR-LD","OPI-LD","PT-AS","JP-AS","BA-OPI"
"IS-PM",0.0956335738607749,0.088246185925943,0.484630581351583,0.206573510849984,0.167468104604285,0.214579919429571,0.187732426774785,0.304706884579181,0.259345553922519,0.509768321883404,0.333537664017018,0.0543178505487288,0.0298712373385796,0.109240472896404,0.308995145809103,0.131358100446627,0.209809790877424,0.0411419720084878,-0.0456137206167432,-0.00951803975186378,0.287202549389267,0.296382492676582,0.238370658941752,0.113972494130933,0.204674655399506,-0.0515868058710569,0.211557195748439,0.16759427600747,0.190845829034265,-0.0568395040268395,0.272125315714597,-0.153815451269429,0.277100644612059,0.0726161496534,0.0437255762428222
"IS-NLE",0.088246185925943,1.26557684985877,2.00144594571521,1.10459637512967,2.26968511874462,1.54741366789079,0.0904557396689514,0.308491889064733,1.27425933491122,1.82660819552926,1.16165950037457,0.527566624670726,0.452525811804858,0.0489675217293895,0.760628496484607,-0.12028517535854,0.377231551457892,-0.383816442792871,0.913129337101623,1.35393111906068,0.328608581317775,0.800149704384939,0.389327931783561,0.918596383447522,0.79418344496169,-0.0792337454523286,0.928334172501936,1.0629452894896,0.768207566741426,0.670502358656335,0.470747586354709,-0.232866604854198,0.0337925021354799,0.174713893488342,-0.134813974492393
"IS-PNS",0.484630581351583,2.00144594571521,9.9959237264665,4.75230191000318,6.83779994276266,6.50340754023487,2.35113351931399,3.11975372134015,4.89272290535871,7.71728783831544,6.17497396106295,0.924972117794217,1.43950538388548,0.753315279481956,3.67467673313817,0.285972805618249,1.6706774182367,-1.13872070922725,1.67788310674972,2.27229032080642,4.4048417887067,4.861465327772,2.59159897465459,2.5604268285537,3.47645720170096,-0.109228474849741,3.58935413604361,2.69584174412262,2.63648518579985,2.10560688605116,2.31711643262033,-1.39109484068339,0.777474091420639,0.915373052147496,0.0997282077166534
"PM-ZS",0.206573510849984,1.10459637512967,4.75230191000318,2.86108107437644,3.81217227568636,3.39951771938749,1.25450426546853,1.89860957603995,2.65959068673038,4.55968550361609,2.69252419933786,0.734663242027471,0.619397003834415,-0.00861480555575055,1.64241591658976,-0.109195374183918,1.09212759635331,-0.629864310204337,0.698106923588149,1.46348372335129,2.38260798323824,2.63232297127846,1.23634776436819,2.0003706724298,1.73061237512054,0.00849409011560774,1.85796317843616,1.64222961188708,1.52774297459971,1.3150399933378,0.47622416887784,-0.815861567531914,-0.0265139488177596,0.316820143169881,0.0857948130464108
"PM-ZI",0.167468104604285,2.26968511874462,6.83779994276266,3.81217227568636,10.9423731245382,5.38704270448429,1.62136157133378,1.23660250865886,7.44654923359284,5.20030187535859,3.22968457859902,2.15196691224203,0.97220093703151,-1.14393925690132,1.61061270820746,-1.1687699117002,1.24693015212477,-1.86132788877546,5.98152222724681,6.04017018254223,-1.49959296255941,-0.714168964540975,1.89679132323735,3.16380152170173,2.29714782048573,0.41550025041245,2.85373677546301,2.9610504463668,2.48099087242938,3.41626482510289,-0.621994891196791,0.322143789971745,-0.810216749995203,-0.254177888134329,-0.236327457058621
"PM-MT",0.214579919429571,1.54741366789079,6.50340754023487,3.39951771938749,5.38704270448429,5.03343368585439,1.59124464930525,1.87151266172805,3.6777464008538,5.26628638051757,3.70517320043964,0.589501155855729,0.662180821928845,0.453404578637762,2.37986636522092,0.292252945383011,1.30859405252066,-0.827438260082671,1.6828402977611,1.92565698575325,2.44660674545802,2.5225260501984,1.23289801127452,2.25127824827289,1.97116036004316,0.0148680263046276,2.19779036015567,2.07897364790861,1.89325641005253,1.62757920238744,0.594033245311257,-0.686263642671898,0.389455712684725,0.248543672659563,-0.0842115780455829
"NLE-NON",0.187732426774785,0.0904557396689514,2.35113351931399,1.25450426546853,1.62136157133378,1.59124464930525,2.61712422988873,1.4279338688068,1.74713280534686,0.243683722239078,0.719849190122713,0.42743167461663,0.433187955871713,0.209712748970559,1.22511533024416,0.225801345741067,0.95813837463412,0.206264557913464,0.254597518512739,0.538043297389106,1.37035762716743,1.17472032860647,0.745680107130256,0.196696528033065,1.1104334303855,-0.0733643565044556,1.07342600777084,0.0513567716227162,0.58803715626649,0.417460174346934,1.24333329371685,-0.57007709270879,0.806176821304104,-0.16395111051873,0.184669501519658
"NLE-ZS",0.304706884579181,0.308491889064733,3.11975372134015,1.89860957603995,1.23660250865886,1.87151266172805,1.4279338688068,2.41634739106955,1.57483509366468,2.95896322491146,1.84099785270781,0.358284308809018,0.33016450772855,0.153638009899447,1.20546522563214,0.0149633059826285,0.852171729805905,-0.116723863638917,-0.886543487838995,-0.178835153145211,2.21563652796161,2.44068533434444,1.14089060745203,1.09702971910054,1.19331208492527,-0.0206412853164564,1.28681713208495,0.87714137045708,0.936007569323117,0.337346751093791,1.14681273184566,-1.13329618224927,0.228141258369877,0.287424125149428,0.298525110571846
"NLE-ZI",0.259345553922519,1.27425933491122,4.89272290535871,2.65959068673038,7.44654923359284,3.6777464008538,1.74713280534686,1.57483509366468,5.81657602753064,3.35911724512347,2.43293406815528,1.40283505727779,0.619447384962581,-0.664093482443361,1.26809403314185,-0.646762657189355,1.16819600916143,-1.09533915468941,4.07944883207392,3.79136366556019,-1.11340019114081,-0.597914184610053,1.6664808289959,1.91592514886361,1.60951939987668,0.39165698873036,1.98136553870732,1.9159404915837,1.84568790065061,2.24672766122287,0.188798850649034,0.108229237828719,-0.221445458471222,-0.287110607562644,-0.0529813490564006
"NON-BR",0.509768321883404,1.82660819552926,7.71728783831544,4.55968550361609,5.20030187535859,5.26628638051757,0.243683722239078,2.95896322491146,3.35911724512347,16.7599994399795,5.37745776037561,1.34378515768439,-0.181772903093601,0.193298988034828,4.03906545460338,0.385355770099061,2.14447444777313,-1.409377053751,0.348527130021078,1.60590865493375,6.87819909803621,7.07362612506443,2.72602689280545,5.47008520962974,4.37886819135812,0.247844880549198,4.07047215525776,3.71697937955882,3.46640947471555,2.1878796992023,-2.67018617141508,-2.35334541898394,0.22760978074316,1.59247318247401,-0.221953622678085
"NON-PNS",0.333537664017018,1.16165950037457,6.17497396106295,2.69252419933786,3.22968457859902,3.70517320043964,0.719849190122713,1.84099785270781,2.43293406815528,5.37745776037561,4.71356763187524,0.0880034372317894,0.880204699619201,0.800056610904468,2.52136668846304,0.458670066687659,1.08739106586795,-0.59007072346514,0.610316306525005,0.79332254874715,3.54564865444892,3.866763493483,1.71561958962411,1.20794963011377,2.3914225031824,-0.0057332606723091,2.17796293593431,1.44722633978609,1.71940547316473,1.0295440686516,1.79228188367926,-0.899469606268493,0.523272979516795,0.904137835307498,-0.000835955933643884
"BR-PT",0.0543178505487288,0.527566624670726,0.924972117794217,0.734663242027471,2.15196691224203,0.589501155855729,0.42743167461663,0.358284308809018,1.40283505727779,1.34378515768439,0.0880034372317894,1.67682026921975,0.579294965254679,-1.13168298637288,-0.546339263170208,-1.39962040943705,-0.0185860527072518,-1.06138414034965,0.980497103047115,1.76581769923517,-0.202502733125046,-0.503123216466738,0.340604991929898,0.698957648168236,0.403699800041842,-0.0629700710067094,0.722571446903494,0.222902184379767,0.388940783676691,0.762222059148383,-0.582964518507945,-0.290227846317552,-1.31047122511387,0.00291384029701497,0.0766434328316367
"BR-APET",0.0298712373385796,0.452525811804858,1.43950538388548,0.619397003834415,0.97220093703151,0.662180821928845,0.433187955871713,0.33016450772855,0.619447384962581,-0.181772903093601,0.880204699619201,0.579294965254679,1.22407705892692,0.163388237187476,0.346528558480102,-0.32484403988816,0.221570736918834,-0.428754380463234,0.300143461533351,0.765445200419839,0.620951694754715,0.562377909767382,0.503965104266347,-0.0577133738089902,0.375589559629384,-0.0691097625805147,0.624273738444182,0.318049642102276,0.475707565003222,0.52454637788619,2.04759032415393,-0.201055729441387,-0.0510934094122928,0.333097956133723,0.101413092661359
"PT-APET",0.109240472896404,0.0489675217293895,0.753315279481956,-0.00861480555575055,-1.14393925690132,0.453404578637762,0.209712748970559,0.153638009899447,-0.664093482443361,0.193298988034828,0.800056610904468,-1.13168298637288,0.163388237187476,2.03086977402534,1.93675549056781,2.06771360420917,1.02501776149117,1.07357461428382,-0.769151436023488,-1.22652471261939,1.4948275153715,1.20800658733373,0.326200230510634,-0.00713236520096596,0.0346733721522965,-0.0816440263736653,0.0624055723391096,0.448998242406497,0.458223982438059,-0.451947388462234,1.78025846882385,-0.0170892400744565,2.49608938791966,0.349707257507543,0.0381962236210793
"PT-BA",0.308995145809103,0.760628496484607,3.67467673313817,1.64241591658976,1.61061270820746,2.37986636522092,1.22511533024416,1.20546522563214,1.26809403314185,4.03906545460338,2.52136668846304,-0.546339263170208,0.346528558480102,1.93675549056781,3.90020563052376,2.40609447539915,2.3480282390685,0.952814725828709,0.0833446040798202,0.312087917340222,3.49523734719471,3.16357361546748,1.35671829476291,1.708044601032,2.09749641593426,-0.214234975375869,1.87458251562863,1.6366693917093,1.83467323168182,0.134861826082762,1.73366712774575,-0.650208838780825,3.27801227538421,0.657643612584519,-0.0778257211150047
"PT-EAM",0.131358100446627,-0.12028517535854,0.285972805618249,-0.109195374183918,-1.1687699117002,0.292252945383011,0.225801345741067,0.0149633059826285,-0.646762657189355,0.385355770099061,0.458670066687659,-1.39962040943705,-0.32484403988816,2.06771360420917,2.40609447539915,3.07336231927686,1.60400760116014,1.791085474631,-0.604792758552022,-1.3862386379557,1.3503074334893,0.941732943267488,0.384797970165786,0.348317108432421,0.129743772454431,-0.252772395586816,-0.245713862870221,0.76009236682879,0.541497793876195,-0.663465719120489,0.926223970723901,0.454951802625082,3.59615294130188,0.191903401632185,0.0217767583672187
"PT-ZYGI",0.209809790877424,0.377231551457892,1.6706774182367,1.09212759635331,1.24693015212477,1.30859405252066,0.95813837463412,0.852171729805905,1.16819600916143,2.14447444777313,1.08739106586795,-0.0185860527072518,0.221570736918834,1.02501776149117,2.3480282390685,1.60400760116014,2.41461738782815,0.620044921521596,0.347967222825109,0.712024140682651,2.17624847740856,1.23858629134169,0.758701491585463,1.42476833503809,0.943497135683045,-0.235551793714614,0.93614373244747,1.12890472630445,1.65985265319998,0.170104151141055,0.700226516269018,-0.341002727579261,2.13761233314594,0.000741316193853235,0.0952051748330607
"PT-TSP",0.0411419720084878,-0.383816442792871,-1.13872070922725,-0.629864310204337,-1.86132788877546,-0.827438260082671,0.206264557913464,-0.116723863638917,-1.09533915468941,-1.409377053751,-0.59007072346514,-1.06138414034965,-0.428754380463234,1.07357461428382,0.952814725828709,1.791085474631,0.620044921521596,1.90132119164715,-0.920703107148324,-1.43647064225985,0.0306407213088873,0.37975186361306,-0.110956326075089,-0.463880766726158,-0.265410002601199,-0.245581883140487,-0.62067268864979,-0.0525291189796492,-0.415274850870083,-0.872252495646938,0.785896096810457,0.421512878908346,2.31227872064712,-0.108463758948318,0.0985801217279454
"ZS-ZI",-0.0456137206167432,0.913129337101623,1.67788310674972,0.698106923588149,5.98152222724681,1.6828402977611,0.254597518512739,-0.886543487838995,4.07944883207392,0.348527130021078,0.610316306525005,0.980497103047115,0.300143461533351,-0.769151436023488,0.0833446040798202,-0.604792758552022,0.347967222825109,-0.920703107148324,4.8708456168141,3.85016776552243,-3.18103128532791,-2.93406479016367,0.533291377515145,0.755454980798648,0.412227104058135,0.382900138458753,0.658311643240242,0.949052164914281,0.885917955842519,1.85312021864427,-0.856684735058342,1.21568353851285,-0.397324252606925,-0.553015040701262,-0.324862898942623
"ZI-MT",-0.00951803975186378,1.35393111906068,2.27229032080642,1.46348372335129,6.04017018254223,1.92565698575325,0.538043297389106,-0.178835153145211,3.79136366556019,1.60590865493375,0.79332254874715,1.76581769923517,0.765445200419839,-1.22652471261939,0.312087917340222,-1.3862386379557,0.712024140682651,-1.43647064225985,3.85016776552243,4.7751072528576,-1.45491815717558,-1.33035167890766,0.563810622545061,1.63621142261472,1.10645988034971,0.106330609086205,1.57509739333203,1.35803573688413,1.45157968951506,1.69307511322271,-0.506189484868091,0.222159778008299,-1.10621912892488,-0.247395020859371,-0.2648919489569
"ZI-ZYGI",0.287202549389267,0.328608581317775,4.4048417887067,2.38260798323824,-1.49959296255941,2.44660674545802,1.37035762716743,2.21563652796161,-1.11340019114081,6.87819909803621,3.54564865444892,-0.202502733125046,0.620951694754715,1.4948275153715,3.49523734719471,1.3503074334893,2.17624847740856,0.0306407213088873,-3.18103128532791,-1.45491815717558,9.02207861254369,7.21157693273932,1.37904470063277,2.00793024169439,2.8407574514427,-0.585557749127038,2.32681426885595,-0.0068328078176758,1.64797252505335,-0.483073344477535,1.47859891206205,-2.53199130324306,1.31612360645685,1.1122217759075,0.163604259543663
"ZI-TSP",0.296382492676582,0.800149704384939,4.861465327772,2.63232297127846,-0.714168964540975,2.5225260501984,1.17472032860647,2.44068533434444,-0.597914184610053,7.07362612506443,3.866763493483,-0.503123216466738,0.562377909767382,1.20800658733373,3.16357361546748,0.941732943267488,1.23858629134169,0.37975186361306,-2.93406479016367,-1.33035167890766,7.21157693273932,8.25265380011615,1.60074826127499,1.76781573731759,3.23523644731138,-0.323132482458814,2.47003652263285,1.40723048928974,1.61265743674706,0.0722473897595871,2.21905406530064,-2.1815412914422,1.07990010560287,1.55407160932957,0.15386133679922
"MT-PNS",0.238370658941752,0.389327931783561,2.59159897465459,1.23634776436819,1.89679132323735,1.23289801127452,0.745680107130256,1.14089060745203,1.6664808289959,2.72602689280545,1.71561958962411,0.340604991929898,0.503965104266347,0.326200230510634,1.35671829476291,0.384797970165786,0.758701491585463,-0.110956326075089,0.533291377515145,0.563810622545061,1.37904470063277,1.60074826127499,1.62398419293055,0.872650255808116,1.25834434941183,0.165167749768957,1.23522842252513,0.924780023548306,0.964027951674337,0.673856258990108,1.00366462981004,-0.382214232833924,0.691736367533577,0.444839877658931,0.154162314881477
"PNS-APET",0.113972494130933,0.918596383447522,2.5604268285537,2.0003706724298,3.16380152170173,2.25127824827289,0.196696528033065,1.09702971910054,1.91592514886361,5.47008520962974,1.20794963011377,0.698957648168236,-0.0577133738089902,-0.00713236520096596,1.708044601032,0.348317108432421,1.42476833503809,-0.463880766726158,0.755454980798648,1.63621142261472,2.00793024169439,1.76781573731759,0.872650255808116,3.38958027372007,1.23744487393779,-0.260971393300331,1.52683986922573,1.93352461124524,1.63639993150347,0.897666159722312,-0.982255484629385,-0.694273298831959,0.587093838382124,0.165384000079989,-0.0600026359818531
"APET-BA",0.204674655399506,0.79418344496169,3.47645720170096,1.73061237512054,2.29714782048573,1.97116036004316,1.1104334303855,1.19331208492527,1.60951939987668,4.37886819135812,2.3914225031824,0.403699800041842,0.375589559629384,0.0346733721522965,2.09749641593426,0.129743772454431,0.943497135683045,-0.265410002601199,0.412227104058135,1.10645988034971,2.8407574514427,3.23523644731138,1.25834434941183,1.23744487393779,2.71712566104158,0.0462664170056045,2.14889747943357,0.91748636712972,1.29397670673842,0.83085216430744,0.354100040166955,-0.905407692436011,0.370525484180846,0.708749743209605,-0.187854250841362
"APET-TS",-0.0515868058710569,-0.0792337454523286,-0.109228474849741,0.00849409011560774,0.41550025041245,0.0148680263046276,-0.0733643565044556,-0.0206412853164564,0.39165698873036,0.247844880549198,-0.0057332606723091,-0.0629700710067094,-0.0691097625805147,-0.0816440263736653,-0.214234975375869,-0.252772395586816,-0.235551793714614,-0.245581883140487,0.382900138458753,0.106330609086205,-0.585557749127038,-0.323132482458814,0.165167749768957,-0.260971393300331,0.0462664170056045,0.680461882956006,0.0551039240346457,0.185182548392241,0.11159187542492,0.437019590189373,-0.564583063343124,0.294307481133577,-0.531609087621915,0.0199368174315153,-0.136150162477381
"BA-EAM",0.211557195748439,0.928334172501936,3.58935413604361,1.85796317843616,2.85373677546301,2.19779036015567,1.07342600777084,1.28681713208495,1.98136553870732,4.07047215525776,2.17796293593431,0.722571446903494,0.624273738444182,0.0624055723391096,1.87458251562863,-0.245713862870221,0.93614373244747,-0.62067268864979,0.658311643240242,1.57509739333203,2.32681426885595,2.47003652263285,1.23522842252513,1.52683986922573,2.14889747943357,0.0551039240346457,2.23222216422177,1.10382463159268,1.4053739187526,0.800663144166916,0.82250311343464,-1.0836792753311,0.15779766934937,0.556003147556042,-0.0884895416195549
"EAM-ZYGI",0.16759427600747,1.0629452894896,2.69584174412262,1.64222961188708,2.9610504463668,2.07897364790861,0.0513567716227162,0.87714137045708,1.9159404915837,3.71697937955882,1.44722633978609,0.222902184379767,0.318049642102276,0.448998242406497,1.6366693917093,0.76009236682879,1.12890472630445,-0.0525291189796492,0.949052164914281,1.35803573688413,-0.0068328078176758,1.40723048928974,0.924780023548306,1.93352461124524,0.91748636712972,0.185182548392241,1.10382463159268,3.49044977070327,1.97476637709821,0.998350268147448,0.54583449930273,0.171163259497115,1.25984170407313,0.5551316700296,-0.0507794654712844
"ZYGI-TSP",0.190845829034265,0.768207566741426,2.63648518579985,1.52774297459971,2.48099087242938,1.89325641005253,0.58803715626649,0.936007569323117,1.84568790065061,3.46640947471555,1.71940547316473,0.388940783676691,0.475707565003222,0.458223982438059,1.83467323168182,0.541497793876195,1.65985265319998,-0.415274850870083,0.885917955842519,1.45157968951506,1.64797252505335,1.61265743674706,0.964027951674337,1.63639993150347,1.29397670673842,0.11159187542492,1.4053739187526,1.97476637709821,2.03892398566549,0.775775717281776,0.570826664231787,-0.359223243716804,0.867235802078375,0.402403887203705,-0.0225667935880007
"LD-AS",-0.0568395040268395,0.670502358656335,2.10560688605116,1.3150399933378,3.41626482510289,1.62757920238744,0.417460174346934,0.337346751093791,2.24672766122287,2.1878796992023,1.0295440686516,0.762222059148383,0.52454637788619,-0.451947388462234,0.134861826082762,-0.663465719120489,0.170104151141055,-0.872252495646938,1.85312021864427,1.69307511322271,-0.483073344477535,0.0722473897595871,0.673856258990108,0.897666159722312,0.83085216430744,0.437019590189373,0.800663144166916,0.998350268147448,0.775775717281776,2.74961469052981,-1.3267306030737,0.482104047540807,-1.12787956755385,-0.0303069300005921,-0.11010826524487
"BR-LD",0.272125315714597,0.470747586354709,2.31711643262033,0.47622416887784,-0.621994891196791,0.594033245311257,1.24333329371685,1.14681273184566,0.188798850649034,-2.67018617141508,1.79228188367926,-0.582964518507945,2.04759032415393,1.78025846882385,1.73366712774575,0.926223970723901,0.700226516269018,0.785896096810457,-0.856684735058342,-0.506189484868091,1.47859891206205,2.21905406530064,1.00366462981004,-0.982255484629385,0.354100040166955,-0.564583063343124,0.82250311343464,0.54583449930273,0.570826664231787,-1.3267306030737,8.37698369804907,-1.43514155493998,2.42289844181377,0.741405851554657,0.30378966757186
"OPI-LD",-0.153815451269429,-0.232866604854198,-1.39109484068339,-0.815861567531914,0.322143789971745,-0.686263642671898,-0.57007709270879,-1.13329618224927,0.108229237828719,-2.35334541898394,-0.899469606268493,-0.290227846317552,-0.201055729441387,-0.0170892400744565,-0.650208838780825,0.454951802625082,-0.341002727579261,0.421512878908346,1.21568353851285,0.222159778008299,-2.53199130324306,-2.1815412914422,-0.382214232833924,-0.694273298831959,-0.905407692436011,0.294307481133577,-1.0836792753311,0.171163259497115,-0.359223243716804,0.482104047540807,-1.43514155493998,2.14669668818278,0.421331566640781,-0.37209345403926,-0.0619126785950607
"PT-AS",0.277100644612059,0.0337925021354799,0.777474091420639,-0.0265139488177596,-0.810216749995203,0.389455712684725,0.806176821304104,0.228141258369877,-0.221445458471222,0.22760978074316,0.523272979516795,-1.31047122511387,-0.0510934094122928,2.49608938791966,3.27801227538421,3.59615294130188,2.13761233314594,2.31227872064712,-0.397324252606925,-1.10621912892488,1.31612360645685,1.07990010560287,0.691736367533577,0.587093838382124,0.370525484180846,-0.531609087621915,0.15779766934937,1.25984170407313,0.867235802078375,-1.12787956755385,2.42289844181377,0.421331566640781,5.21901357184333,0.193640533133034,0.0462024137424963
"JP-AS",0.0726161496534,0.174713893488342,0.915373052147496,0.316820143169881,-0.254177888134329,0.248543672659563,-0.16395111051873,0.287424125149428,-0.287110607562644,1.59247318247401,0.904137835307498,0.00291384029701497,0.333097956133723,0.349707257507543,0.657643612584519,0.191903401632185,0.000741316193853235,-0.108463758948318,-0.553015040701262,-0.247395020859371,1.1122217759075,1.55407160932957,0.444839877658931,0.165384000079989,0.708749743209605,0.0199368174315153,0.556003147556042,0.5551316700296,0.402403887203705,-0.0303069300005921,0.741405851554657,-0.37209345403926,0.193640533133034,0.908732880672064,0.0242098315072343
"BA-OPI",0.0437255762428222,-0.134813974492393,0.0997282077166534,0.0857948130464108,-0.236327457058621,-0.0842115780455829,0.184669501519658,0.298525110571846,-0.0529813490564006,-0.221953622678085,-0.000835955933643884,0.0766434328316367,0.101413092661359,0.0381962236210793,-0.0778257211150047,0.0217767583672187,0.0952051748330607,0.0985801217279454,-0.324862898942623,-0.2648919489569,0.163604259543663,0.15386133679922,0.154162314881477,-0.0600026359818531,-0.187854250841362,-0.136150162477381,-0.0884895416195549,-0.0507794654712844,-0.0225667935880007,-0.11010826524487,0.30378966757186,-0.0619126785950607,0.0462024137424963,0.0242098315072343,0.313556902122517
