"","IS-PM","IS-NLE","IS-PNS","PM-ZS","PM-ZI","PM-MT","NLE-NON","NLE-ZS","NLE-ZI","NON-BR","NON-PNS","BR-PT","BR-APET","PT-APET","PT-BA","PT-EAM","PT-ZYGI","PT-TSP","ZS-ZI","ZI-MT","ZI-ZYGI","ZI-TSP","MT-PNS","PNS-APET","APET-BA","APET-TS","BA-EAM","EAM-ZYGI","ZYGI-TSP","LD-AS","BR-LD","OPI-LD","PT-AS","JP-AS","BA-OPI"
"IS-PM",7.04896928990528,3.30540594561005,5.24765517048908,-0.763964809767788,-3.53065106155229,1.21758406326363,0.266712585358892,2.76568892008501,1.26909597960663,8.29473864218862,1.57124594641057,5.53541488698689,2.48558471424012,-1.60907171160621,-1.45253296170022,-1.28520182726427,-0.44847876847516,-0.823229455114395,-0.645509158761165,5.34477451693889,2.74163577255272,3.15770002196456,0.0442174753605291,4.40496004925189,-1.7915696051646,0.89365230546634,0.72983910044132,1.07032434542532,0.513931390646696,3.32750270847401,-1.69051029738773,2.20940631466352,-0.114099761879935,0.617591397340452,0.999127956719573
"IS-NLE",3.30540594561005,11.7714502051169,9.37226065736497,6.91088033257503,5.75813387402174,8.21125668484292,2.10988552036851,9.74982456648912,11.5674408906709,10.481597033586,8.85265752498026,0.396271632494054,6.59123162252411,4.02218716277457,6.37167421050926,4.49861664518483,10.0518536317791,-0.246608632708546,2.73719616171677,6.62123424111275,7.58273014392752,11.4178092969318,1.28890171229002,7.30674505532242,4.86232363028829,0.498607164192553,9.2557071454768,4.85491507463112,10.4883785333571,5.34202847539338,14.4079369734879,-1.14340618477451,-1.72774542274234,4.87894173205596,3.5845977365331
"IS-PNS",5.24765517048908,9.37226065736497,28.3566480133616,4.74336406489039,5.79635896600213,18.559926596252,10.4587476640872,6.18323906739311,11.6145902436206,9.16738025155014,19.2408985219759,3.53293902464222,5.9652270337048,3.41922396379606,8.17687147764138,6.88298854628051,12.5767089304502,1.10595656013613,6.11310381508518,14.0426015580691,13.137560178753,14.9254283697754,2.88609031360158,-3.54775149559512,5.13316166527401,-1.63978388380004,6.7738636135637,6.08789729063733,12.1968523569643,7.35849742824427,11.4889315671806,-0.984156584585691,2.89130134929554,3.05185690966593,3.90772328830353
"PM-ZS",-0.763964809767788,6.91088033257503,4.74336406489039,9.61503385871349,8.5219023905758,9.53919399814373,2.86961439995095,7.79379351054186,8.2582508032204,2.94737013803817,4.40542625750521,-1.19575151488444,3.35500656805188,2.21018425861749,4.6103972192039,2.99907908610031,7.64873056810235,-0.294612290623375,0.913576646795025,2.73936761889838,4.69409609231856,6.71774942327178,0.0486645038094311,3.98968078629668,5.26398358055839,-0.326526686724497,6.1915756949813,3.00746919156686,7.3944901009493,4.71889094020737,14.3082599546175,-1.9503198370807,-0.0624236049803728,2.0800160631099,3.32471158736638
"PM-ZI",-3.53065106155229,5.75813387402174,5.79635896600213,8.5219023905758,16.5367068067401,12.3907524638005,4.53275429610432,5.87561784709865,13.7823578686639,-1.33200588599289,5.50100047936398,-3.43176417644331,2.42537339318432,2.54318797351351,6.57550260267931,3.02992955575972,7.92758386282647,0.0627691852683737,5.25339959981397,0.916786882957966,0.276349953913069,4.33753754195311,0.696260890787218,0.195525136342457,8.76374020042394,-1.24621863210002,7.9859717654136,3.80768730905207,7.6784131025748,2.72950766941271,17.5184083741054,-3.78596582047097,-1.00693404053328,3.22152787508476,1.98361723037369
"PM-MT",1.21758406326363,8.21125668484292,18.559926596252,9.53919399814373,12.3907524638005,24.0480989853222,9.62757492790229,7.34100822680957,12.2403582551555,0.200812894624515,11.031884271319,-1.33691169035897,4.30623474190854,3.08459638517536,9.41507473262058,6.27477276183197,12.6937697207677,1.57463047455418,4.413449691758,12.8215303271893,10.7843482124756,13.8880752060385,-0.35331854093666,0.387688638266012,9.44838814772967,-2.30659220964004,7.6899127229894,5.1174865307648,11.7840036948911,7.45215779531236,21.5683829199127,-3.17900940244933,4.15006524893484,1.86999733590395,4.36108247375344
"NLE-NON",0.266712585358892,2.10988552036851,10.4587476640872,2.86961439995095,4.53275429610432,9.62757492790229,17.529045610633,2.72679196189631,6.76831687818974,-9.32659544371455,4.19743102578917,0.695400153316847,3.20551745772721,3.43378164095937,3.95373446908899,6.24203313762931,8.74566741137546,3.11793727760274,3.95077273678822,3.84962289840482,6.44108737413482,5.77297833562596,1.18749940903455,-4.04732508965085,2.77407801127795,-1.89312079201412,1.52362766222204,3.5705064709864,6.86254199635352,5.51022514812951,2.04360630990652,0.162513860414521,4.84143829904249,-0.763403220004674,1.16503322417137
"NLE-ZS",2.76568892008501,9.74982456648912,6.18323906739311,7.79379351054186,5.87561784709865,7.34100822680957,2.72679196189631,15.2387489641785,12.3915236240912,10.4164882310992,7.60140318067987,1.36887501423489,6.16117580377099,3.48503208357784,3.6407879509697,2.72725063525542,9.59607463768087,-1.83318577402936,-0.494255905379258,4.26289139952464,7.03747811659,9.95490746461938,1.20491372822945,8.46143930381285,2.41855422807012,1.82892713107474,9.12441945482308,4.23765284549822,10.9099167246555,6.8549103233134,15.8445928892324,-0.502959975852654,-2.69239838451022,4.69891184411226,5.76591083846182
"NLE-ZI",1.26909597960663,11.5674408906709,11.6145902436206,8.2582508032204,13.7823578686639,12.2403582551555,6.76831687818974,12.3915236240912,20.0401682409513,8.83074095644931,12.051029482597,0.458198893483314,7.06806301528236,4.20267005987681,8.08560630878493,4.85778620141884,12.3632682986492,-0.374775088844857,6.26921600800941,5.14606582115197,4.86369932133851,11.4333918942264,2.58416612946511,3.58480981150786,8.87379669148494,-0.0926438297963331,12.477833102398,6.50538906813015,12.9460571257779,6.17479844685093,20.6377053262015,-2.83818791724274,-1.88252210906156,6.10356802863189,3.82797678822131
"NON-BR",8.29473864218862,10.481597033586,9.16738025155014,2.94737013803817,-1.33200588599289,0.200812894624515,-9.32659544371455,10.4164882310992,8.83074095644931,52.2669363109005,13.72989887707,7.45849893606228,1.89619034239377,-0.209116230856328,4.68763203883504,1.02174772596917,2.11572412797133,-3.30259504086563,-0.66377013527479,6.5119017217337,7.92875439553907,10.7963555357213,-0.453361589807324,11.6335746146537,2.30554202180185,1.86903985598668,8.37096293794214,1.84647732998165,3.68607535216568,3.73266507837533,5.82254367071369,-0.726902913016219,-3.48917342996296,5.12114844815191,2.62652343474791
"NON-PNS",1.57124594641057,8.85265752498026,19.2408985219759,4.40542625750521,5.50100047936398,11.031884271319,4.19743102578917,7.60140318067987,12.051029482597,13.72989887707,21.2233383475906,1.40715748352948,6.34094823044601,4.22777637941522,7.74242917162208,5.91366185982624,11.3686032174913,-0.385344313501465,5.17207874167661,7.99989944887435,9.12274907067146,12.5407817611483,3.35073601419099,-2.65765109448698,4.76712800732887,-1.03693381159309,8.12160647173988,5.44003768411185,11.6418298549091,3.87816459706104,16.7665077149915,-2.66006127725672,0.781383496800001,6.38678923065533,3.9898158806609
"BR-PT",5.53541488698689,0.396271632494054,3.53293902464222,-1.19575151488444,-3.43176417644331,-1.33691169035897,0.695400153316847,1.36887501423489,0.458198893483314,7.45849893606228,1.40715748352948,12.172531246624,2.97921942401396,-5.67730530069364,-6.04490517924234,-6.4754438648694,-6.67516520775252,-3.04982621712797,-0.665114401649714,0.928857604588996,-0.583259244690968,-3.03642372562727,0.691954245078512,0.455249585636787,-3.34513857639378,0.661566696399782,-1.53647242385504,-1.26027338086541,-4.5823871044876,4.97265531677924,-9.02445452912894,2.19560384928652,-0.511413343352065,-0.964356311555449,0.206975499561514
"BR-APET",2.48558471424012,6.59123162252411,5.9652270337048,3.35500656805188,2.42537339318432,4.30623474190854,3.20551745772721,6.16117580377099,7.06806301528236,1.89619034239377,6.34094823044601,2.97921942401396,11.1926718653142,3.17444872990023,1.73318690247155,0.700653196593308,5.99485593130947,-1.0375006747707,2.06693798613764,3.57543610821592,3.87204405421874,8.83988090146845,1.57276537670362,7.44664491585523,0.0141568858223754,1.59936813014321,6.47717664393404,2.82210270163442,7.74784140517413,5.5729319055431,6.98909281720581,3.02579056263871,-0.456287052503267,4.66400546491144,1.52609908369913
"PT-APET",-1.60907171160621,4.02218716277457,3.41922396379606,2.21018425861749,2.54318797351351,3.08459638517536,3.43378164095937,3.48503208357784,4.20267005987681,-0.209116230856328,4.22777637941522,-5.67730530069364,3.17444872990023,8.0132048067306,6.65659677493677,7.7761381730313,9.93691826455873,2.90032999216187,2.3325877344694,2.20362044276333,4.37826981223493,6.39432748928393,0.979743092232014,2.84097780639352,0.554210095866965,-0.130203447417261,3.59751715678011,2.46842696979464,8.05324225861929,-0.179976807792483,5.86776766159928,-0.370545018148453,2.85671357543283,2.88548703845863,2.36825382006937
"PT-BA",-1.45253296170022,6.37167421050926,8.17687147764138,4.6103972192039,6.57550260267931,9.41507473262058,3.95373446908899,3.6407879509697,8.08560630878493,4.68763203883504,7.74242917162208,-6.04490517924234,1.73318690247155,6.65659677493677,16.0479028832181,10.4991479456255,11.3716429863895,3.27469716436468,5.47709353386472,5.66192939323037,6.71755725290055,8.43713596955404,0.976605777007381,1.96184630932142,11.5128081004474,-1.2353739360905,9.66306741168207,3.4516341080796,8.47047444028486,-0.679391600614984,16.7548559539124,-4.09575329204413,7.05173821020921,4.62909099570529,2.80692239463182
"PT-EAM",-1.28520182726427,4.49861664518483,6.88298854628051,2.99907908610031,3.02992955575972,6.27477276183197,6.24203313762931,2.72725063525542,4.85778620141884,1.02174772596917,5.91366185982624,-6.4754438648694,0.700653196593308,7.7761381730313,10.4991479456255,14.4562353268738,14.5579590602866,6.26085991462459,2.64271325472081,4.74270785792358,5.59704110587217,5.16399728250169,0.731844659786699,-1.2663942474183,2.89117472059597,-2.68391990943163,2.13494830711658,3.60613049271346,9.78768267839311,1.08671706626645,7.74701611670049,-3.5660842236501,8.89586081789106,0.8798268577983,3.02172029139804
"PT-ZYGI",-0.44847876847516,10.0518536317791,12.5767089304502,7.64873056810235,7.92758386282647,12.6937697207677,8.74566741137546,9.59607463768087,12.3632682986492,2.11572412797133,11.3686032174913,-6.67516520775252,5.99485593130947,9.93691826455873,11.3716429863895,14.5579590602866,23.7126620725838,4.26425163381529,4.07976094119921,8.02188262245195,11.2346338301628,14.1979205930296,1.58294658781519,2.87234018166475,4.75791361594255,-2.01416180441637,7.4827431073832,7.44035987667931,20.3693460542737,6.65188520896935,20.6862835633767,-3.9495750994198,4.92699664178607,3.60766539454517,6.08844978659556
"PT-TSP",-0.823229455114395,-0.246608632708546,1.10595656013613,-0.294612290623375,0.0627691852683737,1.57463047455418,3.11793727760274,-1.83318577402936,-0.374775088844857,-3.30259504086563,-0.385344313501465,-3.04982621712797,-1.0375006747707,2.90032999216187,3.27469716436468,6.26085991462459,4.26425163381529,7.36645575657445,0.946262257357012,1.29466566484966,-0.3302843552273,2.20155257901342,0.155288484530006,-3.14349625686702,0.551129140510444,-1.66635920009109,-2.19283335552335,1.07427029943683,0.258573454817094,1.05859706943239,-3.39077339894556,-1.35340287144074,5.24082253400574,-3.1660298316544,0.00156158736666146
"ZS-ZI",-0.645509158761165,2.73719616171677,6.11310381508518,0.913576646795025,5.25339959981397,4.413449691758,3.95077273678822,-0.494255905379258,6.26921600800941,-0.66377013527479,5.17207874167661,-0.665114401649714,2.06693798613764,2.3325877344694,5.47709353386472,2.64271325472081,4.07976094119921,0.946262257357012,6.4833868573921,1.5302858432978,0.457163011973205,2.3544871585548,1.57468165445528,-1.86078175981094,4.69478233056285,-0.442069779498273,4.38006170385524,2.43594935036889,3.31190033596307,-0.437934381642591,4.54667826783628,-2.5651596395147,2.15403596882323,2.49607854580094,0.743033442608003
"ZI-MT",5.34477451693889,6.62123424111275,14.0426015580691,2.73936761889838,0.916786882957966,12.8215303271893,3.84962289840482,4.26289139952464,5.14606582115197,6.5119017217337,7.99989944887435,0.928857604588996,3.57543610821592,2.20362044276333,5.66192939323037,4.74270785792358,8.02188262245195,1.29466566484966,1.5302858432978,13.2190871021085,9.42714868708921,12.0687896070693,-0.356148323443507,2.57594422069909,3.57927306629169,-0.978896433272771,4.39842923166272,3.79711126605045,7.93323451374272,5.29002996052919,10.6929905584477,-0.0518815135911111,2.65344681957193,0.477200892957735,2.59688418196571
"ZI-ZYGI",2.74163577255272,7.58273014392752,13.137560178753,4.69409609231856,0.276349953913069,10.7843482124756,6.44108737413482,7.03747811659,4.86369932133851,7.92875439553907,9.12274907067146,-0.583259244690968,3.87204405421874,4.37826981223493,6.71755725290055,5.59704110587217,11.2346338301628,-0.3302843552273,0.457163011973205,9.42714868708921,18.9004474452453,17.6630135833941,0.855056807772577,5.86245169079423,5.00239590393549,-0.578426907961331,4.69840884216383,4.05905003776853,11.3414104374154,2.57855200618042,17.808070955094,-1.40823127186173,1.61007641836985,3.42822186205352,2.41954855540101
"ZI-TSP",3.15770002196456,11.4178092969318,14.9254283697754,6.71774942327178,4.33753754195311,13.8880752060385,5.77297833562596,9.95490746461938,11.4333918942264,10.7963555357213,12.5407817611483,-3.03642372562727,8.83988090146845,6.39432748928393,8.43713596955404,5.16399728250169,14.1979205930296,2.20155257901342,2.3544871585548,12.0687896070693,17.6630135833941,30.5534440932668,2.00397542614635,9.24315213695605,8.80887386497349,0.655618688636639,10.6454194997181,7.97702878292464,15.386768571754,5.11830778884397,27.1182747285305,-0.937085220220766,-2.49041152990121,4.0240880675011,2.57545563322019
"MT-PNS",0.0442174753605291,1.28890171229002,2.88609031360158,0.0486645038094311,0.696260890787218,-0.35331854093666,1.18749940903455,1.20491372822945,2.58416612946511,-0.453361589807324,3.35073601419099,0.691954245078512,1.57276537670362,0.979743092232014,0.976605777007381,0.731844659786699,1.58294658781519,0.155288484530006,1.57468165445528,-0.356148323443507,0.855056807772577,2.00397542614635,2.92804787272455,-0.772841536590074,0.716445712097521,0.359359669922089,1.27159667366908,1.47234787359451,1.67335121134854,-0.875214611571952,3.37531742006591,-1.32255724710234,0.635306456334701,0.98436206376443,0.15257468289775
"PNS-APET",4.40496004925189,7.30674505532242,-3.54775149559512,3.98968078629668,0.195525136342457,0.387688638266012,-4.04732508965085,8.46143930381285,3.58480981150786,11.6335746146537,-2.65765109448698,0.455249585636787,7.44664491585523,2.84097780639352,1.96184630932142,-1.2663942474183,2.87234018166475,-3.14349625686702,-1.86078175981094,2.57594422069909,5.86245169079423,9.24315213695605,-0.772841536590074,20.6586306013055,-0.0390326960327279,4.30269649089014,7.72187346377435,1.23935088048986,5.43707362480423,1.50864486497611,9.04262852548779,1.33418005176127,-2.41124369625576,4.80978288671966,3.0368927714034
"APET-BA",-1.7915696051646,4.86232363028829,5.13316166527401,5.26398358055839,8.76374020042394,9.44838814772967,2.77407801127795,2.41855422807012,8.87379669148494,2.30554202180185,4.76712800732887,-3.34513857639378,0.0141568858223754,0.554210095866965,11.5128081004474,2.89117472059597,4.75791361594255,0.551129140510444,4.69478233056285,3.57927306629169,5.00239590393549,8.80887386497349,0.716445712097521,-0.0390326960327279,16.6904741399542,-1.10002510647464,10.2198952586647,3.28569586738244,4.37762406677255,-0.0602696763990679,18.7710257908087,-2.95104339014135,1.18217948443839,3.51009091944951,-1.98013003866113
"APET-TS",0.89365230546634,0.498607164192553,-1.63978388380004,-0.326526686724497,-1.24621863210002,-2.30659220964004,-1.89312079201412,1.82892713107474,-0.0926438297963331,1.86903985598668,-1.03693381159309,0.661566696399782,1.59936813014321,-0.130203447417261,-1.2353739360905,-2.68391990943163,-2.01416180441637,-1.66635920009109,-0.442069779498273,-0.978896433272771,-0.578426907961331,0.655618688636639,0.359359669922089,4.30269649089014,-1.10002510647464,3.21926602183253,1.9776992861112,-0.0550609082506925,-0.649509533860544,-0.707062123947007,-1.62033857356009,1.4953798159859,-1.75887121724242,1.12122712533645,0.0438465448188214
"BA-EAM",0.72983910044132,9.2557071454768,6.7738636135637,6.1915756949813,7.9859717654136,7.6899127229894,1.52362766222204,9.12441945482308,12.477833102398,8.37096293794214,8.12160647173988,-1.53647242385504,6.47717664393404,3.59751715678011,9.66306741168207,2.13494830711658,7.4827431073832,-2.19283335552335,4.38006170385524,4.39842923166272,4.69840884216383,10.6454194997181,1.27159667366908,7.72187346377435,10.2198952586647,1.9776992861112,15.1286053166074,3.88493127049346,9.35788555661575,2.43233931363356,17.1539011962662,-0.978121463865342,-2.74487250634171,6.95085697290944,2.64174319585011
"EAM-ZYGI",1.07032434542532,4.85491507463112,6.08789729063733,3.00746919156686,3.80768730905207,5.1174865307648,3.5705064709864,4.23765284549822,6.50538906813015,1.84647732998165,5.44003768411185,-1.26027338086541,2.82210270163442,2.46842696979464,3.4516341080796,3.60613049271346,7.44035987667931,1.07427029943683,2.43594935036889,3.79711126605045,4.05905003776853,7.97702878292464,1.47234787359451,1.23935088048986,3.28569586738244,-0.0550609082506925,3.88493127049346,5.43472514093244,7.43021379269291,3.33241844349663,11.13795663594,-1.96262857988783,0.0530066466133921,0.635734362795918,1.48926833046097
"ZYGI-TSP",0.513931390646696,10.4883785333571,12.1968523569643,7.3944901009493,7.6784131025748,11.7840036948911,6.86254199635352,10.9099167246555,12.9460571257779,3.68607535216568,11.6418298549091,-4.5823871044876,7.74784140517413,8.05324225861929,8.47047444028486,9.78768267839311,20.3693460542737,0.258573454817094,3.31190033596307,7.93323451374272,11.3414104374154,15.386768571754,1.67335121134854,5.43707362480423,4.37762406677255,-0.649509533860544,9.35788555661575,7.43021379269291,20.1302986555412,6.85692272789142,22.4806023153124,-2.25204062417052,0.142273226969733,4.96909883332581,5.38259734920198
"LD-AS",3.32750270847401,5.34202847539338,7.35849742824427,4.71889094020737,2.72950766941271,7.45215779531236,5.51022514812951,6.8549103233134,6.17479844685093,3.73266507837533,3.87816459706104,4.97265531677924,5.5729319055431,-0.179976807792483,-0.679391600614984,1.08671706626645,6.65188520896935,1.05859706943239,-0.437934381642591,5.29002996052919,2.57855200618042,5.11830778884397,-0.875214611571952,1.50864486497611,-0.0602696763990679,-0.707062123947007,2.43233931363356,3.33241844349663,6.85692272789142,16.6598564310219,-1.27068393098431,3.72611454374855,-1.9919185047349,-2.96269166453309,3.10374161952697
"BR-LD",-1.69051029738773,14.4079369734879,11.4889315671806,14.3082599546175,17.5184083741054,21.5683829199127,2.04360630990652,15.8445928892324,20.6377053262015,5.82254367071369,16.7665077149915,-9.02445452912894,6.98909281720581,5.86776766159928,16.7548559539124,7.74701611670049,20.6862835633767,-3.39077339894556,4.54667826783628,10.6929905584477,17.808070955094,27.1182747285305,3.37531742006591,9.04262852548779,18.7710257908087,-1.62033857356009,17.1539011962662,11.13795663594,22.4806023153124,-1.27068393098431,75.4366482575839,-11.872166544125,2.70738300470842,11.0616277827874,7.04457977906228
"OPI-LD",2.20940631466352,-1.14340618477451,-0.984156584585691,-1.9503198370807,-3.78596582047097,-3.17900940244933,0.162513860414521,-0.502959975852654,-2.83818791724274,-0.726902913016219,-2.66006127725672,2.19560384928652,3.02579056263871,-0.370545018148453,-4.09575329204413,-3.5660842236501,-3.9495750994198,-1.35340287144074,-2.5651596395147,-0.0518815135911111,-1.40823127186173,-0.937085220220766,-1.32255724710234,1.33418005176127,-2.95104339014135,1.4953798159859,-0.978121463865342,-1.96262857988783,-2.25204062417052,3.72611454374855,-11.872166544125,11.0177962308879,-3.05173630555818,0.896054820163259,-5.14138302827727
"PT-AS",-0.114099761879935,-1.72774542274234,2.89130134929554,-0.0624236049803728,-1.00693404053328,4.15006524893484,4.84143829904249,-2.69239838451022,-1.88252210906156,-3.48917342996296,0.781383496800001,-0.511413343352065,-0.456287052503267,2.85671357543283,7.05173821020921,8.89586081789106,4.92699664178607,5.24082253400574,2.15403596882323,2.65344681957193,1.61007641836985,-2.49041152990121,0.635306456334701,-2.41124369625576,1.18217948443839,-1.75887121724242,-2.74487250634171,0.0530066466133921,0.142273226969733,-1.9919185047349,2.70738300470842,-3.05173630555818,17.0839509161469,-0.794254678073342,1.25255773720236
"JP-AS",0.617591397340452,4.87894173205596,3.05185690966593,2.0800160631099,3.22152787508476,1.86999733590395,-0.763403220004674,4.69891184411226,6.10356802863189,5.12114844815191,6.38678923065533,-0.964356311555449,4.66400546491144,2.88548703845863,4.62909099570529,0.8798268577983,3.60766539454517,-3.1660298316544,2.49607854580094,0.477200892957735,3.42822186205352,4.0240880675011,0.98436206376443,4.80978288671966,3.51009091944951,1.12122712533645,6.95085697290944,0.635734362795918,4.96909883332581,-2.96269166453309,11.0616277827874,0.896054820163259,-0.794254678073342,9.50046749268344,0.722034208990106
"BA-OPI",0.999127956719573,3.5845977365331,3.90772328830353,3.32471158736638,1.98361723037369,4.36108247375344,1.16503322417137,5.76591083846182,3.82797678822131,2.62652343474791,3.9898158806609,0.206975499561514,1.52609908369913,2.36825382006937,2.80692239463182,3.02172029139804,6.08844978659556,0.00156158736666146,0.743033442608003,2.59688418196571,2.41954855540101,2.57545563322019,0.15257468289775,3.0368927714034,-1.98013003866113,0.0438465448188214,2.64174319585011,1.48926833046097,5.38259734920198,3.10374161952697,7.04457977906228,-5.14138302827727,1.25255773720236,0.722034208990106,9.84996511032266
