"","IS-PM","IS-NLE","IS-PNS","PM-ZS","PM-ZI","PM-MT","NLE-NON","NLE-ZS","NLE-ZI","NON-BR","NON-PNS","BR-PT","BR-APET","PT-APET","PT-BA","PT-EAM","PT-ZYGI","PT-TSP","ZS-ZI","ZI-MT","ZI-ZYGI","ZI-TSP","MT-PNS","PNS-APET","APET-BA","APET-TS","BA-EAM","EAM-ZYGI","ZYGI-TSP","LD-AS","BR-LD","OPI-LD","PT-AS","JP-AS","BA-OPI"
"IS-PM",0.215258327695256,0.115922474793354,0.343607830019267,-0.0261725126433482,0.03223757232964,0.117867324507179,0.182127536609549,0.0411015361728791,0.184798156511386,0.130009023668994,0.175087774163553,0.0657236010627684,0.0721054566429607,-0.0791483835844543,-0.061555203901616,-0.020499560210172,0.0440422474613765,-0.0562326856012224,0.130508606169157,0.0924351931631407,0.22573684698678,0.320423253355162,0.0529069955232947,0.189288984569457,-0.00626501122142915,0.0187034918096094,0.0641804960629241,0.051259224592564,0.0877203533495633,0.0236937581889228,-0.0707604660334695,0.100117043857935,0.0582607100268354,0.050243544191375,0.0569963305894221
"IS-NLE",0.115922474793354,0.565060439823166,0.268939589865878,0.179094117455318,0.257996244077213,0.136420633328267,-0.194438541183348,0.0874758177323842,0.309058677373881,0.535871193377126,0.308772151384406,0.15840213001151,-0.02617571178941,-0.174557183949837,0.0173892605112416,-0.0607034676030436,0.287320622507877,-0.0324917285574556,0.116348484930349,0.18262623593881,0.344251107275299,0.282264984526184,0.114783411457007,0.301946578758034,0.124821427719638,-0.0477913832524749,0.265404450924691,-0.100363380217476,0.228337918902963,0.0787668585278318,-0.20683656051364,0.0928052217115231,0.14608946482591,0.0104879998480437,0.063277628665449
"IS-PNS",0.343607830019267,0.268939589865878,2.3768507611246,1.1760670776411,1.32085349892986,1.77773806305823,1.53338739126834,1.1418347471245,1.63129491632303,1.32537476232756,1.31901832397685,0.547455084720848,0.595012006000452,-0.134823387593225,0.100456781934052,0.0668352802304229,1.04025719303427,-0.243542826897977,0.756136180690235,0.609584688531954,1.36848237927171,1.25255681071876,0.265509085859309,0.580947306173028,0.264723077157744,0.0271317367406234,0.425042168963921,0.985913627518482,1.31082302349005,0.193421089937527,-0.0233219300106896,0.507217182948457,0.207254952159252,0.285506066670998,0.248458786314709
"PM-ZS",-0.0261725126433482,0.179094117455318,1.1760670776411,1.59680135079183,1.22375277978741,1.37068560939175,0.897369931089887,1.17930800425479,1.21346088293749,1.40106662660155,0.779527913700581,0.460042450434069,0.424344416174169,-0.0914791186317332,0.24398026198697,0.15905664793412,1.33360589440644,0.0128956267012947,0.588971449309465,0.583524429996948,1.0815137552797,0.775881545290434,0.0908204832521902,0.554545532884525,0.443881974413556,0.0136794500103963,0.395207516702784,1.16751125998461,1.47217374003447,0.186861298482016,-0.119564655163743,0.313720747429562,0.0696853367863297,0.143032390885036,0.0781977088689884
"PM-ZI",0.03223757232964,0.257996244077213,1.32085349892986,1.22375277978741,1.56313119079985,1.50001502071261,0.748613493578854,1.02689591428934,1.59065284919947,1.20692179180575,0.9434441164487,0.311334283756278,0.513540876076664,0.0837334924789658,0.373664344520916,0.354513419946275,1.1391088342747,0.0387920000042616,0.80001568944293,0.481562214381387,1.02493118505077,0.729328847565129,0.197917160620058,0.875821943340901,0.318731638820532,0.0403496176519006,0.43855095300599,0.741165048545551,1.16424998561232,0.322006457415961,0.407414074183636,0.421806804203915,0.299875000328803,0.0369679401896994,0.120375086470087
"PM-MT",0.117867324507179,0.136420633328267,1.77773806305823,1.37068560939175,1.50001502071261,1.93485425584165,1.44162062964184,1.14878237991829,1.65044583869449,1.23700767423832,1.10849497204247,0.512632814602025,0.75659494720048,0.110745863025587,0.247927738929539,0.131725875962654,1.2495403834013,-0.131747349652691,0.85378203787414,0.63784817409458,1.40993028453002,1.06798443348721,0.282201674810668,0.770586467564877,0.256011750072673,0.0409822489318424,0.423194642162702,1.0483719846582,1.44975195508097,0.332863844374109,0.152627714423309,0.488318176133868,0.0171890708941257,0.0577845325931909,0.229734386613205
"NLE-NON",0.182127536609549,-0.194438541183348,1.53338739126834,0.897369931089887,0.748613493578854,1.44162062964184,2.79140897092374,0.92259061222093,1.12148575907295,-0.216758358435792,0.529453027944069,0.338350757615961,0.68649291678085,0.250196076808758,0.368907480064264,0.264576080613157,0.888031684088628,-0.178819496333107,0.640506181543814,0.137967882040351,1.26125124476213,0.931591895529744,0.250434135864891,0.584404376734088,0.160249054638389,0.0872933711020494,0.271706046247469,1.33261954934508,1.2101905523617,-0.0246263083446907,0.299306439332575,0.180409874255699,0.251459236013016,0.214993761962691,0.246198922140325
"NLE-ZS",0.0411015361728791,0.0874758177323842,1.1418347471245,1.17930800425479,1.02689591428934,1.14878237991829,0.92259061222093,1.2479979450482,1.22983548870501,1.04479484637765,0.799830252033712,0.393573342008283,0.40825665666849,-0.0818674097851215,0.263083562251275,0.0822125995882497,0.827928383167829,-0.0677629876991802,0.348795911560403,0.484752724524095,0.954965150592407,0.782223828206408,0.117333555877177,0.61159523609616,0.414682808511345,0.0547163231772602,0.359386329747329,0.852928695983231,1.00053646979793,0.0546558124598699,0.27202957755781,0.211731061929623,0.195862257782931,0.250214533586091,0.0848818663573079
"NLE-ZI",0.184798156511386,0.309058677373881,1.63129491632303,1.21346088293749,1.59065284919947,1.65044583869449,1.12148575907295,1.22983548870501,1.9319385594608,1.40719889744473,1.21036273053534,0.415104833307589,0.66410364721573,0.076897925697577,0.382835554099508,0.2918466775603,1.26881862588322,-0.0208736045440176,0.936836762889779,0.598363884698199,1.32786003177172,1.10863979278967,0.312495441869411,0.992525890559191,0.386650664265016,0.0763692192432563,0.544626301301676,0.919444594645729,1.33117866090403,0.346456990709136,0.391498092506101,0.450078502774333,0.278882293072202,0.0581993020531997,0.181828507458977
"NON-BR",0.130009023668994,0.535871193377126,1.32537476232756,1.40106662660155,1.20692179180575,1.23700767423832,-0.216758358435792,1.04479484637765,1.40719889744473,5.39609541945073,1.39838092803621,1.52155516153391,0.628647506081209,-0.479798972244889,-0.258530032166269,-0.339349737991687,1.29315415658854,-0.455232842596193,0.645788042520333,1.14956929526714,1.36025003496298,1.27497914415909,-0.0283631001111205,0.67961179647678,0.439322815620089,-0.147923844881257,0.349777084371356,1.10298907322525,1.69169059811461,0.521353552874067,-1.90800333904718,0.632310988828447,-0.555820847351732,-0.111849055880623,-0.144083591212754
"NON-PNS",0.175087774163553,0.308772151384406,1.31901832397685,0.779527913700581,0.9434441164487,1.10849497204247,0.529453027944069,0.799830252033712,1.21036273053534,1.39838092803621,1.12652456456283,0.41140686039947,0.45107533769949,-0.0221320179449324,0.126253000850191,0.00959245746129453,0.853951193768227,-0.0578303237493013,0.502688218589156,0.621787824121523,0.958340558045932,0.953733048945185,0.215706049317857,0.423465526795133,0.255942111093095,0.000472425313783399,0.398977248051242,0.636086659736153,0.934437876296293,0.187986261236813,0.0400081643279695,0.310846789065636,0.0626819785907607,0.139537341221379,0.160603881198269
"BR-PT",0.0657236010627684,0.15840213001151,0.547455084720848,0.460042450434069,0.311334283756278,0.512632814602025,0.338350757615961,0.393573342008283,0.415104833307589,1.52155516153391,0.41140686039947,1.07838055608937,0.409668867701259,-0.434896420726069,-0.427839889133112,-0.63196453078438,0.216209552010451,-0.492048893985724,0.0941143910222054,0.432578666747794,0.462136602214028,0.407924203099958,-0.0822989819352703,0.274318484679348,0.00550439019803749,-0.0895462850787379,0.0301398294019204,0.624913640475745,0.70352628624016,0.168980870512506,-0.970416509389158,0.284378253419983,-0.516886434539095,0.0386232975186656,0.0522878943117632
"BR-APET",0.0721054566429607,-0.02617571178941,0.595012006000452,0.424344416174169,0.513540876076664,0.75659494720048,0.68649291678085,0.40825665666849,0.66410364721573,0.628647506081209,0.45107533769949,0.409668867701259,0.735069380364112,0.19980261898817,0.105251605310942,-0.104531112649426,0.396603117976464,-0.0975263445531852,0.386591167103769,0.285935402804849,0.636930347851355,0.678670268716385,0.155089306962561,0.403841268628421,0.131731973897292,0.0357275263956251,0.21301756900295,0.653036319357625,0.622035384676617,0.27194290950533,0.0878569356853565,0.32937131672681,-0.301643634912031,-0.0540298553596804,0.00467216252855305
"PT-APET",-0.0791483835844543,-0.174557183949837,-0.134823387593225,-0.0914791186317332,0.0837334924789658,0.110745863025587,0.250196076808758,-0.0818674097851215,0.076897925697577,-0.479798972244889,-0.0221320179449324,-0.434896420726069,0.19980261898817,0.96501218728594,0.813520891273195,0.735074783991127,-0.0732428244421127,0.51764344076877,0.193508439438012,-0.170059883873654,0.0699212701685895,0.0819082016454106,0.137887924108766,0.172328314534832,0.0173608195965163,0.070139448580839,0.0869301820612071,-0.224314899017227,-0.334419012795442,-0.0179018004938401,0.550464435802147,-0.166572572244152,0.454808509400905,-0.0760352611134572,0.0297431939196947
"PT-BA",-0.061555203901616,0.0173892605112416,0.100456781934052,0.24398026198697,0.373664344520916,0.247927738929539,0.368907480064264,0.263083562251275,0.382835554099508,-0.258530032166269,0.126253000850191,-0.427839889133112,0.105251605310942,0.813520891273195,1.35790948801494,1.03879292667914,0.399969953338829,0.629659772857785,0.280768037481942,-0.149080892127525,0.278523690590545,0.190715409805103,0.173120245043875,0.565642073566263,0.583389620317901,0.0298701490345634,0.466700097868025,0.178725886140859,0.077088983087112,-0.112774904231832,0.916112765791163,-0.117976983186518,0.997457376622647,-0.0700664784611174,-0.203806599495765
"PT-EAM",-0.020499560210172,-0.0607034676030436,0.0668352802304229,0.15905664793412,0.354513419946275,0.131725875962654,0.264576080613157,0.0822125995882497,0.2918466775603,-0.339349737991687,0.00959245746129453,-0.63196453078438,-0.104531112649426,0.735074783991127,1.03879292667914,1.40773060640995,0.721964684833073,0.712988652453151,0.35191418145047,-0.159441227844081,0.161715326025883,-0.0873657225229224,0.0978138158260101,0.460185298456801,0.178758090377971,0.100343297264591,0.116025742550475,0.217103287761875,0.232443773738886,-0.144681750650618,0.890989396989907,-0.283983635280881,1.20383223977743,-0.0694032379759459,-0.0691090252014879
"PT-ZYGI",0.0440422474613765,0.287320622507877,1.04025719303427,1.33360589440644,1.1391088342747,1.2495403834013,0.888031684088628,0.827928383167829,1.26881862588322,1.29315415658854,0.853951193768227,0.216209552010451,0.396603117976464,-0.0732428244421127,0.399969953338829,0.721964684833073,2.97206521900492,0.0987592176912366,0.840167563678905,0.652372012959778,1.46080351861788,0.596332537539141,0.303562984971918,0.624754273753179,0.43800344236548,-0.0263995135912292,0.47611978299354,1.97189216917011,2.7935344765078,0.323574661625136,0.109394830942738,0.264312464043696,0.297890951265769,-0.32783713070861,-0.0523105516897524
"PT-TSP",-0.0562326856012224,-0.0324917285574556,-0.243542826897977,0.0128956267012947,0.0387920000042616,-0.131747349652691,-0.178819496333107,-0.0677629876991802,-0.0208736045440176,-0.455232842596193,-0.0578303237493013,-0.492048893985724,-0.0975263445531852,0.51764344076877,0.629659772857785,0.712988652453151,0.0987592176912366,0.848236010827982,0.180849041003831,-0.0870881914212687,-0.187248187878598,0.0733533275944024,0.0246972228921281,-0.00981370925864996,0.22021539513927,0.0787741871151282,0.14326805123477,-0.192442945132619,-0.357473609052318,-0.0894232061395363,0.443442367183697,-0.172425280290512,0.554135658766869,0.0316044753745753,-0.116152978952027
"ZS-ZI",0.130508606169157,0.116348484930349,0.756136180690235,0.588971449309465,0.80001568944293,0.85378203787414,0.640506181543814,0.348795911560403,0.936836762889779,0.645788042520333,0.502688218589156,0.0941143910222054,0.386591167103769,0.193508439438012,0.280768037481942,0.35191418145047,0.840167563678905,0.180849041003831,0.824471948949221,0.224376636381435,0.667156278027904,0.613841022559507,0.190659588411397,0.468404562918009,0.202239705186381,0.0661404765792441,0.268310400594888,0.587646208315977,0.752474241610409,0.269334322628192,0.092914189716011,0.27178429968939,0.0878845396645859,-0.133870388397219,0.0261958759983975
"ZI-MT",0.0924351931631407,0.18262623593881,0.609584688531954,0.583524429996948,0.481562214381387,0.63784817409458,0.137967882040351,0.484752724524095,0.598363884698199,1.14956929526714,0.621787824121523,0.432578666747794,0.285935402804849,-0.170059883873654,-0.149080892127525,-0.159441227844081,0.652372012959778,-0.0870881914212687,0.224376636381435,0.684682988569524,0.588496023689123,0.605251329333795,0.0464817590589289,0.194611036444898,0.0885034466057036,0.0190054330546537,0.187213136827628,0.542824796850504,0.767590045855491,0.217439462353022,-0.371400932654761,0.259716611099052,-0.230288690406986,-0.000833254351958361,0.0895819666903106
"ZI-ZYGI",0.22573684698678,0.344251107275299,1.36848237927171,1.0815137552797,1.02493118505077,1.40993028453002,1.26125124476213,0.954965150592407,1.32786003177172,1.36025003496298,0.958340558045932,0.462136602214028,0.636930347851355,0.0699212701685895,0.278523690590545,0.161715326025883,1.46080351861788,-0.187248187878598,0.667156278027904,0.588496023689123,2.02187168696803,1.40773330035309,0.352585733100264,1.23538792245703,0.271526398815263,0.0118056427745025,0.494769738443154,0.669790986503751,1.38285457422648,0.205420894743412,0.0958179101264634,0.500159083166025,0.149430557027695,0.0115881925277606,0.0996017758748299
"ZI-TSP",0.320423253355162,0.282264984526184,1.25255681071876,0.775881545290434,0.729328847565129,1.06798443348721,0.931591895529744,0.782223828206408,1.10863979278967,1.27497914415909,0.953733048945185,0.407924203099958,0.678670268716385,0.0819082016454106,0.190715409805103,-0.0873657225229224,0.596332537539141,0.0733533275944024,0.613841022559507,0.605251329333795,1.40773330035309,1.67535820424431,0.249145260410523,0.844139039130441,0.38173456214936,0.0529762395257274,0.495371620497073,0.551609166121964,0.653595151574497,0.1779136275193,0.0473376459068584,0.524738319108096,-0.090476774290373,0.171206226795926,0.0119969325749291
"MT-PNS",0.0529069955232947,0.114783411457007,0.265509085859309,0.0908204832521902,0.197917160620058,0.282201674810668,0.250434135864891,0.117333555877177,0.312495441869411,-0.0283631001111205,0.215706049317857,-0.0822989819352703,0.155089306962561,0.137887924108766,0.173120245043875,0.0978138158260101,0.303562984971918,0.0246972228921281,0.190659588411397,0.0464817590589289,0.352585733100264,0.249145260410523,0.272207465778735,0.102304600010987,0.105417102983861,0.0258125566279723,0.157028838246801,0.0934493284444447,0.225899947323519,0.108443225070937,0.161676672950254,0.0938349348437512,0.0267588726532527,-0.128340470726852,0.0133683449604321
"PNS-APET",0.189288984569457,0.301946578758034,0.580947306173028,0.554545532884525,0.875821943340901,0.770586467564877,0.584404376734088,0.61159523609616,0.992525890559191,0.67961179647678,0.423465526795133,0.274318484679348,0.403841268628421,0.172328314534832,0.565642073566263,0.460185298456801,0.624754273753179,-0.00981370925864996,0.468404562918009,0.194611036444898,1.23538792245703,0.844139039130441,0.102304600010987,1.76740710341085,0.197036601813961,0.0150106739427343,0.393489652435317,0.150346077419975,0.551795582515728,0.0301923726705175,0.726039513991717,0.284522161159671,0.731679527448238,0.0616233005254656,-0.039284241062823
"APET-BA",-0.00626501122142915,0.124821427719638,0.264723077157744,0.443881974413556,0.318731638820532,0.256011750072673,0.160249054638389,0.414682808511345,0.386650664265016,0.439322815620089,0.255942111093095,0.00550439019803749,0.131731973897292,0.0173608195965163,0.583389620317901,0.178758090377971,0.43800344236548,0.22021539513927,0.202239705186381,0.0885034466057036,0.271526398815263,0.38173456214936,0.105417102983861,0.197036601813961,0.728884518645909,-0.0176975306167888,0.455072910552915,0.528405588742243,0.403101324797342,0.0131091723007304,0.244115983288451,0.13249288695779,0.185559984047159,-0.0473865658712608,-0.307918107923335
"APET-TS",0.0187034918096094,-0.0477913832524749,0.0271317367406234,0.0136794500103963,0.0403496176519006,0.0409822489318424,0.0872933711020494,0.0547163231772602,0.0763692192432563,-0.147923844881257,0.000472425313783399,-0.0895462850787379,0.0357275263956251,0.070139448580839,0.0298701490345634,0.100343297264591,-0.0263995135912292,0.0787741871151282,0.0661404765792441,0.0190054330546537,0.0118056427745025,0.0529762395257274,0.0258125566279723,0.0150106739427343,-0.0176975306167888,0.130948641204836,0.0258599815090495,-0.0384926420214987,-0.0678504365716785,-0.0530470685251109,0.125559884714375,-0.0877770806744451,0.0491477628146265,0.0539852096621041,0.0328253054666164
"BA-EAM",0.0641804960629241,0.265404450924691,0.425042168963921,0.395207516702784,0.43855095300599,0.423194642162702,0.271706046247469,0.359386329747329,0.544626301301676,0.349777084371356,0.398977248051242,0.0301398294019204,0.21301756900295,0.0869301820612071,0.466700097868025,0.116025742550475,0.47611978299354,0.14326805123477,0.268310400594888,0.187213136827628,0.494769738443154,0.495371620497073,0.157028838246801,0.393489652435317,0.455072910552915,0.0258599815090495,0.568331910861019,0.258704324495546,0.428104163328213,0.115027251237676,0.213571796750704,0.196103252063625,0.206890393492362,0.00611885815222681,-0.0911059016643356
"EAM-ZYGI",0.051259224592564,-0.100363380217476,0.985913627518482,1.16751125998461,0.741165048545551,1.0483719846582,1.33261954934508,0.852928695983231,0.919444594645729,1.10298907322525,0.636086659736153,0.624913640475745,0.653036319357625,-0.224314899017227,0.178725886140859,0.217103287761875,1.97189216917011,-0.192442945132619,0.587646208315977,0.542824796850504,0.669790986503751,0.551609166121964,0.0934493284444447,0.150346077419975,0.528405588742243,-0.0384926420214987,0.258704324495546,3.27919434066361,2.78314569354856,0.142718230541266,0.0783307722506759,0.104611462099586,-0.154307256816312,-0.0921807814821157,-0.159709258459287
"ZYGI-TSP",0.0877203533495633,0.228337918902963,1.31082302349005,1.47217374003447,1.16424998561232,1.44975195508097,1.2101905523617,1.00053646979793,1.33117866090403,1.69169059811461,0.934437876296293,0.70352628624016,0.622035384676617,-0.334419012795442,0.077088983087112,0.232443773738886,2.7935344765078,-0.357473609052318,0.752474241610409,0.767590045855491,1.38285457422648,0.653595151574497,0.225899947323519,0.551795582515728,0.403101324797342,-0.0678504365716785,0.428104163328213,2.78314569354856,3.29787899326641,0.323111924173967,-0.217980074298765,0.305567502294733,-0.119302720480446,-0.224086012383291,-0.00930636983949554
"LD-AS",0.0236937581889228,0.0787668585278318,0.193421089937527,0.186861298482016,0.322006457415961,0.332863844374109,-0.0246263083446907,0.0546558124598699,0.346456990709136,0.521353552874067,0.187986261236813,0.168980870512506,0.27194290950533,-0.0179018004938401,-0.112774904231832,-0.144681750650618,0.323574661625136,-0.0894232061395363,0.269334322628192,0.217439462353022,0.205420894743412,0.1779136275193,0.108443225070937,0.0301923726705175,0.0131091723007304,-0.0530470685251109,0.115027251237676,0.142718230541266,0.323111924173967,0.587147096628393,-0.366781020222288,0.495965306469967,-0.414788227876279,-0.317363625916113,0.0208480308022991
"BR-LD",-0.0707604660334695,-0.20683656051364,-0.0233219300106896,-0.119564655163743,0.407414074183636,0.152627714423309,0.299306439332575,0.27202957755781,0.391498092506101,-1.90800333904718,0.0400081643279695,-0.970416509389158,0.0878569356853565,0.550464435802147,0.916112765791163,0.890989396989907,0.109394830942738,0.443442367183697,0.092914189716011,-0.371400932654761,0.0958179101264634,0.0473376459068584,0.161676672950254,0.726039513991717,0.244115983288451,0.125559884714375,0.213571796750704,0.0783307722506759,-0.217980074298765,-0.366781020222288,2.96405616026204,-0.382892549560747,1.05873887758844,0.126225595391437,-0.0774534546959546
"OPI-LD",0.100117043857935,0.0928052217115231,0.507217182948457,0.313720747429562,0.421806804203915,0.488318176133868,0.180409874255699,0.211731061929623,0.450078502774333,0.632310988828447,0.310846789065636,0.284378253419983,0.32937131672681,-0.166572572244152,-0.117976983186518,-0.283983635280881,0.264312464043696,-0.172425280290512,0.27178429968939,0.259716611099052,0.500159083166025,0.524738319108096,0.0938349348437512,0.284522161159671,0.13249288695779,-0.0877770806744451,0.196103252063625,0.104611462099586,0.305567502294733,0.495965306469967,-0.382892549560747,0.85573966810398,-0.34068999320317,-0.0864577285109732,-0.0982365932214052
"PT-AS",0.0582607100268354,0.14608946482591,0.207254952159252,0.0696853367863297,0.299875000328803,0.0171890708941257,0.251459236013016,0.195862257782931,0.278882293072202,-0.555820847351732,0.0626819785907607,-0.516886434539095,-0.301643634912031,0.454808509400905,0.997457376622647,1.20383223977743,0.297890951265769,0.554135658766869,0.0878845396645859,-0.230288690406986,0.149430557027695,-0.090476774290373,0.0267588726532527,0.731679527448238,0.185559984047159,0.0491477628146265,0.206890393492362,-0.154307256816312,-0.119302720480446,-0.414788227876279,1.05873887758844,-0.34068999320317,1.58539404414126,0.271481892944852,-0.00273154305492577
"JP-AS",0.050243544191375,0.0104879998480437,0.285506066670998,0.143032390885036,0.0369679401896994,0.0577845325931909,0.214993761962691,0.250214533586091,0.0581993020531997,-0.111849055880623,0.139537341221379,0.0386232975186656,-0.0540298553596804,-0.0760352611134572,-0.0700664784611174,-0.0694032379759459,-0.32783713070861,0.0316044753745753,-0.133870388397219,-0.000833254351958361,0.0115881925277606,0.171206226795926,-0.128340470726852,0.0616233005254656,-0.0473865658712608,0.0539852096621041,0.00611885815222681,-0.0921807814821157,-0.224086012383291,-0.317363625916113,0.126225595391437,-0.0864577285109732,0.271481892944852,0.591125239499267,0.119087259721089
"BA-OPI",0.0569963305894221,0.063277628665449,0.248458786314709,0.0781977088689884,0.120375086470087,0.229734386613205,0.246198922140325,0.0848818663573079,0.181828507458977,-0.144083591212754,0.160603881198269,0.0522878943117632,0.00467216252855305,0.0297431939196947,-0.203806599495765,-0.0691090252014879,-0.0523105516897524,-0.116152978952027,0.0261958759983975,0.0895819666903106,0.0996017758748299,0.0119969325749291,0.0133683449604321,-0.039284241062823,-0.307918107923335,0.0328253054666164,-0.0911059016643356,-0.159709258459287,-0.00930636983949554,0.0208480308022991,-0.0774534546959546,-0.0982365932214052,-0.00273154305492577,0.119087259721089,0.423676156077907
