"","IS-PM","IS-NLE","IS-PNS","PM-ZS","PM-ZI","PM-MT","NLE-NON","NLE-ZS","NLE-ZI","NON-BR","NON-PNS","BR-PT","BR-APET","PT-APET","PT-BA","PT-EAM","PT-ZYGI","PT-TSP","ZS-ZI","ZI-MT","ZI-ZYGI","ZI-TSP","MT-PNS","PNS-APET","APET-BA","APET-TS","BA-EAM","EAM-ZYGI","ZYGI-TSP","LD-AS","BR-LD","OPI-LD","PT-AS","JP-AS","BA-OPI"
"IS-PM",0.240400768719684,0.185678741913901,0.304427938093211,0.0740300955022376,0.0797100944181509,0.0999339521135466,-0.000779549364848005,0.0766134327763497,0.193269842469585,0.289178513613123,0.179857612547374,0.0167120010637219,0.0592076791747,-0.0164236041550806,0.0453099278499536,-0.0699238347531666,0.0850530848066425,-0.0635336456225843,0.107053543270051,0.10480598158407,0.151883636106633,0.249823499000821,-0.0156279548600807,0.234051523013695,0.0796070968661168,-0.0354795976205422,0.134586282100463,0.185699340636532,0.164073811926931,0.0758892124121657,0.0561367263993316,0.124621480269339,0.0602702439763791,0.0410437118753991,-0.025463520449596
"IS-NLE",0.185678741913901,0.545275712357865,0.791057679307443,0.330800843710794,0.484270414240913,0.510230445989436,-0.0740704775971185,0.126639135165249,0.344610829303732,0.480564277449042,0.457535945609694,0.0208967746979407,0.0462599986061482,-0.0249042436755286,0.19554278579744,0.0856069469886934,0.221241265780439,-0.0529283459979837,0.110095814703422,0.23846768630367,0.264188460620571,0.249592358538559,0.0962160114313857,0.398061672207241,0.162305143773248,-0.0513540129987024,0.288135167876597,0.0932334775729179,0.124190215360306,0.0939310506286614,0.216393076591545,0.100060156830598,0.33080913004446,0.109356469997253,-0.0324013738368143
"IS-PNS",0.304427938093211,0.791057679307443,3.03972536512749,1.06081097838989,1.20525337665914,1.48285470264209,0.698558975058248,0.995449531389982,1.34778277443181,1.16481360818727,2.1280289708389,0.370091462435976,0.557162961274294,0.279198711358772,0.730566531401935,0.50207397311545,0.826668968568597,0.118857659824376,0.341313112750176,0.356183672245242,1.15483647772338,0.770721284767665,1.13272229430969,0.160830616677758,0.284102582894936,0.100823029015859,0.708765092408537,0.108810223434704,0.43745533823609,0.280933391288911,1.07663557434467,0.437895213945181,1.10330766228651,0.160001559291816,-0.258706238941992
"PM-ZS",0.0740300955022376,0.330800843710794,1.06081097838989,0.691281200401931,0.633994105488827,0.634143137115629,0.631483630114036,0.447366068119772,0.584045764504386,0.377902739546782,0.581218194461649,0.0799540460042199,0.219453316186717,0.0618102633503723,0.183785048829383,0.0569860638788782,0.231596641034089,-0.00279043781910465,0.193602962760277,0.0763715578032993,0.423449850508882,0.376240755045498,0.371986535307325,0.278404849471936,0.0920118450070147,0.125439482712203,0.301798975026379,0.103790903299719,0.153005286072748,0.163077378141876,0.499842856923575,0.253066293250671,0.189641694087328,0.0709284297416952,-0.0914474468636735
"PM-ZI",0.0797100944181509,0.484270414240913,1.20525337665914,0.633994105488827,1.21168556571736,1.07469177957375,0.455480175118697,0.649654215653263,0.979917235942998,0.267626886877282,0.493805751696951,0.0712104526562739,0.16674672926559,0.270217770286573,0.616516951710627,0.538505063211741,0.383738829000764,0.0585433609840378,0.152971317010169,0.269051032135933,0.312222720086694,-0.172239706879259,0.173957508928523,0.633327139472827,0.189381911665142,0.0207713442633221,0.390753431927225,-0.00170421539466427,0.136150269323831,0.186167528864777,0.725359993643236,0.198088898603562,0.765943108866013,0.15848545703086,-0.0373150788555852
"PM-MT",0.0999339521135466,0.510230445989436,1.48285470264209,0.634143137115629,1.07469177957375,1.37188686876442,0.347780907340133,0.63975955617936,0.968408775033617,0.379066959380951,0.880822995138416,0.0990887761309628,0.223541702367546,0.225467078160103,0.658856982507761,0.533404733702429,0.394885969719911,0.0178491774970242,0.182318920563976,0.359707958600981,0.446499013844641,0.00575006013480164,0.14256531466695,0.550146708026292,0.270966903283738,0.0237720745065903,0.418492134319475,0.171311594839227,0.240027160665268,0.223491567366353,0.827304627408023,0.258333508645896,0.793564218312703,0.0451819670872872,-0.0688311222977405
"NLE-NON",-0.000779549364848005,-0.0740704775971185,0.698558975058248,0.631483630114036,0.455480175118697,0.347780907340133,2.12523132293292,0.99472673759327,0.77259656138396,-0.405090709361204,0.0426373793487174,-0.0231341732896462,0.2520787521633,0.42819113269619,0.292153074561602,0.0399869930709874,0.23098864044299,0.0780388000112334,-0.0590599191128267,-0.118749111740502,0.305211361728812,0.400766485147408,0.369639060046145,0.336649939784241,-0.0691940863174701,0.21369950212159,0.207036825929528,0.0877164191550645,0.146846370670255,0.298086970618855,0.306204825076881,0.537102398594039,-0.0571172409362991,-0.139857096907472,-0.29386978351821
"NLE-ZS",0.0766134327763497,0.126639135165249,0.995449531389982,0.447366068119772,0.649654215653263,0.63975955617936,0.99472673759327,1.09932332820448,0.92679745975295,0.14413097745531,0.457916516856,0.0845395672188669,0.187635435073747,0.41680963137187,0.678152893965202,0.582796086435296,0.534155566024099,0.17990707329386,-0.225740056488496,0.141680218632898,0.393526437557564,0.0309152288583734,0.269013739862803,0.431065800511687,0.0950254547749003,0.0234314757029643,0.368584574401666,0.119908236436412,0.368466943283976,0.144095481614904,0.68552935942112,0.402728474049644,0.674366061028684,0.0638262240714804,-0.35394421996184
"NLE-ZI",0.193269842469585,0.344610829303732,1.34778277443181,0.584045764504386,0.979917235942998,0.968408775033617,0.77259656138396,0.92679745975295,1.28017939976686,0.466947017843896,0.828081215651321,0.18940017380714,0.283552640910591,0.403062165343659,0.793792854050889,0.56018445193073,0.684233996816666,0.0853694027510986,0.30742463100887,0.360758670380654,0.528994981979827,0.0522193990823668,0.288675898916742,0.571967104953225,0.255212465328136,0.0457245201532685,0.555704133880905,0.299069478091361,0.541352963130607,0.365794701621074,0.50201990676948,0.629440140821996,0.810725486047158,0.166718463480436,-0.219829392812239
"NON-BR",0.289178513613123,0.480564277449042,1.16481360818727,0.377902739546782,0.267626886877282,0.379066959380951,-0.405090709361204,0.14413097745531,0.466947017843896,2.27805983995257,1.19273748470403,0.133939763320261,-0.0296408082859005,-0.183489248687259,0.0498358096592854,-0.31766195513896,0.461692113689522,-0.107771685163586,0.326835511366212,0.296644171837203,0.800175719454848,1.12892307855782,0.468390998976333,0.396201677020496,0.30841099077436,0.0361685721195845,0.618942661536947,0.496632369375466,0.57055934511831,0.207848917060494,-0.620632089418038,0.226440323591362,0.104691792434686,0.101191876449831,-0.0446818272261043
"NON-PNS",0.179857612547374,0.457535945609694,2.1280289708389,0.581218194461649,0.493805751696951,0.880822995138416,0.0426373793487174,0.457916516856,0.828081215651321,1.19273748470403,2.10662973985789,0.416355667069254,0.461446758274796,0.135425235606662,0.519871849792591,0.333398455624272,0.737599141619387,0.084906098013452,0.450565797382689,0.30891025771489,0.830413464346833,0.59014941713437,0.995104492742776,-0.375984838079345,0.302418139747352,0.0951458156948868,0.552289573484742,0.277915115525739,0.53611396387047,0.208916388877534,0.47430706591137,0.394135181171798,0.843206093448421,0.120729314367706,-0.190622268239398
"BR-PT",0.0167120010637219,0.0208967746979407,0.370091462435976,0.0799540460042199,0.0712104526562739,0.0990887761309628,-0.0231341732896462,0.0845395672188669,0.18940017380714,0.133939763320261,0.416355667069254,0.379712904162605,0.263619260932403,0.0178714759736668,0.159025561081195,0.0703436537892581,0.208588961430636,0.00855174284616037,0.133782048848879,0.143578019206261,0.242455361858894,-0.0319652781354093,0.267117554123757,-0.208104143748022,0.12190105161301,0.0654784567676639,0.163161669375875,0.0681823939273229,0.197235433201181,0.202461164237922,0.0123103774058464,0.0869021340874893,0.259136675930076,0.104220543045001,0.124310556171736
"BR-APET",0.0592076791747,0.0462599986061482,0.557162961274294,0.219453316186717,0.16674672926559,0.223541702367546,0.2520787521633,0.187635435073747,0.283552640910591,-0.0296408082859005,0.461446758274796,0.263619260932403,0.585798237770876,0.280928221028093,0.367745803948334,0.130724761069974,0.0666878160536717,0.020139123509473,0.170489061634852,0.0954174737114582,0.259082516561988,0.0709332087782345,0.304864253279672,-0.13131133064359,0.163093096700314,0.112705227389687,0.146428405986247,0.102712520343902,0.0888972358598743,0.151064584181382,0.657782440609889,-0.00500085298094028,0.298905663622876,0.0942043168417268,0.138454436092115
"PT-APET",-0.0164236041550806,-0.0249042436755286,0.279198711358772,0.0618102633503723,0.270217770286573,0.225467078160103,0.42819113269619,0.41680963137187,0.403062165343659,-0.183489248687259,0.135425235606662,0.0178714759736668,0.280928221028093,0.744263357515779,0.859817955736812,0.775901900416571,0.305610033299885,0.33313716107873,-0.0196767446987028,0.129325203989484,-0.00981584453939823,-0.394281944423756,0.0253478124783823,0.135954061072169,0.0814685174840935,-0.00328259404246605,0.10858718342503,0.0962436881773087,0.0545574860395307,0.0466258396606496,0.427864515957721,0.161347486363902,0.880802799067899,0.0650797734133682,-0.0568383152126107
"PT-BA",0.0453099278499536,0.19554278579744,0.730566531401935,0.183785048829383,0.616516951710627,0.658856982507761,0.292153074561602,0.678152893965202,0.793792854050889,0.0498358096592854,0.519871849792591,0.159025561081195,0.367745803948334,0.859817955736812,1.49500615084416,1.27493871163891,0.793968905539048,0.363331709257185,0.0209250729794665,0.326704131357624,0.260738061906199,-0.559883830026717,0.0637945944616099,0.380509962459507,0.486357513061603,-0.0420602091535521,0.455242759420934,0.255744576891521,0.397597569527049,0.1895391686766,0.643598693482363,0.395966288887279,1.55400718150977,0.231078043633144,-0.130975418330576
"PT-EAM",-0.0699238347531666,0.0856069469886934,0.50207397311545,0.0569860638788782,0.538505063211741,0.533404733702429,0.0399869930709874,0.582796086435296,0.56018445193073,-0.31766195513896,0.333398455624272,0.0703436537892581,0.130724761069974,0.775901900416571,1.27493871163891,1.64003973558256,0.823356568810108,0.559308440240667,-0.16159625510247,0.22076046514303,-0.00864904494915246,-1.07876062078518,-0.0258130197646584,0.0495816101952764,0.199122304341588,-0.150060813846355,0.14402876019326,-0.145113447296583,0.170704861627227,-0.00247477713248746,0.667761178877326,0.275868535622049,1.73271065339147,0.174229587613628,-0.215831527389415
"PT-ZYGI",0.0850530848066425,0.221241265780439,0.826668968568597,0.231596641034089,0.383738829000764,0.394885969719911,0.23098864044299,0.534155566024099,0.684233996816666,0.461692113689522,0.737599141619387,0.208588961430636,0.0666878160536717,0.305610033299885,0.793968905539048,0.823356568810108,1.16625175427334,0.29439233910104,0.129064560894638,0.242622039270108,0.548340562902852,-0.150991058804891,0.340194490290226,0.226674534939858,0.286837101967481,-0.0951062607196866,0.492918929737881,0.172612373148804,0.720486140741239,0.305395860872047,-0.286035542617334,0.679520972036011,0.968739482191148,0.120632008815272,-0.270465949088282
"PT-TSP",-0.0635336456225843,-0.0529283459979837,0.118857659824376,-0.00279043781910465,0.0585433609840378,0.0178491774970242,0.0780388000112334,0.17990707329386,0.0853694027510986,-0.107771685163586,0.084906098013452,0.00855174284616037,0.020139123509473,0.33313716107873,0.363331709257185,0.559308440240667,0.29439233910104,0.423297575535448,-0.116582433851797,0.00558525508143817,0.0366685106018433,-0.253154834800041,0.0663349048527504,-0.0597138110962518,-0.0664736359552344,0.00380928400768251,0.0148516679433065,-0.148655499140634,-0.0048520494423712,-0.0131201084596571,0.0560728633579213,0.0679962085781248,0.49540987149089,0.00774020657750877,-0.0657875734666906
"ZS-ZI",0.107053543270051,0.110095814703422,0.341313112750176,0.193602962760277,0.152971317010169,0.182318920563976,-0.0590599191128267,-0.225740056488496,0.30742463100887,0.326835511366212,0.450565797382689,0.133782048848879,0.170489061634852,-0.0196767446987028,0.0209250729794665,-0.16159625510247,0.129064560894638,-0.116582433851797,0.688143059341541,0.125150425828261,0.171795366641816,0.148996395524065,0.128728000374672,-0.039373158848735,0.129216170274418,0.0877396153028179,0.165124588435768,0.225809731236917,0.209853236089611,0.250321426331618,-0.271040946138042,0.348029449031097,-0.030402992711225,0.0801515344834201,0.0999848129030088
"ZI-MT",0.10480598158407,0.23846768630367,0.356183672245242,0.0763715578032993,0.269051032135933,0.359707958600981,-0.118749111740502,0.141680218632898,0.360758670380654,0.296644171837203,0.30891025771489,0.143578019206261,0.0954174737114582,0.129325203989484,0.326704131357624,0.22076046514303,0.242622039270108,0.00558525508143817,0.125150425828261,0.630165937527411,0.204432607762487,0.078312056487886,-0.1912855080616,0.353264103083053,0.118547955930405,-0.1243759571952,0.236592132849588,0.150307690081222,0.178508059694207,0.219568058246419,0.051361929272022,0.172079800022622,0.366502068177619,0.103571605839221,0.0780661332051507
"ZI-ZYGI",0.151883636106633,0.264188460620571,1.15483647772338,0.423449850508882,0.312222720086694,0.446499013844641,0.305211361728812,0.393526437557564,0.528994981979827,0.800175719454848,0.830413464346833,0.242455361858894,0.259082516561988,-0.00981584453939823,0.260738061906199,-0.00864904494915246,0.548340562902852,0.0366685106018433,0.171795366641816,0.204432607762487,1.14604116796641,0.844988755290592,0.486097107653275,0.351122735247487,0.258599700292108,0.10692563476193,0.439763116531965,0.0735569973066642,0.422339154319198,0.278668248508457,-0.025140251164487,0.395017890471406,0.15356581798049,0.119654218554329,-0.117636310426459
"ZI-TSP",0.249823499000821,0.249592358538559,0.770721284767665,0.376240755045498,-0.172239706879259,0.00575006013480164,0.400766485147408,0.0309152288583734,0.0522193990823668,1.12892307855782,0.59014941713437,-0.0319652781354093,0.0709332087782345,-0.394281944423756,-0.559883830026717,-1.07876062078518,-0.150991058804891,-0.253154834800041,0.148996395524065,0.078312056487886,0.844988755290592,1.89531665257364,0.475481658382738,0.337248008032904,0.0683751590609064,0.148236351072076,0.265881377677913,0.40180153363229,0.198190726304779,0.140679163049004,-0.316301961523459,0.0624246943964671,-1.05612765186653,-0.121999927965449,0.0045745269797077
"MT-PNS",-0.0156279548600807,0.0962160114313857,1.13272229430969,0.371986535307325,0.173957508928523,0.14256531466695,0.369639060046145,0.269013739862803,0.288675898916742,0.468390998976333,0.995104492742776,0.267117554123757,0.304864253279672,0.0253478124783823,0.0637945944616099,-0.0258130197646584,0.340194490290226,0.0663349048527504,0.128728000374672,-0.1912855080616,0.486097107653275,0.475481658382738,1.00008036839431,-0.523543820997614,0.0706689128786163,0.165239561463037,0.210988762158311,-0.00865934475339327,0.17234987682177,0.0587248143370464,0.179805964974843,0.0572579856781395,0.189907281043356,0.0733103348507728,-0.0761460997877392
"PNS-APET",0.234051523013695,0.398061672207241,0.160830616677758,0.278404849471936,0.633327139472827,0.550146708026292,0.336649939784241,0.431065800511687,0.571967104953225,0.396201677020496,-0.375984838079345,-0.208104143748022,-0.13131133064359,0.135954061072169,0.380509962459507,0.0495816101952764,0.226674534939858,-0.0597138110962518,-0.039373158848735,0.353264103083053,0.351122735247487,0.337248008032904,-0.523543820997614,1.43256494769963,0.187650335564956,-0.102050648789655,0.378789645139106,0.344179246723527,0.309418144209731,0.225377756242233,-0.026831767705482,0.261504897443765,0.0488799250698674,0.0262124818679444,-0.0374388664079093
"APET-BA",0.0796070968661168,0.162305143773248,0.284102582894936,0.0920118450070147,0.189381911665142,0.270966903283738,-0.0691940863174701,0.0950254547749003,0.255212465328136,0.30841099077436,0.302418139747352,0.12190105161301,0.163093096700314,0.0814685174840935,0.486357513061603,0.199122304341588,0.286837101967481,-0.0664736359552344,0.129216170274418,0.118547955930405,0.258599700292108,0.0683751590609064,0.0706689128786163,0.187650335564956,0.447427356935229,0.0322236112379727,0.313997556192266,0.255350525289122,0.292169911846835,0.162901135115675,0.0325689997641697,0.144063188487321,0.366206809935127,0.133490543674729,0.0232429868949156
"APET-TS",-0.0354795976205422,-0.0513540129987024,0.100823029015859,0.125439482712203,0.0207713442633221,0.0237720745065903,0.21369950212159,0.0234314757029643,0.0457245201532685,0.0361685721195845,0.0951458156948868,0.0654784567676639,0.112705227389687,-0.00328259404246605,-0.0420602091535521,-0.150060813846355,-0.0951062607196866,0.00380928400768251,0.0877396153028179,-0.1243759571952,0.10692563476193,0.148236351072076,0.165239561463037,-0.102050648789655,0.0322236112379727,0.187763113113481,0.0352535129795522,0.0440713763684905,-0.0157641221966088,0.0389723983895644,0.038592700504552,0.031549667578712,-0.133114978083935,0.0428819967294112,0.0318202069390653
"BA-EAM",0.134586282100463,0.288135167876597,0.708765092408537,0.301798975026379,0.390753431927225,0.418492134319475,0.207036825929528,0.368584574401666,0.555704133880905,0.618942661536947,0.552289573484742,0.163161669375875,0.146428405986247,0.10858718342503,0.455242759420934,0.14402876019326,0.492918929737881,0.0148516679433065,0.165124588435768,0.236592132849588,0.439763116531965,0.265881377677913,0.210988762158311,0.378789645139106,0.313997556192266,0.0352535129795522,0.521268769973087,0.243980488813572,0.460977331798661,0.253287621716509,-0.0193546070469949,0.338879611747221,0.392124073686368,0.164576057589043,-0.0823982686624231
"EAM-ZYGI",0.185699340636532,0.0932334775729179,0.108810223434704,0.103790903299719,-0.00170421539466427,0.171311594839227,0.0877164191550645,0.119908236436412,0.299069478091361,0.496632369375466,0.277915115525739,0.0681823939273229,0.102712520343902,0.0962436881773087,0.255744576891521,-0.145113447296583,0.172612373148804,-0.148655499140634,0.225809731236917,0.150307690081222,0.0735569973066642,0.40180153363229,-0.00865934475339327,0.344179246723527,0.255350525289122,0.0440713763684905,0.243980488813572,0.972485211743626,0.539843732454727,0.249055659680757,-0.156791242714443,0.355147393396949,-0.0320851115193479,-0.00531742920519015,0.035851789053584
"ZYGI-TSP",0.164073811926931,0.124190215360306,0.43745533823609,0.153005286072748,0.136150269323831,0.240027160665268,0.146846370670255,0.368466943283976,0.541352963130607,0.57055934511831,0.53611396387047,0.197235433201181,0.0888972358598743,0.0545574860395307,0.397597569527049,0.170704861627227,0.720486140741239,-0.0048520494423712,0.209853236089611,0.178508059694207,0.422339154319198,0.198190726304779,0.17234987682177,0.309418144209731,0.292169911846835,-0.0157641221966088,0.460977331798661,0.539843732454727,0.811628166734406,0.312002600622703,-0.354116104929198,0.596741570024272,0.320006392670911,0.102976800013662,-0.157461327972412
"LD-AS",0.0758892124121657,0.0939310506286614,0.280933391288911,0.163077378141876,0.186167528864777,0.223491567366353,0.298086970618855,0.144095481614904,0.365794701621074,0.207848917060494,0.208916388877534,0.202461164237922,0.151064584181382,0.0466258396606496,0.1895391686766,-0.00247477713248746,0.305395860872047,-0.0131201084596571,0.250321426331618,0.219568058246419,0.278668248508457,0.140679163049004,0.0587248143370464,0.225377756242233,0.162901135115675,0.0389723983895644,0.253287621716509,0.249055659680757,0.312002600622703,0.490317857248251,-0.293667957079058,0.387924537035008,0.0170721078158928,-0.00440789403506571,0.132541874898366
"BR-LD",0.0561367263993316,0.216393076591545,1.07663557434467,0.499842856923575,0.725359993643236,0.827304627408023,0.306204825076881,0.68552935942112,0.50201990676948,-0.620632089418038,0.47430706591137,0.0123103774058464,0.657782440609889,0.427864515957721,0.643598693482363,0.667761178877326,-0.286035542617334,0.0560728633579213,-0.271040946138042,0.051361929272022,-0.025140251164487,-0.316301961523459,0.179805964974843,-0.026831767705482,0.0325689997641697,0.038592700504552,-0.0193546070469949,-0.156791242714443,-0.354116104929198,-0.293667957079058,2.98559944773014,-0.30342867133884,0.875620895232174,0.135922399872335,-0.210145801424034
"OPI-LD",0.124621480269339,0.100060156830598,0.437895213945181,0.253066293250671,0.198088898603562,0.258333508645896,0.537102398594039,0.402728474049644,0.629440140821996,0.226440323591362,0.394135181171798,0.0869021340874893,-0.00500085298094028,0.161347486363902,0.395966288887279,0.275868535622049,0.679520972036011,0.0679962085781248,0.348029449031097,0.172079800022622,0.395017890471406,0.0624246943964671,0.0572579856781395,0.261504897443765,0.144063188487321,0.031549667578712,0.338879611747221,0.355147393396949,0.596741570024272,0.387924537035008,-0.30342867133884,1.04681204123978,0.324295509657491,0.0873864494436595,-0.349033322838449
"PT-AS",0.0602702439763791,0.33080913004446,1.10330766228651,0.189641694087328,0.765943108866013,0.793564218312703,-0.0571172409362991,0.674366061028684,0.810725486047158,0.104691792434686,0.843206093448421,0.259136675930076,0.298905663622876,0.880802799067899,1.55400718150977,1.73271065339147,0.968739482191148,0.49540987149089,-0.030402992711225,0.366502068177619,0.15356581798049,-1.05612765186653,0.189907281043356,0.0488799250698674,0.366206809935127,-0.133114978083935,0.392124073686368,-0.0320851115193479,0.320006392670911,0.0170721078158928,0.875620895232174,0.324295509657491,2.30488698375456,0.360738018874679,-0.212694175037345
"JP-AS",0.0410437118753991,0.109356469997253,0.160001559291816,0.0709284297416952,0.15848545703086,0.0451819670872872,-0.139857096907472,0.0638262240714804,0.166718463480436,0.101191876449831,0.120729314367706,0.104220543045001,0.0942043168417268,0.0650797734133682,0.231078043633144,0.174229587613628,0.120632008815272,0.00774020657750877,0.0801515344834201,0.103571605839221,0.119654218554329,-0.121999927965449,0.0733103348507728,0.0262124818679444,0.133490543674729,0.0428819967294112,0.164576057589043,-0.00531742920519015,0.102976800013662,-0.00440789403506571,0.135922399872335,0.0873864494436595,0.360738018874679,0.350263111568153,0.0118355762960493
"BA-OPI",-0.025463520449596,-0.0324013738368143,-0.258706238941992,-0.0914474468636735,-0.0373150788555852,-0.0688311222977405,-0.29386978351821,-0.35394421996184,-0.219829392812239,-0.0446818272261043,-0.190622268239398,0.124310556171736,0.138454436092115,-0.0568383152126107,-0.130975418330576,-0.215831527389415,-0.270465949088282,-0.0657875734666906,0.0999848129030088,0.0780661332051507,-0.117636310426459,0.0045745269797077,-0.0761460997877392,-0.0374388664079093,0.0232429868949156,0.0318202069390653,-0.0823982686624231,0.035851789053584,-0.157461327972412,0.132541874898366,-0.210145801424034,-0.349033322838449,-0.212694175037345,0.0118355762960493,0.502584889783609
