"","IS-PM","IS-NLE","IS-PNS","PM-ZS","PM-ZI","PM-MT","NLE-NON","NLE-ZS","NLE-ZI","NON-BR","NON-PNS","BR-PT","BR-APET","PT-APET","PT-BA","PT-EAM","PT-ZYGI","PT-TSP","ZS-ZI","ZI-MT","ZI-ZYGI","ZI-TSP","MT-PNS","PNS-APET","APET-BA","APET-TS","BA-EAM","EAM-ZYGI","ZYGI-TSP","LD-AS","BR-LD","OPI-LD","PT-AS","JP-AS","BA-OPI"
"IS-PM",5.94932684909906,10.3052365420886,15.8820607915097,9.79760832835924,6.16477209763196,9.96353909744019,5.27606739672157,11.139058528737,12.1354642723967,20.7605544302795,14.9632009205027,1.25010344415099,6.09628594942522,3.80249325449076,5.45228125775262,2.27376144921553,11.2944864480534,0.479205599012836,4.80121838315547,4.09347550577932,18.1965146972234,18.3351807348672,2.74198141236237,12.8354543176109,3.32554267073078,0.447301736988861,5.89773461069696,7.71823959369116,12.6351778702783,6.64213699756306,6.87321682377907,4.71883417931506,-1.24779842959542,3.00862832653617,2.5078204793838
"IS-NLE",10.3052365420886,33.9101884502483,42.0667559385094,30.5135157296266,20.9220510559691,30.5535888288568,13.8675964255667,30.0459064135534,32.3072032605934,50.8635770645365,40.7726175148413,3.32671674484061,15.6499241988582,8.25478395412651,15.9947653894642,5.04372220985027,27.1622080170849,-1.62938351084101,11.6110626109126,10.5587378415232,48.3021416105813,48.0472650776926,7.78257523358213,33.901011660518,11.4290780684688,0.762646557242506,18.0283137355806,18.3315466705322,31.958766388894,18.4991900538196,18.0398714427565,16.772426422713,-1.66683019131783,9.97012300663859,5.78854832581483
"IS-PNS",15.8820607915097,42.0667559385094,72.9340719931774,41.6510413986811,30.9604765392899,46.8125750997108,22.7878777447564,42.6079841633986,46.1954979559415,70.1092040084175,63.4495251159894,3.90238330929637,21.6478096005137,14.0937642635123,24.1086521681816,10.255998995138,42.2679890031743,2.33989131714228,16.7635092973848,15.4093814365861,67.5025425888675,67.0909796444596,7.01258069587626,37.3950087949111,14.2768378451478,1.56833381116053,24.4225158127277,27.0004458823848,45.2536292460278,23.2840859652104,30.5181920394565,17.2633777064311,-0.491133692727817,12.7181652126633,9.59184710260125
"PM-ZS",9.79760832835924,30.5135157296266,41.6510413986811,31.1496929238606,22.2506351551128,30.9798229162333,14.0543661060979,31.8305568694314,32.2149928011444,49.1011763884285,39.2308134194079,3.19480220804294,15.0755134425994,8.44676487298179,15.8994523242649,6.91742808757904,28.3645971903691,0.616431661306656,10.2292148061382,10.1657787579428,45.8549904301446,45.5146547051006,7.69780538545739,32.140642170561,10.2115098772326,0.668997437160058,16.2927969905325,18.8307556925067,31.417854661998,16.7327776332596,21.3265982668729,14.1264770288129,0.509366164773934,8.57263749989073,5.77712357496823
"PM-ZI",6.16477209763196,20.9220510559691,30.9604765392899,22.2506351551128,20.1920359236019,22.9822799280505,10.86664386476,22.4960176864281,25.6984093417136,33.6445462099022,27.8181386668068,2.99431043231636,10.8485584995664,6.08043349126045,11.8740289697032,5.1130134357486,20.2460337533443,0.285115158042534,8.72331747296536,6.50473580918487,29.1051645719634,28.6416636257896,5.0851141112137,22.1651914722235,7.32047609516504,0.646585275625844,11.8523910344755,13.3400041454339,22.3828673460172,10.0539340501725,15.7552876653425,8.81596016274226,1.90931828030481,5.51425158486438,3.30683184942797
"PM-MT",9.96353909744019,30.5535888288568,46.8125750997108,30.9798229162333,22.9822799280505,36.7948216617774,16.4947420532067,30.7812635938189,31.9938669073996,49.7341243372302,40.6111630070727,3.85551830833637,15.7577615878353,9.52090985546496,16.9959817327651,6.94753507535634,29.3049013594537,0.947074990148581,10.5832140055676,13.393008275639,49.322939286528,49.2560596238233,7.44136713513061,33.0853447766131,10.3709964074944,0.609093031412026,18.2554991888883,18.4966372888798,31.9067805963354,17.7372380856489,20.6888039349652,13.0530404334674,0.0758003349835454,9.16277294529345,6.26961133608222
"NLE-NON",5.27606739672157,13.8675964255667,22.7878777447564,14.0543661060979,10.86664386476,16.4947420532067,19.5767139463418,16.0482925785921,18.4270388787801,22.2307299523217,19.430669379367,0.901121652480671,6.5779983100608,7.00254457585801,9.28937291598299,3.94857051280508,14.216867180172,1.72771876269516,6.89820111898595,6.15080094692008,24.7854336972463,24.3960058899682,2.51334100866089,17.9068919104979,4.76514672512497,1.639178853186,9.0449760300642,9.05201289283905,15.8565765330772,7.97866596264019,6.88643086515479,5.92452874142846,-0.0204617897562916,6.59793206925376,4.24830736188269
"NLE-ZS",11.139058528737,30.0459064135534,42.6079841633986,31.8305568694314,22.4960176864281,30.7812635938189,16.0482925785921,39.4766749563674,35.8216596998084,50.9559518312982,40.9764288413435,3.96593196072729,15.4609743758827,8.30339451314913,15.5174659267618,6.82808364760096,29.9001521437188,1.40012187295223,7.41731029417822,10.1648411461908,48.7861388451698,46.8113383291939,7.29659396106246,33.3150989117133,10.5711667714437,1.09246330700662,16.1880345069715,20.2043439096896,33.1712124399531,16.6455092721067,24.4752901620574,14.2432753160648,0.173215858292957,9.03335523916389,5.19200708278404
"NLE-ZI",12.1354642723967,32.3072032605934,46.1954979559415,32.2149928011444,25.6984093417136,31.9938669073996,18.4270388787801,35.8216596998084,41.7890099362427,57.4199841254415,45.7370147938922,4.45439815749121,17.3258004432829,9.84275161004428,17.7741480857427,7.2992807638175,32.0260485053722,0.3191329048442,15.3050278382858,11.2448535213853,49.4283414707923,49.1066734147951,7.88417098675963,36.1173340323543,11.692599869348,1.08760292266806,18.4681107837273,21.4663375600072,35.94575703927,18.6455930096366,21.194585323106,16.1979542109402,-0.0105262613189023,8.7936452631835,5.93356824427359
"NON-BR",20.7605544302795,50.8635770645365,70.1092040084175,49.1011763884285,33.6445462099022,49.7341243372302,22.2307299523217,50.9559518312982,57.4199841254415,111.226976046604,71.4820648332076,6.92890069988953,28.5797437428763,18.9320231378705,29.8831138575491,13.9082251115818,51.6807976512703,2.15850823989313,22.5363099796435,18.9528558836729,81.5831808339286,86.3577484360643,13.4739880316429,59.2219947356773,18.2655641063595,1.71266264262551,29.5128498577863,35.2676327636102,55.7223785862813,35.1869169784951,25.2690780678416,24.6134820458519,-0.206833915899798,11.3058611282312,11.5013969387477
"NON-PNS",14.9632009205027,40.7726175148413,63.4495251159894,39.2308134194079,27.8181386668068,40.6111630070727,19.430669379367,40.9764288413435,45.7370147938922,71.4820648332076,61.8942208570815,2.96783764233692,20.5774915803841,13.2811979459806,23.4691343432631,10.8350709693359,40.2998014472478,1.76233474904433,17.3350538641104,13.8536306274604,62.8589630404671,64.7021133536694,8.07244928944145,36.9802539124335,14.793623244458,1.34583745876041,22.9203011961083,26.2820978082358,42.6257644425215,24.317503136911,26.0245043403875,19.0235981299872,0.139594618812958,11.6723157757638,9.03424981284754
"BR-PT",1.25010344415099,3.32671674484061,3.90238330929637,3.19480220804294,2.99431043231636,3.85551830833637,0.901121652480671,3.96593196072729,4.45439815749121,6.92890069988953,2.96783764233692,5.14073976359146,3.59300499831975,-2.18975340435772,-1.10374033933942,-3.51136547122783,0.582732371862989,-2.91151595589614,0.855710037173482,1.91785703097487,6.18947609750435,4.19090661358005,1.50321520849223,5.02898381761271,1.0154331557278,0.173388667583475,2.15573822558347,1.46389869123884,4.28711763979591,2.50811485462677,3.32706750765532,2.15802514581117,-2.16015071443886,0.29076096296084,0.638302594739778
"BR-APET",6.09628594942522,15.6499241988582,21.6478096005137,15.0755134425994,10.8485584995664,15.7577615878353,6.5779983100608,15.4609743758827,17.3258004432829,28.5797437428763,20.5774915803841,3.59300499831975,11.7976323132537,6.04108600881432,8.20153407153739,3.97525798295147,16.5681059672327,0.568981776865252,6.0476872201714,6.18956396598569,26.0017533754772,25.3410998595683,4.3189885384242,19.528864642783,4.21445476226439,0.782571962670131,9.13456544289586,10.3330553856573,18.3524658613263,10.4171392100113,9.13907899114899,8.81575889088237,-0.595230406854358,4.20085872032443,3.14797508908378
"PT-APET",3.80249325449076,8.25478395412651,14.0937642635123,8.44676487298179,6.08043349126045,9.52090985546496,7.00254457585801,8.30339451314913,9.84275161004428,18.9320231378705,13.2811979459806,-2.18975340435772,6.04108600881432,11.3132507490683,11.3539054427003,10.5407819269558,15.1070872626924,7.94698725899484,4.24662176774942,3.41217467483482,13.996704269137,16.105656990411,1.36438376924014,11.8539119344139,1.40813860327688,1.07613338668556,5.05277342899239,7.13258843049147,9.52559940737345,5.19783788251372,-0.33141950623058,3.50655402957629,4.81454871599981,2.53740697960507,2.30565800070239
"PT-BA",5.45228125775262,15.9947653894642,24.1086521681816,15.8994523242649,11.8740289697032,16.9959817327651,9.28937291598299,15.5174659267618,17.7741480857427,29.8831138575491,23.4691343432631,-1.10374033933942,8.20153407153739,11.3539054427003,18.1758916916641,12.6561723412858,22.6100281692849,6.68031762872242,7.5495014153153,5.04752520683283,25.1854882827569,26.1042024640731,3.48542058399282,18.1404915671104,7.54008180075338,0.914207123841623,11.6529288940604,10.8855605122202,17.3168623633852,10.7999366771094,6.71572404389827,8.87141867890333,8.03860718308936,3.99999682927898,3.22423630178486
"PT-EAM",2.27376144921553,5.04372220985027,10.255998995138,6.91742808757904,5.1130134357486,6.94753507535634,3.94857051280508,6.82808364760096,7.2992807638175,13.9082251115818,10.8350709693359,-3.51136547122783,3.97525798295147,10.5407819269558,12.6561723412858,14.0360311224016,15.9103188363247,9.34498829488238,3.10781533549049,1.47102504994618,9.07018462158725,10.5748544161449,1.17932250827041,7.3068592098628,1.50919601174875,0.57179327160977,3.43471184091614,5.80990640869998,6.99207768570804,4.1916615204494,-0.191041509311453,3.03687648783581,10.0312104906039,1.47478356677262,2.15249903390005
"PT-ZYGI",11.2944864480534,27.1622080170849,42.2679890031743,28.3645971903691,20.2460337533443,29.3049013594537,14.216867180172,29.9001521437188,32.0260485053722,51.6807976512703,40.2998014472478,0.582732371862989,16.5681059672327,15.1070872626924,22.6100281692849,15.9103188363247,37.7180497725053,7.61772876645357,11.8484986582867,9.94167796675971,47.1274236781108,46.5089356238999,6.77878455435035,32.8614613315067,9.48606968293491,1.19981155079788,17.0403037505416,19.9734600841012,33.7241201380307,18.5674972380101,16.3317751425688,14.8279798299982,7.15091945132716,6.9001240675083,6.49327536966093
"PT-TSP",0.479205599012836,-1.62938351084101,2.33989131714228,0.616431661306656,0.285115158042534,0.947074990148581,1.72771876269516,1.40012187295223,0.3191329048442,2.15850823989313,1.76233474904433,-2.91151595589614,0.568981776865252,7.94698725899484,6.68031762872242,9.34498829488238,7.61772876645357,12.600106793431,-0.652208339814541,-0.0880444738944156,-0.120521527665036,2.44706803639763,-1.11607744041598,0.74199638043334,-1.66208983003498,-0.00876175044075996,-1.07752600723219,1.76505829215255,-0.883849597153437,-1.25414061533547,-4.41251525978743,-1.32083835782728,6.59464152930996,-0.767749832333854,-0.165190456802758
"ZS-ZI",4.80121838315547,11.6110626109126,16.7635092973848,10.2292148061382,8.72331747296536,10.5832140055676,6.89820111898595,7.41731029417822,15.3050278382858,22.5363099796435,17.3350538641104,0.855710037173482,6.0476872201714,4.24662176774942,7.5495014153153,3.10781533549049,11.8484986582867,-0.652208339814541,10.575816942295,4.22484338965366,16.4898109005082,17.8902450897591,2.90203844056206,12.9269848212393,4.60464180824321,0.279385448200251,7.36115153698023,7.68801306220601,13.0986142497662,7.73638060821706,4.40304456156697,6.06320947372161,-0.0164892382639522,2.2000806859353,3.19356078437761
"ZI-MT",4.09347550577932,10.5587378415232,15.4093814365861,10.1657787579428,6.50473580918487,13.393008275639,6.15080094692008,10.1648411461908,11.2448535213853,18.9528558836729,13.8536306274604,1.91785703097487,6.18956396598569,3.41217467483482,5.04752520683283,1.47102504994618,9.94167796675971,-0.0880444738944156,4.22484338965366,6.98998360672945,18.7244745254905,19.0064542181563,3.15035376758507,13.3535868897181,3.00447150227139,0.161781901559006,6.51336067505138,6.78727085341618,11.8139384086688,6.64225768469819,5.40179469366094,5.18894992927563,-1.70825259288916,3.42980453651346,2.35179389195091
"ZI-ZYGI",18.1965146972234,48.3021416105813,67.5025425888675,45.8549904301446,29.1051645719634,49.322939286528,24.7854336972463,48.7861388451698,49.4283414707923,81.5831808339286,62.8589630404671,6.18947609750435,26.0017533754772,13.996704269137,25.1854882827569,9.07018462158725,47.1274236781108,-0.120521527665036,16.4898109005082,18.7244745254905,85.0601922991085,81.9048184082106,11.869003220039,56.5029622024758,17.2341958207206,1.17583615264205,28.6227691805351,29.37567123124,53.440738416318,33.1715681688495,29.6062266623995,26.4179910411832,-3.60575027587462,13.2792345956954,10.2970061692151
"ZI-TSP",18.3351807348672,48.0472650776926,67.0909796444596,45.5146547051006,28.6416636257896,49.2560596238233,24.3960058899682,46.8113383291939,49.1066734147951,86.3577484360643,64.7021133536694,4.19090661358005,25.3410998595683,16.105656990411,26.1042024640731,10.5748544161449,46.5089356238999,2.44706803639763,17.8902450897591,19.0064542181563,81.9048184082106,85.9398239339087,11.9655797832497,56.2161088704123,17.1518318476801,1.30838794199241,28.3072447806822,30.5115351755265,50.4639046701655,32.8703905430516,28.5302363705829,24.0862840018632,-3.8753578207475,13.7074051074902,10.5244166356894
"MT-PNS",2.74198141236237,7.78257523358213,7.01258069587626,7.69780538545739,5.0851141112137,7.44136713513061,2.51334100866089,7.29659396106246,7.88417098675963,13.4739880316429,8.07244928944145,1.50321520849223,4.3189885384242,1.36438376924014,3.48542058399282,1.17932250827041,6.77878455435035,-1.11607744041598,2.90203844056206,3.15035376758507,11.869003220039,11.9655797832497,4.3110224649202,11.094778289816,2.49382362781479,0.292024024886115,4.44731107638314,4.48971020840393,8.34951788456514,5.21178049885788,4.99486005343355,4.55602643440771,-0.245157501627772,2.20810085097733,1.39996098275461
"PNS-APET",12.8354543176109,33.901011660518,37.3950087949111,32.140642170561,22.1651914722235,33.0853447766131,17.9068919104979,33.3150989117133,36.1173340323543,59.2219947356773,36.9802539124335,5.02898381761271,19.528864642783,11.8539119344139,18.1404915671104,7.3068592098628,32.8614613315067,0.74199638043334,12.9269848212393,13.3535868897181,56.5029622024758,56.2161088704123,11.094778289816,52.23971376041,10.6369364760651,0.743358725454878,20.2042362038775,21.549700101713,37.6477572208456,22.092384117935,15.6010281143406,18.8470522925707,-1.37634449718093,8.75681846718203,5.79246264352045
"APET-BA",3.32554267073078,11.4290780684688,14.2768378451478,10.2115098772326,7.32047609516504,10.3709964074944,4.76514672512497,10.5711667714437,11.692599869348,18.2655641063595,14.793623244458,1.0154331557278,4.21445476226439,1.40813860327688,7.54008180075338,1.50919601174875,9.48606968293491,-1.66208983003498,4.60464180824321,3.00447150227139,17.2341958207206,17.1518318476801,2.49382362781479,10.6369364760651,8.38889472047129,-0.00463986461744707,8.67452127246419,6.65259137917579,11.2872823318337,8.14321222116829,7.79007233787847,6.88518378896291,0.732696119778752,3.35027696765681,1.25898562998312
"APET-TS",0.447301736988861,0.762646557242506,1.56833381116053,0.668997437160058,0.646585275625844,0.609093031412026,1.639178853186,1.09246330700662,1.08760292266806,1.71266264262551,1.34583745876041,0.173388667583475,0.782571962670131,1.07613338668556,0.914207123841623,0.57179327160977,1.19981155079788,-0.00876175044075996,0.279385448200251,0.161781901559006,1.17583615264205,1.30838794199241,0.292024024886115,0.743358725454878,-0.00463986461744707,1.4232399249358,0.755234674480165,0.699263141942879,1.13206867194275,0.850241806646915,0.870130323428226,0.518855055267882,-0.29811186413422,0.931831684991286,0.758273261659121
"BA-EAM",5.89773461069696,18.0283137355806,24.4225158127277,16.2927969905325,11.8523910344755,18.2554991888883,9.0449760300642,16.1880345069715,18.4681107837273,29.5128498577863,22.9203011961083,2.15573822558347,9.13456544289586,5.05277342899239,11.6529288940604,3.43471184091614,17.0403037505416,-1.07752600723219,7.36115153698023,6.51336067505138,28.6227691805351,28.3072447806822,4.44731107638314,20.2042362038775,8.67452127246419,0.755234674480165,13.6221892813946,10.14696502723,19.3332132263282,12.0062398559323,11.1537192195974,9.86413544573669,0.421552645125941,4.81580807218152,2.7762214969457
"EAM-ZYGI",7.71823959369116,18.3315466705322,27.0004458823848,18.8307556925067,13.3400041454339,18.4966372888798,9.05201289283905,20.2043439096896,21.4663375600072,35.2676327636102,26.2820978082358,1.46389869123884,10.3330553856573,7.13258843049147,10.8855605122202,5.80990640869998,19.9734600841012,1.76505829215255,7.68801306220601,6.78727085341618,29.37567123124,30.5115351755265,4.48971020840393,21.549700101713,6.65259137917579,0.699263141942879,10.14696502723,15.0417276254233,21.5421085256947,10.7353523119726,11.7633227446505,9.11295878381168,0.498180782530213,5.39214362021247,4.05051404784611
"ZYGI-TSP",12.6351778702783,31.958766388894,45.2536292460278,31.417854661998,22.3828673460172,31.9067805963354,15.8565765330772,33.1712124399531,35.94575703927,55.7223785862813,42.6257644425215,4.28711763979591,18.3524658613263,9.52559940737345,17.3168623633852,6.99207768570804,33.7241201380307,-0.883849597153437,13.0986142497662,11.8139384086688,53.440738416318,50.4639046701655,8.34951788456514,37.6477572208456,11.2872823318337,1.13206867194275,19.3332132263282,21.5421085256947,38.9708450604603,20.1829544229231,20.5907086478069,18.0075320027321,-0.230770545405375,8.92258987108175,6.86781216759206
"LD-AS",6.64213699756306,18.4991900538196,23.2840859652104,16.7327776332596,10.0539340501725,17.7372380856489,7.97866596264019,16.6455092721067,18.6455930096366,35.1869169784951,24.317503136911,2.50811485462677,10.4171392100113,5.19783788251372,10.7999366771094,4.1916615204494,18.5674972380101,-1.25414061533547,7.73638060821706,6.64225768469819,33.1715681688495,32.8703905430516,5.21178049885788,22.092384117935,8.14321222116829,0.850241806646915,12.0062398559323,10.7353523119726,20.1829544229231,19.4473523942615,8.95585217668071,14.4669404157335,-1.71589358398089,3.17110123899086,4.38811935741913
"BR-LD",6.87321682377907,18.0398714427565,30.5181920394565,21.3265982668729,15.7552876653425,20.6888039349652,6.88643086515479,24.4752901620574,21.194585323106,25.2690780678416,26.0245043403875,3.32706750765532,9.13907899114899,-0.33141950623058,6.71572404389827,-0.191041509311453,16.3317751425688,-4.41251525978743,4.40304456156697,5.40179469366094,29.6062266623995,28.5302363705829,4.99486005343355,15.6010281143406,7.79007233787847,0.870130323428226,11.1537192195974,11.7633227446505,20.5907086478069,8.95585217668071,35.483253687755,3.32791759431031,-3.25000584514784,4.99400687605089,2.43427886918242
"OPI-LD",4.71883417931506,16.772426422713,17.2633777064311,14.1264770288129,8.81596016274226,13.0530404334674,5.92452874142846,14.2432753160648,16.1979542109402,24.6134820458519,19.0235981299872,2.15802514581117,8.81575889088237,3.50655402957629,8.87141867890333,3.03687648783581,14.8279798299982,-1.32083835782728,6.06320947372161,5.18894992927563,26.4179910411832,24.0862840018632,4.55602643440771,18.8470522925707,6.88518378896291,0.518855055267882,9.86413544573669,9.11295878381168,18.0075320027321,14.4669404157335,3.32791759431031,18.9617539803735,0.41563971221558,5.08701132987626,2.41675403998219
"PT-AS",-1.24779842959542,-1.66683019131783,-0.491133692727817,0.509366164773934,1.90931828030481,0.0758003349835454,-0.0204617897562916,0.173215858292957,-0.0105262613189023,-0.206833915899798,0.139594618812958,-2.16015071443886,-0.595230406854358,4.81454871599981,8.03860718308936,10.0312104906039,7.15091945132716,6.59464152930996,-0.0164892382639522,-1.70825259288916,-3.60575027587462,-3.8753578207475,-0.245157501627772,-1.37634449718093,0.732696119778752,-0.29811186413422,0.421552645125941,0.498180782530213,-0.230770545405375,-1.71589358398089,-3.25000584514784,0.41563971221558,13.3443736500281,0.136587020611824,1.10301076519057
"JP-AS",3.00862832653617,9.97012300663859,12.7181652126633,8.57263749989073,5.51425158486438,9.16277294529345,6.59793206925376,9.03335523916389,8.7936452631835,11.3058611282312,11.6723157757638,0.29076096296084,4.20085872032443,2.53740697960507,3.99999682927898,1.47478356677262,6.9001240675083,-0.767749832333854,2.2000806859353,3.42980453651346,13.2792345956954,13.7074051074902,2.20810085097733,8.75681846718203,3.35027696765681,0.931831684991286,4.81580807218152,5.39214362021247,8.92258987108175,3.17110123899086,4.99400687605089,5.08701132987626,0.136587020611824,9.07792488072323,2.31194055867525
"BA-OPI",2.5078204793838,5.78854832581483,9.59184710260125,5.77712357496823,3.30683184942797,6.26961133608222,4.24830736188269,5.19200708278404,5.93356824427359,11.5013969387477,9.03424981284754,0.638302594739778,3.14797508908378,2.30565800070239,3.22423630178486,2.15249903390005,6.49327536966093,-0.165190456802758,3.19356078437761,2.35179389195091,10.2970061692151,10.5244166356894,1.39996098275461,5.79246264352045,1.25898562998312,0.758273261659121,2.7762214969457,4.05051404784611,6.86781216759206,4.38811935741913,2.43427886918242,2.41675403998219,1.10301076519057,2.31194055867525,4.74021998402268
