"","IS-PM","IS-NLE","IS-PNS","PM-ZS","PM-ZI","PM-MT","NLE-NON","NLE-ZS","NLE-ZI","NON-BR","NON-PNS","BR-PT","BR-APET","PT-APET","PT-BA","PT-EAM","PT-ZYGI","PT-TSP","ZS-ZI","ZI-MT","ZI-ZYGI","ZI-TSP","MT-PNS","PNS-APET","APET-BA","APET-TS","BA-EAM","EAM-ZYGI","ZYGI-TSP","LD-AS","BR-LD","OPI-LD","PT-AS","JP-AS","BA-OPI"
"IS-PM",1.26308424553776,1.82415230096178,2.99362403875289,1.15262647744474,0.929500695927466,1.35979215582478,1.58580980180235,1.08972963479915,1.13722628623625,0.965456590270062,1.03249566028615,0.31133751285002,0.961577301366708,1.08313563976777,1.74960643018398,1.15665006641708,0.742876553842794,0.25714091263263,0.145234484864566,0.419942207222615,1.05771054012698,1.26740901652833,0.122803413643281,1.01120875814862,0.739167115874816,0.156580919540897,0.920343127335236,1.13901366029098,0.792864788491022,1.33119792467725,-0.1795142538332,1.2267273163107,0.970412169730081,0.199009624955021,0.164590651506756
"IS-NLE",1.82415230096178,4.32093291852997,5.56446922294757,3.29770582193066,2.35643706535657,3.65956265971678,2.4721815937695,1.9503625091654,2.04019936865118,2.16852211114372,2.92210471289876,1.08610941775251,2.23958585109667,2.09616279970343,3.69574221184117,2.60727214645074,1.93771146318474,0.492958150771417,0.651841556064389,1.23902787204673,3.58454265479514,3.66423238941467,0.246360288895076,2.86232388845907,1.8779615848364,0.458561471980581,1.80796141998035,2.61510321509211,2.15540641056298,2.44826468297437,0.98061341090992,2.28807650077255,2.50323886702031,0.627981272339191,0.559229877497206
"IS-PNS",2.99362403875289,5.56446922294757,14.2042611848567,6.61197452459553,6.91727557430905,8.96672426754318,8.96968503918541,5.44285162581876,6.84288261377455,2.99087127191019,5.49884660897155,2.01761412823267,4.52493879054253,3.99151957363671,6.42635980274282,4.14346610946839,2.94206495608676,0.729136968472571,1.7932031349735,2.18843673041491,5.57959914595562,5.83324103135129,0.875189836856304,3.43247752154807,2.90663307531207,0.560164418211979,3.34218228644877,4.42266493770588,3.31856841802274,5.65739749965065,0.920872907670062,5.27610389775686,4.04916486780282,1.38428830748852,1.00164344194634
"PM-ZS",1.15262647744474,3.29770582193066,6.61197452459553,7.52129158362537,5.86375782827053,6.32606981486559,5.99751942505774,5.54389058230371,4.87354465207549,2.53481708189522,3.18164855346757,1.82190851983831,2.95403248669271,2.35642834445653,4.34245240605964,3.5870281897477,2.42726930653949,0.747294684475239,1.16359603179163,0.925459239069914,3.96582344119332,4.03691774814132,0.72702466243178,5.12007333659047,1.92526988215644,0.572619469058166,1.64935927295494,3.36281413619482,2.60788035413967,2.07639672343179,3.32548560262718,1.89932924645839,3.79255067742373,1.42066277031356,0.52602696296639
"PM-ZI",0.929500695927466,2.35643706535657,6.91727557430905,5.86375782827053,7.49119247917896,6.65322024751424,7.76439351429708,4.87976810072579,6.57456040806131,1.54298159533771,2.83557883727575,1.78419378478472,2.4961576566853,1.93355110248972,4.01318350302547,3.25822880109922,1.907085185161,0.683477612370984,1.30864844092196,0.811466472481842,1.96862632038548,1.80986533173796,0.796526747310965,4.69405753904247,1.52264826328533,0.373945694700637,1.68802300970886,3.05008115534643,1.89290030021318,2.47422126182805,1.58515104742161,2.58959678711153,4.02045223203552,1.93715927865304,0.361950476530637
"PM-MT",1.35979215582478,3.65956265971678,8.96672426754318,6.32606981486559,6.65322024751424,8.26832220360642,7.7124161599329,4.74509213643128,5.84368885513723,1.72591329889516,4.07445286678611,2.31370549860477,3.45676974520874,2.26659489348454,4.70626440576559,3.2889811381456,2.23219032183459,0.0314488727188621,1.64476158973924,1.74001636049953,4.70105598487012,4.01307553826061,0.748435570695787,4.56913677716768,2.32557285165466,0.284388483470023,2.20793474693415,3.54976425894675,2.6969903844425,3.20251660406668,2.37520725092889,3.19690949447857,3.908458813999,1.62511688248386,0.651275763366682
"NLE-NON",1.58580980180235,2.4721815937695,8.96968503918541,5.99751942505774,7.76439351429708,7.7124161599329,17.1862568402252,5.94847305540874,7.95704772641782,-2.26993501255681,4.87455759581413,5.1500979508044,4.19200168744224,1.7144754522908,5.38736496526529,3.78289915359241,2.65652896139507,-0.580640669942101,2.11352858507923,1.56738921635214,4.01248883921858,2.48826997217722,0.947078237944154,4.88600524564302,2.67161851563229,-0.38346845364171,2.27221080033855,3.21437752201257,3.0130947243952,5.0108398896986,0.0145901865386468,4.71587839065054,3.57096348527998,0.8786444595656,0.603740821094159
"NLE-ZS",1.08972963479915,1.9503625091654,5.44285162581876,5.54389058230371,4.87976810072579,4.74509213643128,5.94847305540874,5.06336887518282,4.81656517593376,1.66667070858429,2.15028278553405,1.32512834724724,2.05090272083969,1.6316067256396,3.20337694398498,2.6305537931572,1.57237908343987,0.776164027087436,0.769265403299882,0.575190879387336,2.34535488718298,2.70253646699627,0.599047027954653,3.70181224768177,1.39600829996805,0.336565875235167,1.29330067956172,2.3925610489175,1.64967817033298,1.90368957046568,2.07573253582289,1.43847927052543,2.69568656128381,0.812769701397728,0.309865474622311
"NLE-ZI",1.13722628623625,2.04019936865118,6.84288261377455,4.87354465207549,6.57456040806131,5.84368885513723,7.95704772641782,4.81656517593376,6.73571586906128,1.46245585910312,3.12293072776,1.84923743559998,2.42111871912003,1.95436707684856,3.88791699123083,3.00840303657174,1.72411361017655,0.680294641597324,1.62732170254973,1.07711223449166,1.82393901062885,1.90543732635488,0.684249560589843,3.88148446513218,1.51959500558734,0.263616379082635,1.75463939869,2.73237676339378,1.72108989130957,3.11988339872782,0.745169076959862,2.72192867543433,3.26794032961593,1.20387554700526,0.289647026807673
"NON-BR",0.965456590270062,2.16852211114372,2.99087127191019,2.53481708189522,1.54298159533771,1.72591329889516,-2.26993501255681,1.66667070858429,1.46245585910312,10.3372064917034,1.43036301668156,1.27735050370114,1.64848224909852,2.90776701825584,3.32655912441785,2.76946646836047,0.77386560990145,1.08392906137437,0.823650337146133,0.549592205399839,2.09253511531726,2.4150965675654,-0.254797464762679,2.20886091774329,0.715484499559581,1.00650727497797,1.07927767708233,1.14673751807883,-0.209050246564544,3.08623484871791,-2.42577667905627,3.05782539761398,2.16664114362205,0.483612612549638,0.272570174993326
"NON-PNS",1.03249566028615,2.92210471289876,5.49884660897155,3.18164855346757,2.83557883727575,4.07445286678611,4.87455759581413,2.15028278553405,3.12293072776,1.43036301668156,4.98966081269084,2.34128803658126,3.04456826036953,2.36178701315725,4.01968159036073,2.81328010654572,1.5837862089324,-0.245253946620916,2.23258429589745,1.79086977880024,3.88325806927432,3.13399454142146,0.382236780126627,2.53151739269912,1.99104228472489,0.356529701224944,1.87939096647556,2.14852839534675,1.73924715318414,3.385385785697,0.448158437041098,2.95138186636211,2.31012747409514,0.378066147405552,0.59259642751396
"BR-PT",0.31133751285002,1.08610941775251,2.01761412823267,1.82190851983831,1.78419378478472,2.31370549860477,5.1500979508044,1.32512834724724,1.84923743559998,1.27735050370114,2.34128803658126,3.58874960719676,2.29893717530034,0.698501776389609,2.47357479363596,1.68392324751633,1.30776162764347,-0.259682236796939,1.19428745462505,0.881266861862748,2.66552021315979,1.24809162382096,0.2589287640506,1.95682537706434,1.40411124274117,-0.15228758059717,0.949650146214916,1.01748045408124,1.06780162466101,2.65603677220321,-0.737630148313646,2.20620830428306,1.1057532855391,-0.213036544614152,0.220791395982664
"BR-APET",0.961577301366708,2.23958585109667,4.52493879054253,2.95403248669271,2.4961576566853,3.45676974520874,4.19200168744224,2.05090272083969,2.42111871912003,1.64848224909852,3.04456826036953,2.29893717530034,3.26727115850519,1.93133814965515,3.33886031315525,2.32188038034026,1.57343561579553,-0.243370654972595,1.33788265489687,1.13463089570289,3.30452681126702,2.44210085318456,0.428684816449213,2.37813266955696,1.69002406198577,0.142395194155203,1.43754422706572,1.944955206945,1.67360793053082,2.74419797227431,0.93355131392518,2.59894897418019,1.83878762173952,0.671737826927922,0.39736396519737
"PT-APET",1.08313563976777,2.09616279970343,3.99151957363671,2.35642834445653,1.93355110248972,2.26659489348454,1.7144754522908,1.6316067256396,1.95436707684856,2.90776701825584,2.36178701315725,0.698501776389609,1.93133814965515,3.20877966167809,3.51624549565665,2.70839032795466,1.30373682997095,0.768812526215275,1.12876843715388,0.774874619932436,1.38205594794208,1.72136818217109,0.129499723016958,1.65228579805847,0.454682679247179,0.549664263135575,1.06880269109706,1.11904708057406,0.888806079004512,1.94108152785224,-0.342362221993814,2.1570504508531,2.19881123928899,0.410493920028739,0.267422032649293
"PT-BA",1.74960643018398,3.69574221184117,6.42635980274282,4.34245240605964,4.01318350302547,4.70626440576559,5.38736496526529,3.20337694398498,3.88791699123083,3.32655912441785,4.01968159036073,2.47357479363596,3.33886031315525,3.51624549565665,5.96107042746012,4.43080442854653,2.48435093674937,1.37104053074101,1.83012080078331,1.32504949016095,3.41295562783266,3.3558144770661,0.539633393400347,3.66199810308895,2.30116969227746,0.510322730105375,2.42655414415099,2.44088838849988,1.88150262650148,3.70567353450962,0.0354881461462631,3.66193410463962,4.14036507371897,0.934450297627434,0.482268345701874
"PT-EAM",1.15665006641708,2.60727214645074,4.14346610946839,3.5870281897477,3.25822880109922,3.2889811381456,3.78289915359241,2.6305537931572,3.00840303657174,2.76946646836047,2.81328010654572,1.68392324751633,2.32188038034026,2.70839032795466,4.43080442854653,3.93740511430788,2.11892714713676,1.41926824361262,1.3081154867393,0.590952899492817,2.12100491592796,2.17445441214529,0.506632011283778,3.144078367388,1.40305845094244,0.53078954255859,1.46323385274468,2.10705815033702,1.41374201615715,2.09546479091298,0.557088666363234,2.21609435111983,3.85743247986018,1.05548885786126,0.24098916837111
"PT-ZYGI",0.742876553842794,1.93771146318474,2.94206495608676,2.42726930653949,1.907085185161,2.23219032183459,2.65652896139507,1.57237908343987,1.72411361017655,0.77386560990145,1.5837862089324,1.30776162764347,1.57343561579553,1.30373682997095,2.48435093674937,2.11892714713676,2.32938058885484,1.12215677272625,0.8549826853792,0.616492552568294,1.70564323924597,1.83630505867858,0.462359516864656,1.44675345634066,0.963987046203454,0.293947535614697,0.978680476126549,1.4768498443664,1.95920679041532,1.13044977870602,0.784483799272386,1.1566692466788,2.00621602776055,0.745395090601152,0.160738750679327
"PT-TSP",0.25714091263263,0.492958150771417,0.729136968472571,0.747294684475239,0.683477612370984,0.0314488727188621,-0.580640669942101,0.776164027087436,0.680294641597324,1.08392906137437,-0.245253946620916,-0.259682236796939,-0.243370654972595,0.768812526215275,1.37104053074101,1.41926824361262,1.12215677272625,3.66602257377802,-0.203446591600649,-0.336976175221645,-0.792191417203921,1.15021886629336,0.190810676384464,-0.387930836315921,0.506771013477822,0.29891595187435,0.615984887261285,-0.0527158357163061,-0.130416401536494,0.197613504864147,-1.04789433376579,-0.0652759364413352,1.79781266666979,0.470466640292821,-0.330237131195326
"ZS-ZI",0.145234484864566,0.651841556064389,1.7932031349735,1.16359603179163,1.30864844092196,1.64476158973924,2.11352858507923,0.769265403299882,1.62732170254973,0.823650337146133,2.23258429589745,1.19428745462505,1.33788265489687,1.12876843715388,1.83012080078331,1.3081154867393,0.8549826853792,-0.203446591600649,1.79195740941571,0.862168691433099,1.39886993315308,0.98208162901044,0.152418088542442,0.983683654972472,0.681358903220959,0.0758895825195293,0.75938111494292,0.668669693913744,0.814847354185303,1.46456587395552,0.164838278133651,1.32898396423898,0.980057172367835,0.258185247010395,0.115037420522835
"ZI-MT",0.419942207222615,1.23902787204673,2.18843673041491,0.925459239069914,0.811466472481842,1.74001636049953,1.56738921635214,0.575190879387336,1.07711223449166,0.549592205399839,1.79086977880024,0.881266861862748,1.13463089570289,0.774874619932436,1.32504949016095,0.590952899492817,0.616492552568294,-0.336976175221645,0.862168691433099,1.31978035284218,1.53688417898447,1.53178974655708,-0.0917833021873036,0.601481530953071,0.860242671108585,0.0532803726958362,0.793888726911448,0.62171800798049,0.953088687149293,1.49654888823619,-0.153220504534101,1.29402689257409,0.503076440516462,0.100067419442825,0.273808480308716
"ZI-ZYGI",1.05771054012698,3.58454265479514,5.57959914595562,3.96582344119332,1.96862632038548,4.70105598487012,4.01248883921858,2.34535488718298,1.82393901062885,2.09253511531726,3.88325806927432,2.66552021315979,3.30452681126702,1.38205594794208,3.41295562783266,2.12100491592796,1.70564323924597,-0.792191417203921,1.39886993315308,1.53688417898447,6.86516927739252,5.24843446888993,0.363207646251258,3.30000575040705,2.58646943209521,0.118928794667651,1.68891003073474,2.40192619042592,2.21046697309044,2.9220777496961,2.6880362865702,2.25594151196194,1.75120826686413,0.0584678081308705,0.66563375080263
"ZI-TSP",1.26740901652833,3.66423238941467,5.83324103135129,4.03691774814132,1.80986533173796,4.01307553826061,2.48826997217722,2.70253646699627,1.90543732635488,2.4150965675654,3.13399454142146,1.24809162382096,2.44210085318456,1.72136818217109,3.3558144770661,2.17445441214529,1.83630505867858,1.15021886629336,0.98208162901044,1.53178974655708,5.24843446888993,6.06963691342411,0.124228280509455,2.21900570458272,2.47289821376442,0.268001954863726,1.77566379078655,2.1513505872697,2.17743616337985,2.7075591622708,2.08682632142032,1.94479486481656,1.91372326799115,0.201727790390945,0.463683161577713
"MT-PNS",0.122803413643281,0.246360288895076,0.875189836856304,0.72702466243178,0.796526747310965,0.748435570695787,0.947078237944154,0.599047027954653,0.684249560589843,-0.254797464762679,0.382236780126627,0.2589287640506,0.428684816449213,0.129499723016958,0.539633393400347,0.506632011283778,0.462359516864656,0.190810676384464,0.152418088542442,-0.0917833021873036,0.363207646251258,0.124228280509455,0.442764986268855,0.55441873873953,0.284551427343505,0.0842171751277463,0.25166507608305,0.612769298786838,0.375062605671017,0.216058406472905,0.37638943016998,0.219900239740294,0.498051067723103,0.290163780020366,0.0525079111737055
"PNS-APET",1.01120875814862,2.86232388845907,3.43247752154807,5.12007333659047,4.69405753904247,4.56913677716768,4.88600524564302,3.70181224768177,3.88148446513218,2.20886091774329,2.53151739269912,1.95682537706434,2.37813266955696,1.65228579805847,3.66199810308895,3.144078367388,1.44675345634066,-0.387930836315921,0.983683654972472,0.601481530953071,3.30000575040705,2.21900570458272,0.55441873873953,6.26794821556833,1.66218218870047,0.324126569149493,1.29090472747583,3.17259093310245,1.72202746361676,1.74369444371577,2.40861205738499,1.67282117037506,3.16728961996989,0.936831664969511,0.192415691468732
"APET-BA",0.739167115874816,1.8779615848364,2.90663307531207,1.92526988215644,1.52264826328533,2.32557285165466,2.67161851563229,1.39600829996805,1.51959500558734,0.715484499559581,1.99104228472489,1.40411124274117,1.69002406198577,0.454682679247179,2.30116969227746,1.40305845094244,0.963987046203454,0.506771013477822,0.681358903220959,0.860242671108585,2.58646943209521,2.47289821376442,0.284551427343505,1.66218218870047,2.22223621355926,0.00451378404137982,1.54196924657453,1.50363514636508,1.00485330826172,2.21932666712943,0.183291642880483,1.83786830731492,1.43660334628613,0.423694228667667,0.269115607061056
"APET-TS",0.156580919540897,0.458561471980581,0.560164418211979,0.572619469058166,0.373945694700637,0.284388483470023,-0.38346845364171,0.336565875235167,0.263616379082635,1.00650727497797,0.356529701224944,-0.15228758059717,0.142395194155203,0.549664263135575,0.510322730105375,0.53078954255859,0.293947535614697,0.29891595187435,0.0758895825195293,0.0532803726958362,0.118928794667651,0.268001954863726,0.0842171751277463,0.324126569149493,0.00451378404137982,0.429033814278916,0.208900105810658,0.189603991219712,0.100416013323235,0.122006876548596,-0.0450883785897141,0.241555356179865,0.53746465251414,0.304378451332005,0.143265447367671
"BA-EAM",0.920343127335236,1.80796141998035,3.34218228644877,1.64935927295494,1.68802300970886,2.20793474693415,2.27221080033855,1.29330067956172,1.75463939869,1.07927767708233,1.87939096647556,0.949650146214916,1.43754422706572,1.06880269109706,2.42655414415099,1.46323385274468,0.978680476126549,0.615984887261285,0.75938111494292,0.793888726911448,1.68891003073474,1.77566379078655,0.25166507608305,1.29090472747583,1.54196924657453,0.208900105810658,1.54863111895367,1.15151464950304,0.868977168091798,2.0145033602277,-0.159879447544789,1.79138869328002,1.42864579409562,0.428713486268664,0.238379406890309
"EAM-ZYGI",1.13901366029098,2.61510321509211,4.42266493770588,3.36281413619482,3.05008115534643,3.54976425894675,3.21437752201257,2.3925610489175,2.73237676339378,1.14673751807883,2.14852839534675,1.01748045408124,1.944955206945,1.11904708057406,2.44088838849988,2.10705815033702,1.4768498443664,-0.0527158357163061,0.668669693913744,0.62171800798049,2.40192619042592,2.1513505872697,0.612769298786838,3.17259093310245,1.50363514636508,0.189603991219712,1.15151464950304,3.49151819395851,1.86704612652416,2.13020091886495,0.942355000289236,2.01310308925561,1.90905143420352,0.66851180871144,0.220200475861255
"ZYGI-TSP",0.792864788491022,2.15540641056298,3.31856841802274,2.60788035413967,1.89290030021318,2.6969903844425,3.0130947243952,1.64967817033298,1.72108989130957,-0.209050246564544,1.73924715318414,1.06780162466101,1.67360793053082,0.888806079004512,1.88150262650148,1.41374201615715,1.95920679041532,-0.130416401536494,0.814847354185303,0.953088687149293,2.21046697309044,2.17743616337985,0.375062605671017,1.72202746361676,1.00485330826172,0.100416013323235,0.868977168091798,1.86704612652416,2.4667477963876,1.10474731419752,1.89452842080579,1.06923366307412,1.18821229986027,0.607097568386392,0.292813541640222
"LD-AS",1.33119792467725,2.44826468297437,5.65739749965065,2.07639672343179,2.47422126182805,3.20251660406668,5.0108398896986,1.90368957046568,3.11988339872782,3.08623484871791,3.385385785697,2.65603677220321,2.74419797227431,1.94108152785224,3.70567353450962,2.09546479091298,1.13044977870602,0.197613504864147,1.46456587395552,1.49654888823619,2.9220777496961,2.7075591622708,0.216058406472905,1.74369444371577,2.21932666712943,0.122006876548596,2.0145033602277,2.13020091886495,1.10474731419752,5.63969097280587,-2.93438805976054,4.79406882831058,1.06869621881851,-0.415272832345463,0.552773274509928
"BR-LD",-0.1795142538332,0.98061341090992,0.920872907670062,3.32548560262718,1.58515104742161,2.37520725092889,0.0145901865386468,2.07573253582289,0.745169076959862,-2.42577667905627,0.448158437041098,-0.737630148313646,0.93355131392518,-0.342362221993814,0.0354881461462631,0.557088666363234,0.784483799272386,-1.04789433376579,0.164838278133651,-0.153220504534101,2.6880362865702,2.08682632142032,0.37638943016998,2.40861205738499,0.183291642880483,-0.0450883785897141,-0.159879447544789,0.942355000289236,1.89452842080579,-2.93438805976054,10.3168766318273,-3.54770574426823,1.50697220405931,0.752365179849921,0.149021948022107
"OPI-LD",1.2267273163107,2.28807650077255,5.27610389775686,1.89932924645839,2.58959678711153,3.19690949447857,4.71587839065054,1.43847927052543,2.72192867543433,3.05782539761398,2.95138186636211,2.20620830428306,2.59894897418019,2.1570504508531,3.66193410463962,2.21609435111983,1.1566692466788,-0.0652759364413352,1.32898396423898,1.29402689257409,2.25594151196194,1.94479486481656,0.219900239740294,1.67282117037506,1.83786830731492,0.241555356179865,1.79138869328002,2.01310308925561,1.06923366307412,4.79406882831058,-3.54770574426823,5.11130517616627,1.54141446737641,0.510343190534189,0.589791530450829
"PT-AS",0.970412169730081,2.50323886702031,4.04916486780282,3.79255067742373,4.02045223203552,3.908458813999,3.57096348527998,2.69568656128381,3.26794032961593,2.16664114362205,2.31012747409514,1.1057532855391,1.83878762173952,2.19881123928899,4.14036507371897,3.85743247986018,2.00621602776055,1.79781266666979,0.980057172367835,0.503076440516462,1.75120826686413,1.91372326799115,0.498051067723103,3.16728961996989,1.43660334628613,0.53746465251414,1.42864579409562,1.90905143420352,1.18821229986027,1.06869621881851,1.50697220405931,1.54141446737641,5.07188670638394,2.0743829935154,0.215365047184127
"JP-AS",0.199009624955021,0.627981272339191,1.38428830748852,1.42066277031356,1.93715927865304,1.62511688248386,0.8786444595656,0.812769701397728,1.20387554700526,0.483612612549638,0.378066147405552,-0.213036544614152,0.671737826927922,0.410493920028739,0.934450297627434,1.05548885786126,0.745395090601152,0.470466640292821,0.258185247010395,0.100067419442825,0.0584678081308705,0.201727790390945,0.290163780020366,0.936831664969511,0.423694228667667,0.304378451332005,0.428713486268664,0.66851180871144,0.607097568386392,-0.415272832345463,0.752365179849921,0.510343190534189,2.0743829935154,2.10826214185027,0.0821733129116935
"BA-OPI",0.164590651506756,0.559229877497206,1.00164344194634,0.52602696296639,0.361950476530637,0.651275763366682,0.603740821094159,0.309865474622311,0.289647026807673,0.272570174993326,0.59259642751396,0.220791395982664,0.39736396519737,0.267422032649293,0.482268345701874,0.24098916837111,0.160738750679327,-0.330237131195326,0.115037420522835,0.273808480308716,0.66563375080263,0.463683161577713,0.0525079111737055,0.192415691468732,0.269115607061056,0.143265447367671,0.238379406890309,0.220200475861255,0.292813541640222,0.552773274509928,0.149021948022107,0.589791530450829,0.215365047184127,0.0821733129116935,0.366321232062643
