"","IS-PM","IS-NLE","IS-PNS","PM-ZS","PM-ZI","PM-MT","NLE-NON","NLE-ZS","NLE-ZI","NON-BR","NON-PNS","BR-PT","BR-APET","PT-APET","PT-BA","PT-EAM","PT-ZYGI","PT-TSP","ZS-ZI","ZI-MT","ZI-ZYGI","ZI-TSP","MT-PNS","PNS-APET","APET-BA","APET-TS","BA-EAM","EAM-ZYGI","ZYGI-TSP","LD-AS","BR-LD","OPI-LD","PT-AS","JP-AS","BA-OPI"
"IS-PM",1.59558205716443,1.50702110556279,3.9773302914042,2.64055149473599,2.47076473206987,2.61889411420434,2.34239055954548,2.63786749597743,2.96683436544083,2.60032714401209,1.65491030698294,0.589272645850794,1.14654249572001,1.08325944973958,1.58296289306652,1.05932863702554,1.38812947360575,-0.102629833141284,0.971642728015878,0.459907460549423,2.2697692818711,2.0500481226609,0.617192688572608,2.01214640843503,0.777322872857993,0.184582756332875,1.0701500888978,0.836822772548323,1.62125855909365,1.00563994147827,0.641494719992355,0.224482116254481,0.497745993047431,-0.0655419112127319,0.626801246483502
"IS-NLE",1.50702110556279,3.93815197395433,5.53566630288105,5.02459548131425,4.57722799462661,4.32031993484009,2.75727239756507,2.71832105973756,3.19544405261526,4.47675221690619,2.98043786037725,0.971314640819287,2.07935381500532,1.64037829593111,2.25300844091686,1.41353254813355,2.69793176195361,0.0554259404038128,1.40731161960648,0.348138488872637,3.91920247774169,4.00547160629304,1.21285971892264,3.98858745880452,1.46953820131791,0.324014286811987,1.6625143514781,1.25040263782768,2.81101449311516,1.29501222108713,1.70669290976067,-0.0335896430619887,-0.0584369913487617,-0.161136288211137,0.676524125441221
"IS-PNS",3.9773302914042,5.53566630288105,17.8288181439514,12.0970996279225,12.7651655023661,12.8729449489504,11.5700694149245,11.3766830561945,13.5265222996832,11.4565790971018,7.73164090397923,1.78597543321295,4.79368961724923,4.14065198125422,6.17713200941518,4.64874694361768,6.88062424613913,0.132559794354157,4.07779661092838,1.93490429642639,9.78434477324035,8.85503201567522,2.2966734282833,6.78066342878362,3.86872216484087,0.913678841523764,4.5547453626548,3.10001148715103,6.84227762640116,3.7171140105738,3.10266551030821,1.19196364439179,2.0126440904053,1.17409266194621,1.73145555664859
"PM-ZS",2.64055149473599,5.02459548131425,12.0970996279225,12.2785819727357,10.419788782708,10.100294949341,9.15301356391297,9.74828733819225,9.47629168255433,8.24825220021177,5.09450522059792,1.56154279003149,3.68099184539755,2.39453271192515,4.11639977067483,2.85897027162833,4.54789727031552,0.0681758779046533,3.47324624574812,0.628444328638,6.87936325468982,6.16280413888087,1.8434123643506,6.90342356700905,3.13480460826234,0.397974430315431,3.1916916324907,2.19298224238654,4.47277990813266,1.82906599851502,2.97027682168991,0.148603596726899,1.06749818200182,0.748055367184102,1.03481438620847
"PM-ZI",2.47076473206987,4.57722799462661,12.7651655023661,10.419788782708,12.4389161547495,11.4186822033842,8.53984811419021,9.19977507245907,11.9766516276216,10.902731975041,5.67498668547477,1.20351536543242,4.15650655847804,3.4606131610458,5.4811849669093,4.46526801681299,6.31860162407013,0.745055735185033,3.53607011651138,1.67214806195398,6.73399599204716,6.84708526709158,2.36748820553696,7.89400971626032,3.57687781154757,0.714475291509161,3.80452965684611,3.0672880860172,5.95610939766108,2.36275312946959,3.0866517509155,0.732653084047799,1.41803757700363,1.40086675146893,1.36710093882788
"PM-MT",2.61889411420434,4.32031993484009,12.8729449489504,10.100294949341,11.4186822033842,11.5133933824327,8.6733248993013,9.10864134948962,11.0078206442282,9.55621539915856,5.3887150369446,1.16302066817939,3.75053290348312,3.18997781678148,5.12373611181266,4.17210382838361,5.6139740308586,0.898177864212079,2.69383403787129,1.60619515385164,6.95115690612748,6.80313718432732,2.19443210549951,7.45237092457677,3.22804323061236,0.615570917537973,3.50160203592069,3.00646067093243,5.20149800795824,2.70669620495863,2.84598769941994,0.929214241883594,1.830888653331,1.25123987245788,1.17512096348742
"NLE-NON",2.34239055954548,2.75727239756507,11.5700694149245,9.15301356391297,8.53984811419021,8.6733248993013,17.014438055335,10.9238545444147,11.2070303571594,4.99758587713915,5.84463524713009,1.29699211860716,2.4719050035055,2.65129089135128,5.61319236171379,4.33272501049994,4.31108191008292,1.79284155863145,2.35219881549728,1.54854564536584,6.97976726656828,7.17980826061326,0.578526760093738,4.9690366993984,3.8132275550957,0.270455327509943,3.48719734708911,2.89325708498012,3.65349460742009,2.98519202984401,0.306837014508943,1.87022291409649,2.47363419681305,1.7613211038932,1.25163280319105
"NLE-ZS",2.63786749597743,2.71832105973756,11.3766830561945,9.74828733819225,9.19977507245907,9.10864134948962,10.9238545444147,10.9216449699196,11.2061517740311,7.12267510271982,4.44786284539373,0.957059320361214,2.88276096415983,2.64056436994882,4.91365597987595,3.81485790909172,4.18340407524006,0.945845546137042,2.64577529987027,1.38015216452285,5.85503457178928,5.40844506022892,1.2293914379008,5.36728002522033,3.05650176099047,0.38597603415707,3.28469493742885,2.33558452761761,3.78946561241453,1.68117513989219,2.00792130947265,1.04919222030037,2.34432530421795,1.68411126449316,1.18766636955818
"NLE-ZI",2.96683436544083,3.19544405261526,13.5265222996832,9.47629168255433,11.9766516276216,11.0078206442282,11.2070303571594,11.2061517740311,14.7936816941952,10.3276977994189,6.31618891563792,1.19502893522078,4.21395399305749,3.70436315165435,6.66514065613066,5.15208405346281,6.74607746692602,0.519693102772242,4.24082424563376,2.41449273784453,6.88777039558705,6.68655948614893,2.01011494008545,6.72746009342091,4.37611379112506,0.829347140903494,4.75184169392614,3.60987424062357,6.58757334544083,2.37577868350687,3.05279111210436,1.41653262304555,2.30275239842776,2.26248247237727,1.69214190541741
"NON-BR",2.60032714401209,4.47675221690619,11.4565790971018,8.24825220021177,10.902731975041,9.55621539915856,4.99758587713915,7.12267510271982,10.3276977994189,18.5616870795106,5.12470104482193,2.95584916174235,4.48642631082687,3.97352644074656,5.85227584736948,4.6998836659388,6.61611975216211,-0.92270178424784,3.11030689075585,1.14277172016797,6.48655383395777,6.69730638625641,2.50073232612623,7.90534844442557,3.4267790888178,0.617484912497577,3.81148750420479,3.36814636620383,6.39680959277622,2.96647127099738,0.0413243985294898,1.29196659490695,2.08692502809938,1.26785451760865,1.38857479684221
"NON-PNS",1.65491030698294,2.98043786037725,7.73164090397923,5.09450522059792,5.67498668547477,5.3887150369446,5.84463524713009,4.44786284539373,6.31618891563792,5.12470104482193,5.80334352533023,1.64402277754089,2.94343017640669,1.80260062430863,2.95958612758023,1.95636543160545,4.1365662118674,-0.389359424096777,2.81975427186567,0.856153203271551,4.65167170341473,4.32662736964047,1.00613062575045,2.82265197977159,2.14949133788818,0.574488897354031,2.51733046629958,1.6007475523699,4.32543659385384,2.39278250853304,1.64385563065118,0.807741323859204,0.146887981266128,0.298018034305895,0.827407972955763
"BR-PT",0.589272645850794,0.971314640819287,1.78597543321295,1.56154279003149,1.20351536543242,1.16302066817939,1.29699211860716,0.957059320361214,1.19502893522078,2.95584916174235,1.64402277754089,2.59087786417376,1.70049629313868,-0.0300107108712113,0.249317042788425,-0.598504168817464,0.376948070825051,-1.28474935725597,0.93370961215508,-0.392632292771487,1.44072675992797,0.67949483161855,0.50694425965171,0.912973705340011,0.610246614204351,0.258228127132405,0.723543800048401,0.373539310527562,1.01808825870386,1.82741391400511,-0.236441351147122,0.920957108186027,-0.760011727787009,-0.480348910784795,0.351458897724486
"BR-APET",1.14654249572001,2.07935381500532,4.79368961724923,3.68099184539755,4.15650655847804,3.75053290348312,2.4719050035055,2.88276096415983,4.21395399305749,4.48642631082687,2.94343017640669,1.70049629313868,3.49126190076883,1.73459125068377,1.97384521019019,1.32063270295852,2.62480719533305,-0.56437072847761,2.11370843474779,0.334063923645056,3.44096957023315,3.05047342267583,1.19604500369308,3.09389781874499,1.24041395783156,0.415575528958427,1.72869487104198,1.28416993407843,2.8790712910319,1.66422125152203,2.52484991766577,0.766734059445969,-0.297840034118487,0.597446137126396,0.767185691791125
"PT-APET",1.08325944973958,1.64037829593111,4.14065198125422,2.39453271192515,3.4606131610458,3.18997781678148,2.65129089135128,2.64056436994882,3.70436315165435,3.97352644074656,1.80260062430863,-0.0300107108712113,1.73459125068377,3.53830128059762,4.12882431955029,4.02979988966147,3.29750519261634,2.48704718784994,0.703903310235793,0.575644932772861,3.05280392406217,3.25692070489556,0.800898913470153,3.05628081925509,0.804538215414334,0.178410526536903,1.18487151784435,0.704964296941851,1.81541319468945,0.608432503822537,0.733657109371235,0.663794524561318,2.52738581117584,1.19653743557339,0.875332093797945
"PT-BA",1.58296289306652,2.25300844091686,6.17713200941518,4.11639977067483,5.4811849669093,5.12373611181266,5.61319236171379,4.91365597987595,6.66514065613066,5.85227584736948,2.95958612758023,0.249317042788425,1.97384521019019,4.12882431955029,7.31760976463516,6.05346458088228,5.46417671947674,3.61836936753637,1.40416589318613,1.24959183869246,4.71679860547149,4.83053679379735,1.0501093831446,4.66994156109394,3.17516323000947,0.431267917589766,2.96888628130024,1.25104386160315,3.5339056849352,0.814152249105817,1.66188946845238,0.547895416840387,4.60441064252578,1.79045268977876,1.43054777060378
"PT-EAM",1.05932863702554,1.41353254813355,4.64874694361768,2.85897027162833,4.46526801681299,4.17210382838361,4.33272501049994,3.81485790909172,5.15208405346281,4.6998836659388,1.95636543160545,-0.598504168817464,1.32063270295852,4.02979988966147,6.05346458088228,6.30527875842445,4.61823001348549,4.14311009375719,0.621144547783381,0.953307614591231,3.13612377496295,3.6863989801316,0.702877565551794,3.43781225524277,1.71409202709642,0.280004038912624,1.51659082342248,0.816599142280588,2.21661877499548,0.412895094264994,1.24588377297881,0.38577816608043,4.70715041224398,1.59394504016066,1.06384873622515
"PT-ZYGI",1.38812947360575,2.69793176195361,6.88062424613913,4.54789727031552,6.31860162407013,5.6139740308586,4.31108191008292,4.18340407524006,6.74607746692602,6.61611975216211,4.1365662118674,0.376948070825051,2.62480719533305,3.29750519261634,5.46417671947674,4.61823001348549,7.05020231647643,1.76861520214058,2.44692757355357,1.08722046387051,5.19031715885694,5.40826903712823,1.36446037726729,4.35589176789335,2.92824922178402,0.682103759112483,3.02079516210282,1.22858533945843,5.86221192410501,0.994072982467973,1.85335056121248,0.325021791346765,2.5340879853613,1.3805121610107,1.19042214241447
"PT-TSP",-0.102629833141284,0.0554259404038128,0.132559794354157,0.0681758779046533,0.745055735185033,0.898177864212079,1.79284155863145,0.945845546137042,0.519693102772242,-0.92270178424784,-0.389359424096777,-1.28474935725597,-0.56437072847761,2.48704718784994,3.61836936753637,4.14311009375719,1.76861520214058,6.78937316089012,-1.62035042830568,0.307131584633179,0.667456822752946,2.56033095623673,-0.111247799048336,1.2174131450752,-0.0243051865719364,-0.0161307961237828,-0.173039516079632,-0.755371143451914,-1.02099910052848,-0.112370589547723,-0.550676137323614,0.296791542383789,3.41603923278467,0.172299003133568,0.681762387550535
"ZS-ZI",0.971642728015878,1.40731161960648,4.07779661092838,3.47324624574812,3.53607011651138,2.69383403787129,2.35219881549728,2.64577529987027,4.24082424563376,3.11030689075585,2.81975427186567,0.93370961215508,2.11370843474779,0.703903310235793,1.40416589318613,0.621144547783381,2.44692757355357,-1.62035042830568,3.38020748947381,0.26584305482863,2.36243064235995,1.49804315521537,0.839677294885503,1.43447305945353,1.76665527640251,0.418290343771542,1.76404259414223,0.856468427031697,3.08860116301094,0.557663904273125,2.01236838068225,-0.180973360432317,-0.286691520067158,0.365295499689621,0.556573017093242
"ZI-MT",0.459907460549423,0.348138488872637,1.93490429642639,0.628444328638,1.67214806195398,1.60619515385164,1.54854564536584,1.38015216452285,2.41449273784453,1.14277172016797,0.856153203271551,-0.392632292771487,0.334063923645056,0.575644932772861,1.24959183869246,0.953307614591231,1.08722046387051,0.307131584633179,0.26584305482863,1.37913225009597,1.06632556956202,1.4841244302633,0.14435178749575,1.25704993367158,0.750641275076754,0.0914669872642728,1.01765386554713,0.919087698229307,1.16103365505424,-0.0606018449869868,1.21305538932363,-0.177418559401935,0.417526518269648,0.482865360396985,0.277422010049509
"ZI-ZYGI",2.2697692818711,3.91920247774169,9.78434477324035,6.87936325468982,6.73399599204716,6.95115690612748,6.97976726656828,5.85503457178928,6.88777039558705,6.48655383395777,4.65167170341473,1.44072675992797,3.44096957023315,3.05280392406217,4.71679860547149,3.13612377496295,5.19031715885694,0.667456822752946,2.36243064235995,1.06632556956202,8.54078958865679,6.99338844168988,1.6169143393105,5.29336964513432,2.73296425300256,0.701603911801401,3.19511601866894,1.35433182895196,4.6435652584375,1.81845697820273,2.96522252696846,0.228666977542565,1.18237638579715,0.98997999598279,1.47711164919617
"ZI-TSP",2.0500481226609,4.00547160629304,8.85503201567522,6.16280413888087,6.84708526709158,6.80313718432732,7.17980826061326,5.40844506022892,6.68655948614893,6.69730638625641,4.32662736964047,0.67949483161855,3.05047342267583,3.25692070489556,4.83053679379735,3.6863989801316,5.40826903712823,2.56033095623673,1.49804315521537,1.4841244302633,6.99338844168988,9.48408927092235,1.48687509969422,6.05427937721044,2.69099213359227,0.442079123939766,3.00425261481774,2.80889804767529,5.19567426815172,2.44475839208311,2.06182510470953,0.745586432382262,0.723291199723432,0.0963680199376764,1.38369413787998
"MT-PNS",0.617192688572608,1.21285971892264,2.2966734282833,1.8434123643506,2.36748820553696,2.19443210549951,0.578526760093738,1.2293914379008,2.01011494008545,2.50073232612623,1.00613062575045,0.50694425965171,1.19604500369308,0.800898913470153,1.0501093831446,0.702877565551794,1.36446037726729,-0.111247799048336,0.839677294885503,0.14435178749575,1.6169143393105,1.48687509969422,0.977875029743928,2.02296641934051,0.725296787174052,0.231421147422814,0.908925400409518,0.572244362188098,1.4603958195256,0.639764236809492,0.840504524074593,0.142749429253588,-0.111134800516649,0.310322138272696,0.32559000513475
"PNS-APET",2.01214640843503,3.98858745880452,6.78066342878362,6.90342356700905,7.89400971626032,7.45237092457677,4.9690366993984,5.36728002522033,6.72746009342091,7.90534844442557,2.82265197977159,0.912973705340011,3.09389781874499,3.05628081925509,4.66994156109394,3.43781225524277,4.35589176789335,1.2174131450752,1.43447305945353,1.25704993367158,5.29336964513432,6.05427937721044,2.02296641934051,9.36694965380977,2.1253725782491,-0.000863731805374943,2.78267149035108,3.37686950446982,4.1318882829242,1.27327316009819,2.32210372997912,0.628594112305051,1.12557436679678,1.04807731798071,1.10726482996
"APET-BA",0.777322872857993,1.46953820131791,3.86872216484087,3.13480460826234,3.57687781154757,3.22804323061236,3.8132275550957,3.05650176099047,4.37611379112506,3.4267790888178,2.14949133788818,0.610246614204351,1.24041395783156,0.804538215414334,3.17516323000947,1.71409202709642,2.92824922178402,-0.0243051865719364,1.76665527640251,0.750641275076754,2.73296425300256,2.69099213359227,0.725296787174052,2.1253725782491,3.27030028066185,0.425672466407942,2.53668771760141,1.06658867412255,2.98116167812605,0.814635417283422,1.32061773326256,-0.121336612601214,0.98912623694432,0.76310860188068,0.632229615869884
"APET-TS",0.184582756332875,0.324014286811987,0.913678841523764,0.397974430315431,0.714475291509161,0.615570917537973,0.270455327509943,0.38597603415707,0.829347140903494,0.617484912497577,0.574488897354031,0.258228127132405,0.415575528958427,0.178410526536903,0.431267917589766,0.280004038912624,0.682103759112483,-0.0161307961237828,0.418290343771542,0.0914669872642728,0.701603911801401,0.442079123939766,0.231421147422814,-0.000863731805374943,0.425672466407942,0.453726778387648,0.377361195065886,-0.248957756893563,0.619508692669324,0.348537769676625,0.423545245863198,0.0307778843619793,-0.0126630030785566,-0.0385300776877284,0.1921983979639
"BA-EAM",1.0701500888978,1.6625143514781,4.5547453626548,3.1916916324907,3.80452965684611,3.50160203592069,3.48719734708911,3.28469493742885,4.75184169392614,3.81148750420479,2.51733046629958,0.723543800048401,1.72869487104198,1.18487151784435,2.96888628130024,1.51659082342248,3.02079516210282,-0.173039516079632,1.76404259414223,1.01765386554713,3.19511601866894,3.00425261481774,0.908925400409518,2.78267149035108,2.53668771760141,0.377361195065886,2.75876449658802,1.2277972502337,3.2344483107848,0.649415242426142,1.52096802281269,0.0941551488786142,0.731691149193867,1.09763233901596,0.719308510553557
"EAM-ZYGI",0.836822772548323,1.25040263782768,3.10001148715103,2.19298224238654,3.0672880860172,3.00646067093243,2.89325708498012,2.33558452761761,3.60987424062357,3.36814636620383,1.6007475523699,0.373539310527562,1.28416993407843,0.704964296941851,1.25104386160315,0.816599142280588,1.22858533945843,-0.755371143451914,0.856468427031697,0.919087698229307,1.35433182895196,2.80889804767529,0.572244362188098,3.37686950446982,1.06658867412255,-0.248957756893563,1.2277972502337,4.77766474456852,2.28940104237989,2.30954701866771,0.155709781211238,1.72805669681129,-0.864695598594115,-0.713709036311587,0.130131310126942
"ZYGI-TSP",1.62125855909365,2.81101449311516,6.84227762640116,4.47277990813266,5.95610939766108,5.20149800795824,3.65349460742009,3.78946561241453,6.58757334544083,6.39680959277622,4.32543659385384,1.01808825870386,2.8790712910319,1.81541319468945,3.5339056849352,2.21661877499548,5.86221192410501,-1.02099910052848,3.08860116301094,1.16103365505424,4.6435652584375,5.19567426815172,1.4603958195256,4.1318882829242,2.98116167812605,0.619508692669324,3.2344483107848,2.28940104237989,6.69741639188356,1.48042920810336,2.22070895890725,0.251645533658437,0.132763337798082,0.541533977014148,0.952475800765542
"LD-AS",1.00563994147827,1.29501222108713,3.7171140105738,1.82906599851502,2.36275312946959,2.70669620495863,2.98519202984401,1.68117513989219,2.37577868350687,2.96647127099738,2.39278250853304,1.82741391400511,1.66422125152203,0.608432503822537,0.814152249105817,0.412895094264994,0.994072982467973,-0.112370589547723,0.557663904273125,-0.0606018449869868,1.81845697820273,2.44475839208311,0.639764236809492,1.27327316009819,0.814635417283422,0.348537769676625,0.649415242426142,2.30954701866771,1.48042920810336,6.10781276650285,-2.49500933927184,3.28912178595983,-2.11315884879313,-2.47561291800638,0.2713478390763
"BR-LD",0.641494719992355,1.70669290976067,3.10266551030821,2.97027682168991,3.0866517509155,2.84598769941994,0.306837014508943,2.00792130947265,3.05279111210436,0.0413243985294898,1.64385563065118,-0.236441351147122,2.52484991766577,0.733657109371235,1.66188946845238,1.24588377297881,1.85335056121248,-0.550676137323614,2.01236838068225,1.21305538932363,2.96522252696846,2.06182510470953,0.840504524074593,2.32210372997912,1.32061773326256,0.423545245863198,1.52096802281269,0.155709781211238,2.22070895890725,-2.49500933927184,11.1109235353917,-3.55102302460235,0.659880715233699,1.15237550724315,1.063298630526
"OPI-LD",0.224482116254481,-0.0335896430619887,1.19196364439179,0.148603596726899,0.732653084047799,0.929214241883594,1.87022291409649,1.04919222030037,1.41653262304555,1.29196659490695,0.807741323859204,0.920957108186027,0.766734059445969,0.663794524561318,0.547895416840387,0.38577816608043,0.325021791346765,0.296791542383789,-0.180973360432317,-0.177418559401935,0.228666977542565,0.745586432382262,0.142749429253588,0.628594112305051,-0.121336612601214,0.0307778843619793,0.0941551488786142,1.72805669681129,0.251645533658437,3.28912178595983,-3.55102302460235,3.99350402104616,-0.129442964490258,-0.29883250975911,-0.301561070385375
"PT-AS",0.497745993047431,-0.0584369913487617,2.0126440904053,1.06749818200182,1.41803757700363,1.830888653331,2.47363419681305,2.34432530421795,2.30275239842776,2.08692502809938,0.146887981266128,-0.760011727787009,-0.297840034118487,2.52738581117584,4.60441064252578,4.70715041224398,2.5340879853613,3.41603923278467,-0.286691520067158,0.417526518269648,1.18237638579715,0.723291199723432,-0.111134800516649,1.12557436679678,0.98912623694432,-0.0126630030785566,0.731691149193867,-0.864695598594115,0.132763337798082,-2.11315884879313,0.659880715233699,-0.129442964490258,7.59367458025439,3.41808381364961,0.491268331583422
"JP-AS",-0.0655419112127319,-0.161136288211137,1.17409266194621,0.748055367184102,1.40086675146893,1.25123987245788,1.7613211038932,1.68411126449316,2.26248247237727,1.26785451760865,0.298018034305895,-0.480348910784795,0.597446137126396,1.19653743557339,1.79045268977876,1.59394504016066,1.3805121610107,0.172299003133568,0.365295499689621,0.482865360396985,0.98997999598279,0.0963680199376764,0.310322138272696,1.04807731798071,0.76310860188068,-0.0385300776877284,1.09763233901596,-0.713709036311587,0.541533977014148,-2.47561291800638,1.15237550724315,-0.29883250975911,3.41808381364961,4.0193093959641,0.0454124628767464
"BA-OPI",0.626801246483502,0.676524125441221,1.73145555664859,1.03481438620847,1.36710093882788,1.17512096348742,1.25163280319105,1.18766636955818,1.69214190541741,1.38857479684221,0.827407972955763,0.351458897724486,0.767185691791125,0.875332093797945,1.43054777060378,1.06384873622515,1.19042214241447,0.681762387550535,0.556573017093242,0.277422010049509,1.47711164919617,1.38369413787998,0.32559000513475,1.10726482996,0.632229615869884,0.1921983979639,0.719308510553557,0.130131310126942,0.952475800765542,0.2713478390763,1.063298630526,-0.301561070385375,0.491268331583422,0.0454124628767464,0.752640864303558
