"","IS-PM","IS-NLE","IS-PNS","PM-ZS","PM-ZI","PM-MT","NLE-NON","NLE-ZS","NLE-ZI","NON-BR","NON-PNS","BR-PT","BR-APET","PT-APET","PT-BA","PT-EAM","PT-ZYGI","PT-TSP","ZS-ZI","ZI-MT","ZI-ZYGI","ZI-TSP","MT-PNS","PNS-APET","APET-BA","APET-TS","BA-EAM","EAM-ZYGI","ZYGI-TSP","LD-AS","BR-LD","OPI-LD","PT-AS","JP-AS","BA-OPI"
"IS-PM",4.03217946688055,4.16273198500789,10.7221167805977,4.77776840849041,5.91037427243077,5.38485058996327,7.75786730840367,5.50646612282158,7.64605087591914,3.20088493730267,3.9494034751023,0.783378337255472,2.64246431181092,1.97354750443341,3.35834125338302,2.02127841743954,5.63176462890291,0.461151276000027,2.55753510573544,1.74570458720147,4.88021156114929,5.02439979811563,1.32156454544662,3.51204291738745,2.12469011729578,0.522435034330036,2.3012010049928,4.2931124558353,5.58677356912752,0.445758223588162,2.97706303621283,1.85944822314248,3.3172499080294,3.20595530869821,1.52717600339382
"IS-NLE",4.16273198500789,9.68815479649808,15.4107318468129,10.190886340489,12.6628537192281,10.5798504607089,8.02968994094035,7.14639966561666,11.5257905218614,5.0896713497834,6.59540287893408,1.86883051364978,5.33646872735255,3.68700737782658,5.87148708872318,2.08089619167037,7.14932731701586,0.658736033159777,3.8300256759383,1.62820699084057,5.48458442588712,7.31238501974097,2.62165860896663,6.83835557536149,3.64683214813696,0.278921803676823,4.60344522234475,5.30937546548969,7.79546418502543,1.15603702729167,5.7100908468505,2.39287954509526,3.70007710373393,3.46397365934848,2.31104251648929
"IS-PNS",10.7221167805977,15.4107318468129,43.3702754885883,24.0942112914056,28.6885132787365,26.6255645912483,29.8874951433152,24.296899487257,31.342153407899,15.5709494885966,16.7958427223115,4.90865464107369,12.4661068536013,7.69196091811399,13.8646992964003,7.27599077600484,18.7078211628242,1.19042900349731,8.86434628377407,5.00771188537919,19.2363504056744,18.6246911536902,4.68905744394375,13.4218533995403,8.15601871770844,1.22092507126951,9.91917648997047,13.0166272904599,19.321448979469,3.91841200505719,11.1416319868173,7.59356476775395,12.4361218210323,9.26697740895739,6.01209922102708
"PM-ZS",4.77776840849041,10.190886340489,24.0942112914056,22.46445450281,22.0980409063438,19.019128222246,21.4624076534434,19.342527503121,20.6117525112241,9.15631760951286,10.033387788262,3.36499587772661,7.75560436446478,2.99964529374912,6.93429704227465,2.53926762136302,8.09396607417433,-0.151654896959927,5.60058506352824,2.68359051647957,11.4810764224963,11.7675848814852,3.25826175715116,12.5668491217237,5.86763173267836,0.373941019277177,6.49869352833135,6.93875305159497,9.61687671071172,2.12931596933452,9.53913323994988,5.2487264696682,7.19839187745317,7.27835695237982,2.8355384673497
"PM-ZI",5.91037427243077,12.6628537192281,28.6885132787365,22.0980409063438,29.5971216107871,22.1636982160535,22.2780335777422,19.1787738616923,27.261073518431,12.6149254975551,12.2731077395533,3.67625266160246,8.82575876339707,6.26897782276613,11.6104347058466,5.7157603837871,12.3643184387568,1.50563821856167,6.4576281054347,1.64367634823161,9.64845455083787,8.63237081696581,3.88465734984185,14.2091350509908,7.04751353726,0.733324044226312,7.71364905342577,8.03653931119034,12.5073221222478,1.8285312001782,10.2949884337406,5.20034075858168,10.7031254962087,8.00080188121152,4.20989517141209
"PM-MT",5.38485058996327,10.5798504607089,26.6255645912483,19.019128222246,22.1636982160535,20.6716049966012,19.5626047857149,17.0254791560085,21.3920242329973,9.67295419357955,10.7998596564363,3.41249131599929,8.330551530503,4.7770512717001,9.26543470851619,4.73100407908092,10.4027293534587,1.07485017166884,5.76419908250303,2.77645154178887,11.3223678172388,10.6765794330511,3.4056966788498,11.2419096310383,5.70770760645449,0.702093558401341,6.70090550646692,7.05303701806476,10.371828589124,3.54611824383636,7.44680028738085,6.35201208136147,8.9788656062692,6.04578370913951,3.558868879812
"NLE-NON",7.75786730840367,8.02968994094035,29.8874951433152,21.4624076534434,22.2780335777422,19.5626047857149,36.8032490491308,23.7160477756222,26.8338332435626,3.49500919470591,13.5418895269651,2.12963039437438,9.32464972142324,4.03636253158444,8.10760368466852,5.46620014091084,15.2396589386111,0.944864946530582,8.1152782390086,4.54694025074248,19.0206155949716,17.1164840285979,3.10261273221354,14.9970345113452,6.24773471922044,0.831850414836242,6.5935949526587,11.2822108037029,15.5812674959244,2.83831986535823,12.8045250179291,7.18012550177874,9.66677717361554,9.11362330790776,3.39676823581377
"NLE-ZS",5.50646612282158,7.14639966561666,24.296899487257,19.342527503121,19.1787738616923,17.0254791560085,23.7160477756222,20.8165873168344,21.3877154807765,10.0283331955643,8.70183701359918,3.21975416329559,6.68943000147506,2.28324915590417,6.01534792091762,3.21010459965837,8.41286464568116,0.412838964445986,4.87625275694387,2.84991865790624,12.2873635251291,11.5249668014927,2.74450345859597,10.3601199144651,4.90495602196022,0.799875346704688,5.3407550219518,7.20536390103927,9.28702448463033,1.12129149698659,9.56804030291498,4.38621974770867,8.22080663074809,7.18795569685943,2.86631652986655
"NLE-ZI",7.64605087591914,11.5257905218614,31.342153407899,20.6117525112241,27.261073518431,21.3920242329973,26.8338332435626,21.3877154807765,30.3848740399356,12.0642372368915,13.8002003396089,4.13668442360735,9.75966867843156,6.26445429288462,11.8665827131916,6.42101992424579,15.7533134931586,2.82231088100655,8.97701480707136,2.72537867857746,13.2243363388459,11.8538855876562,4.14978525869493,13.2027716155232,6.95867512372221,1.39991558731163,8.22271024748007,9.64323597351605,15.2540342187881,0.854399341749339,12.1517699734512,4.77599214215081,11.7357551400143,8.62717984012106,4.76567247835982
"NON-BR",3.20088493730267,5.0896713497834,15.5709494885966,9.15631760951286,12.6149254975551,9.67295419357955,3.49500919470591,10.0283331955643,12.0642372368915,24.8346220113415,3.0919244999006,5.3410921166471,3.25021319740925,4.49649058184101,8.12685740200052,4.85972460426111,4.06754153579551,1.05666832450751,0.580044172607877,0.980538268861117,1.39789837840706,1.42591439997045,1.11547839663389,1.59024219120202,3.14017211378273,0.952977250807994,3.93676071654424,2.49100617502106,3.49642025551648,0.0750964637015971,-3.03048023474922,0.483227650310691,8.21747033184398,3.88357084060568,3.05447179405689
"NON-PNS",3.9494034751023,6.59540287893408,16.7958427223115,10.033387788262,12.2731077395533,10.7998596564363,13.5418895269651,8.70183701359918,13.8002003396089,3.0919244999006,11.3978681910744,1.9691489425711,6.51840853113265,4.70744074253941,8.24480565723045,4.30839799329586,10.3632097646042,1.13885493293752,5.95480616305815,2.58582162027937,9.20148205924126,8.1308181464707,2.11271427516814,6.5291131710285,4.30770487753646,0.388712495516034,5.27879159800096,5.13762222101666,10.1341660606585,1.83290093557634,7.61111274238151,3.21590981026722,6.53814488192729,3.99750340856835,3.03948007363222
"BR-PT",0.783378337255472,1.86883051364978,4.90865464107369,3.36499587772661,3.67625266160246,3.41249131599929,2.12963039437438,3.21975416329559,4.13668442360735,5.3410921166471,1.9691489425711,3.64856357508781,3.4718105202542,1.82823611415703,3.34252669101715,1.53135549561918,1.71552360657794,1.15394578341016,1.55659943726483,1.0744829697139,1.70845274886741,0.968143204469647,0.471592809250962,0.106354131768088,1.22786427935544,0.236282841717902,1.80248685785317,0.959851362891794,1.29696731230661,0.461086100551451,0.547241773706039,1.12166882918658,3.06345374235574,1.42863202934558,1.02233207004555
"BR-APET",2.64246431181092,5.33646872735255,12.4661068536013,7.75560436446478,8.82575876339707,8.330551530503,9.32464972142324,6.68943000147506,9.75966867843156,3.25021319740925,6.51840853113265,3.4718105202542,7.76287756458272,4.31319073498047,6.53911017844548,3.52405379621518,7.49830422927775,1.66691817889544,4.22434088729851,2.15435820617393,6.54111154746631,6.71403239581504,1.58371473330962,4.61787420208944,3.08725582116062,0.359658977400733,4.15849423475104,3.86886823807397,7.03893651810991,2.07372952997698,5.01424179819642,3.31902480265427,4.30272237723085,2.64620856550491,1.86160777023547
"PT-APET",1.97354750443341,3.68700737782658,7.69196091811399,2.99964529374912,6.26897782276613,4.7770512717001,4.03636253158444,2.28324915590417,6.26445429288462,4.49649058184101,4.70744074253941,1.82823611415703,4.31319073498047,7.29391370941479,9.28924352257001,6.21203751141591,6.73877787243641,2.91401536891283,2.69773695929007,1.65067823749433,1.5726316779928,1.58639919960263,0.913872709273445,3.03071071314042,2.01726210156288,0.0190200842743622,3.17095182888877,2.44681165713614,4.71681031306019,1.72162438935876,-0.0167645226093947,2.38401222042299,6.65791230704052,2.01241544368306,1.95226352185513
"PT-BA",3.35834125338302,5.87148708872318,13.8646992964003,6.93429704227465,11.6104347058466,9.26543470851619,8.10760368466852,6.01534792091762,11.8665827131916,8.12685740200052,8.24480565723045,3.34252669101715,6.53911017844548,9.28924352257001,15.8688605109004,9.42033684481445,10.8708465203736,4.43823020019796,4.48460759578109,2.43258558844077,5.12589754981589,3.28652402147398,1.62452923949909,5.31847857748435,6.30291884395838,0.263782089903333,6.61421615525495,4.20695500810672,7.99386888165093,3.61506327455821,0.756987699405758,5.92328357532312,11.4415961808999,4.25970214400869,3.07258804409615
"PT-EAM",2.02127841743954,2.08089619167037,7.27599077600484,2.53926762136302,5.7157603837871,4.73100407908092,5.46620014091084,3.21010459965837,6.42101992424579,4.85972460426111,4.30839799329586,1.53135549561918,3.52405379621518,6.21203751141591,9.42033684481445,7.6486219488082,6.63900573658354,3.37184389227072,2.089797506366,1.70177851231567,1.8272099969979,1.3686093156252,0.506778089136668,3.37301976456613,2.44701867715767,0.0279365443745788,2.6430046298088,3.1032971197243,4.29768773832011,2.94981153613102,-0.7991433982168,3.86046016956012,8.3047025836466,2.30736687650134,1.85977861476941
"PT-ZYGI",5.63176462890291,7.14932731701586,18.7078211628242,8.09396607417433,12.3643184387568,10.4027293534587,15.2396589386111,8.41286464568116,15.7533134931586,4.06754153579551,10.3632097646042,1.71552360657794,7.49830422927775,6.73877787243641,10.8708465203736,6.63900573658354,17.4629090994727,3.00564406555242,6.57017331140569,3.12790202577454,10.7073499431046,10.3274617826737,2.87070405345042,7.55733190307173,5.54465423427323,1.2922761198287,6.72961073316375,7.59529716195853,16.1685879877753,1.79593882828377,6.61522347468908,2.75663604134164,7.75373291161,3.93247473823409,3.22946018353809
"PT-TSP",0.461151276000027,0.658736033159777,1.19042900349731,-0.151654896959927,1.50563821856167,1.07485017166884,0.944864946530582,0.412838964445986,2.82231088100655,1.05666832450751,1.13885493293752,1.15394578341016,1.66691817889544,2.91401536891283,4.43823020019796,3.37184389227072,3.00564406555242,6.4434754261305,1.94099609685227,0.209256140415938,-1.05766935637314,1.88466076633825,0.556454676907689,0.486535611098177,0.684038317069858,0.654060387917905,1.33916065623771,1.15659507726191,1.03905336948316,0.61130280933029,-0.585675893991333,0.713711797931172,3.29521215836781,0.173386715491851,1.01404748825306
"ZS-ZI",2.55753510573544,3.8300256759383,8.86434628377407,5.60058506352824,6.4576281054347,5.76419908250303,8.1152782390086,4.87625275694387,8.97701480707136,0.580044172607877,5.95480616305815,1.55659943726483,4.22434088729851,2.69773695929007,4.48460759578109,2.089797506366,6.57017331140569,1.94099609685227,6.29032030313558,1.46745358243213,5.3798088630148,5.39002481183327,1.65752798067926,3.81052190216696,2.47235649849365,0.734128518228198,3.41392055527638,3.11676876078465,5.81426935648699,0.822482712125626,3.47732476631424,2.22083078691545,3.17598444621277,2.89313883033941,1.6268283162544
"ZI-MT",1.74570458720147,1.62820699084057,5.00771188537919,2.68359051647957,1.64367634823161,2.77645154178887,4.54694025074248,2.84991865790624,2.72537867857746,0.980538268861117,2.58582162027937,1.0744829697139,2.15435820617393,1.65067823749433,2.43258558844077,1.70177851231567,3.12790202577454,0.209256140415938,1.46745358243213,2.92808462524451,3.57335368232073,3.57001525700088,0.456428582918418,1.8497424458532,1.20913537511386,0.0908466755651001,1.39865517435434,2.69684955043886,2.95029203999781,0.727085232246831,1.1209870487249,1.88390807858013,2.72798763631586,2.09827340795713,0.367128242492989
"ZI-ZYGI",4.88021156114929,5.48458442588712,19.2363504056744,11.4810764224963,9.64845455083787,11.3223678172388,19.0206155949716,12.2873635251291,13.2243363388459,1.39789837840706,9.20148205924126,1.70845274886741,6.54111154746631,1.5726316779928,5.12589754981589,1.8272099969979,10.7073499431046,-1.05766935637314,5.3798088630148,3.57335368232073,19.5367912829795,14.487122678216,2.32600848668825,8.41995607458866,4.92497639189207,0.833202801162634,5.3127745581217,5.54229137878692,11.4073489822403,2.52852397305743,8.51384724813802,4.32822430435253,3.95632503163808,4.45796289548781,2.31958185678271
"ZI-TSP",5.02439979811563,7.31238501974097,18.6246911536902,11.7675848814852,8.63237081696581,10.6765794330511,17.1164840285979,11.5249668014927,11.8538855876562,1.42591439997045,8.1308181464707,0.968143204469647,6.71403239581504,1.58639919960263,3.28652402147398,1.3686093156252,10.3274617826737,1.88466076633825,5.39002481183327,3.57001525700088,14.487122678216,19.1199413966893,2.90152038512238,8.32133403883438,3.64838526614588,0.999744007334894,4.68866001360038,8.0079772214857,11.9856540415064,2.07695712963166,9.05830927642929,2.17380681621191,1.68371607581923,3.47561529642416,2.74229794811142
"MT-PNS",1.32156454544662,2.62165860896663,4.68905744394375,3.25826175715116,3.88465734984185,3.4056966788498,3.10261273221354,2.74450345859597,4.14978525869493,1.11547839663389,2.11271427516814,0.471592809250962,1.58371473330962,0.913872709273445,1.62452923949909,0.506778089136668,2.87070405345042,0.556454676907689,1.65752798067926,0.456428582918418,2.32600848668825,2.90152038512238,1.43480873132612,2.06467511932274,1.16599749989929,0.388335306546016,1.43880347546566,1.8059439440931,2.8864429261131,0.304968889184513,2.50504314550609,0.449807544719,1.21954749403167,0.983720618968141,0.760019358048495
"PNS-APET",3.51204291738745,6.83835557536149,13.4218533995403,12.5668491217237,14.2091350509908,11.2419096310383,14.9970345113452,10.3601199144651,13.2027716155232,1.59024219120202,6.5291131710285,0.106354131768088,4.61787420208944,3.03071071314042,5.31847857748435,3.37301976456613,7.55733190307173,0.486535611098177,3.81052190216696,1.8497424458532,8.41995607458866,8.32133403883438,2.06467511932274,13.1162045930522,3.25489252230136,-0.274283457538785,3.837804964764,6.07200900847936,7.98753307936604,1.28299544701057,7.67725938229755,3.67577583799247,5.83921471827488,5.44664601698466,1.70448743246701
"APET-BA",2.12469011729578,3.64683214813696,8.15601871770844,5.86763173267836,7.04751353726,5.70770760645449,6.24773471922044,4.90495602196022,6.95867512372221,3.14017211378273,4.30770487753646,1.22786427935544,3.08725582116062,2.01726210156288,6.30291884395838,2.44701867715767,5.54465423427323,0.684038317069858,2.47235649849365,1.20913537511386,4.92497639189207,3.64838526614588,1.16599749989929,3.25489252230136,5.86785885098008,0.871146463033007,4.29748044495214,2.63433871636734,5.15856976370586,2.00434414524105,1.17834025009843,3.93811712611768,3.36678533442673,2.95352268126813,1.08111880374769
"APET-TS",0.522435034330036,0.278921803676823,1.22092507126951,0.373941019277177,0.733324044226312,0.702093558401341,0.831850414836242,0.799875346704688,1.39991558731163,0.952977250807994,0.388712495516034,0.236282841717902,0.359658977400733,0.0190200842743622,0.263782089903333,0.0279365443745788,1.2922761198287,0.654060387917905,0.734128518228198,0.0908466755651001,0.833202801162634,0.999744007334894,0.388335306546016,-0.274283457538785,0.871146463033007,0.881734595185757,0.524463609080066,0.315273837773792,1.08762886034321,0.155131940588968,-0.472865456395631,-0.024889146605696,-0.0608117395019727,0.0780189299565119,0.400304358313791
"BA-EAM",2.3012010049928,4.60344522234475,9.91917648997047,6.49869352833135,7.71364905342577,6.70090550646692,6.5935949526587,5.3407550219518,8.22271024748007,3.93676071654424,5.27879159800096,1.80248685785317,4.15849423475104,3.17095182888877,6.61421615525495,2.6430046298088,6.72961073316375,1.33916065623771,3.41392055527638,1.39865517435434,5.3127745581217,4.68866001360038,1.43880347546566,3.837804964764,4.29748044495214,0.524463609080066,4.84272058760095,2.798382202782,6.31382361812327,1.27826193712419,2.58827820187755,2.62795442280328,3.96442156619914,2.54305594994581,1.57443013234407
"EAM-ZYGI",4.2931124558353,5.30937546548969,13.0166272904599,6.93875305159497,8.03653931119034,7.05303701806476,11.2822108037029,7.20536390103927,9.64323597351605,2.49100617502106,5.13762222101666,0.959851362891794,3.86886823807397,2.44681165713614,4.20695500810672,3.1032971197243,7.59529716195853,1.15659507726191,3.11676876078465,2.69684955043886,5.54229137878692,8.0079772214857,1.8059439440931,6.07200900847936,2.63433871636734,0.315273837773792,2.798382202782,9.27909443247172,8.48177801930948,1.33077320740777,3.83595131475472,2.20997281450535,4.45152320907318,3.63612587670476,2.11570696793581
"ZYGI-TSP",5.58677356912752,7.79546418502543,19.321448979469,9.61687671071172,12.5073221222478,10.371828589124,15.5812674959244,9.28702448463033,15.2540342187881,3.49642025551648,10.1341660606585,1.29696731230661,7.03893651810991,4.71681031306019,7.99386888165093,4.29768773832011,16.1685879877753,1.03905336948316,5.81426935648699,2.95029203999781,11.4073489822403,11.9856540415064,2.8864429261131,7.98753307936604,5.15856976370586,1.08762886034321,6.31382361812327,8.48177801930948,16.8574934789623,0.789631350212846,8.64175733580227,1.22060028006628,5.43580175476359,3.85628797995341,3.19772966773664
"LD-AS",0.445758223588162,1.15603702729167,3.91841200505719,2.12931596933452,1.8285312001782,3.54611824383636,2.83831986535823,1.12129149698659,0.854399341749339,0.0750964637015971,1.83290093557634,0.461086100551451,2.07372952997698,1.72162438935876,3.61506327455821,2.94981153613102,1.79593882828377,0.61130280933029,0.822482712125626,0.727085232246831,2.52852397305743,2.07695712963166,0.304968889184513,1.28299544701057,2.00434414524105,0.155131940588968,1.27826193712419,1.33077320740777,0.789631350212846,9.31308916029971,-6.70175984613895,7.99182339796742,0.672224035419385,-1.93432042250152,0.607028593249167
"BR-LD",2.97706303621283,5.7100908468505,11.1416319868173,9.53913323994988,10.2949884337406,7.44680028738085,12.8045250179291,9.56804030291498,12.1517699734512,-3.03048023474922,7.61111274238151,0.547241773706039,5.01424179819642,-0.0167645226093947,0.756987699405758,-0.7991433982168,6.61522347468908,-0.585675893991333,3.47732476631424,1.1209870487249,8.51384724813802,9.05830927642929,2.50504314550609,7.67725938229755,1.17834025009843,-0.472865456395631,2.58827820187755,3.83595131475472,8.64175733580227,-6.70175984613895,26.0335609384218,-6.06223878993387,4.18834382024179,4.61709020892304,1.30403718747975
"OPI-LD",1.85944822314248,2.39287954509526,7.59356476775395,5.2487264696682,5.20034075858168,6.35201208136147,7.18012550177874,4.38621974770867,4.77599214215081,0.483227650310691,3.21590981026722,1.12166882918658,3.31902480265427,2.38401222042299,5.92328357532312,3.86046016956012,2.75663604134164,0.713711797931172,2.22083078691545,1.88390807858013,4.32822430435253,2.17380681621191,0.449807544719,3.67577583799247,3.93811712611768,-0.024889146605696,2.62795442280328,2.20997281450535,1.22060028006628,7.99182339796742,-6.06223878993387,11.6871599331949,3.36997707821786,2.2195574774137,-0.130799922032236
"PT-AS",3.3172499080294,3.70007710373393,12.4361218210323,7.19839187745317,10.7031254962087,8.9788656062692,9.66677717361554,8.22080663074809,11.7357551400143,8.21747033184398,6.53814488192729,3.06345374235574,4.30272237723085,6.65791230704052,11.4415961808999,8.3047025836466,7.75373291161,3.29521215836781,3.17598444621277,2.72798763631586,3.95632503163808,1.68371607581923,1.21954749403167,5.83921471827488,3.36678533442673,-0.0608117395019727,3.96442156619914,4.45152320907318,5.43580175476359,0.672224035419385,4.18834382024179,3.36997707821786,14.5092566157943,6.35360209377385,2.71200232498004
"JP-AS",3.20595530869821,3.46397365934848,9.26697740895739,7.27835695237982,8.00080188121152,6.04578370913951,9.11362330790776,7.18795569685943,8.62717984012106,3.88357084060568,3.99750340856835,1.42863202934558,2.64620856550491,2.01241544368306,4.25970214400869,2.30736687650134,3.93247473823409,0.173386715491851,2.89313883033941,2.09827340795713,4.45796289548781,3.47561529642416,0.983720618968141,5.44664601698466,2.95352268126813,0.0780189299565119,2.54305594994581,3.63612587670476,3.85628797995341,-1.93432042250152,4.61709020892304,2.2195574774137,6.35360209377385,7.28518860497841,1.05804817427952
"BA-OPI",1.52717600339382,2.31104251648929,6.01209922102708,2.8355384673497,4.20989517141209,3.558868879812,3.39676823581377,2.86631652986655,4.76567247835982,3.05447179405689,3.03948007363222,1.02233207004555,1.86160777023547,1.95226352185513,3.07258804409615,1.85977861476941,3.22946018353809,1.01404748825306,1.6268283162544,0.367128242492989,2.31958185678271,2.74229794811142,0.760019358048495,1.70448743246701,1.08111880374769,0.400304358313791,1.57443013234407,2.11570696793581,3.19772966773664,0.607028593249167,1.30403718747975,-0.130799922032236,2.71200232498004,1.05804817427952,2.30956908030116
