"","IS-PM","IS-NLE","IS-PNS","PM-ZS","PM-ZI","PM-MT","NLE-NON","NLE-ZS","NLE-ZI","NON-BR","NON-PNS","BR-PT","BR-APET","PT-APET","PT-BA","PT-EAM","PT-ZYGI","PT-TSP","ZS-ZI","ZI-MT","ZI-ZYGI","ZI-TSP","MT-PNS","PNS-APET","APET-BA","APET-TS","BA-EAM","EAM-ZYGI","ZYGI-TSP","LD-AS","BR-LD","OPI-LD","PT-AS","JP-AS","BA-OPI"
"IS-PM",2.1990837380224,1.99536447922056,4.1804960327436,1.49508269803157,1.67721565359814,1.91297217579983,2.40203024108652,1.94962867840095,2.62872900389755,0.732604330104899,2.02284325210221,0.146390159917103,1.14345445808554,0.303653182437299,1.03367520543176,0.541740025780586,1.87052216850882,-0.11486886739288,0.56696313629912,0.637800333239771,1.73105452044985,2.33599600538159,0.239337346680074,1.90740496662522,0.957289770527398,0.0478338238294936,0.93530090073806,2.17048718204562,2.45473740649571,-0.0771494187943242,3.00555099792747,0.361886073415849,1.05779455990054,0.866276355188246,0.514201829506909
"IS-NLE",1.99536447922056,5.62240852675251,5.88474933760298,4.4664461976517,3.98920504840801,3.95029528219718,3.15434453870423,1.92034516507025,2.87671349060598,0.971561566391855,3.0498450653766,0.128951333910499,1.3050784982282,0.212472654578027,1.55441684682271,1.01877089860272,2.49413265195841,-0.288997735176556,1.44449863055391,1.16829121041591,2.49982585234465,4.03063661738664,0.957878639648257,3.43938565318987,2.1137475341522,0.194094899209666,1.43764236122116,3.56158636346218,3.10122599993582,0.52221997836125,4.02306484922819,0.950043409851681,1.53051972252996,1.51337221711353,0.539768700919754
"IS-PNS",4.1804960327436,5.88474933760298,18.7215213656744,11.3307297137008,9.80334927322804,11.5458668850835,11.4763236680499,9.63615673295504,10.130515324391,5.21189425956055,7.04676129668514,1.33666072939585,3.19210633920872,0.44043741105856,4.21102255508156,1.80441000611378,6.99351999268018,-0.138570018534991,4.16171609536306,1.82721870667849,8.38406760153821,10.6304015146945,1.73060868579486,4.92957081370515,4.24119477602761,0.0351713414531008,3.81733022159802,7.13956063914063,8.32956184665651,-0.38809254304096,9.20589352143087,1.17519707569282,3.97737265455257,3.88670559854632,1.64648647963148
"PM-ZS",1.49508269803157,4.4664461976517,11.3307297137008,14.6023931004422,9.38321033720087,9.24529504532831,10.2606741957967,10.1287321579634,7.48690303877084,4.75369360208538,4.58297244370643,1.17025486440419,2.61455853673181,0.079133627856207,2.42929153170247,1.15176212061991,6.48224644726296,-0.17010045763736,4.68894572457342,1.0364514502077,6.58348769526478,8.3334515491514,1.61489836943236,6.26799813323346,3.07170231088429,-0.214323963434432,2.76036064553162,5.9127476178688,7.06895395124007,0.110074283481066,7.31043368069339,0.664903775841325,2.51967371811307,3.19478983194685,1.11994583738003
"PM-ZI",1.67721565359814,3.98920504840801,9.80334927322804,9.38321033720087,10.0673528645774,8.28430426085119,6.58721219509252,6.8431208883619,8.50033203565101,4.92718678604631,4.37551254755587,0.982721532733859,2.45578150194748,0.253367948885684,2.82992603157623,1.37347609596494,5.30841997377649,0.372631264673262,3.31668119345677,1.229643416452,4.63826863263663,6.04398965749786,1.55934257952903,6.29545644904576,3.25524010523668,-0.0493801501154169,2.57866093187545,5.10744800700177,5.97871805535979,0.442736024439351,7.42431506317612,0.715705832171817,2.33413175947574,2.33978537854189,1.46232488046824
"PM-MT",1.91297217579983,3.95029528219718,11.5458668850835,9.24529504532831,8.28430426085119,10.0718081625574,8.1608152578777,7.01877113516374,7.08227082795025,4.98932621704612,4.48114535252176,1.37082873482395,2.30393449518867,-0.191737012583022,2.47088339645091,0.895625145940572,4.87594064716234,-0.86086035812638,2.59871556827476,1.35863321513757,6.78733793695268,8.05301561178415,1.33216280946633,6.22120724782248,3.17781782982812,-0.0136153709949634,2.58580722428463,5.54871212381775,6.07597555557411,0.612502853501853,5.83667155548702,1.48565138450476,1.79992471865137,2.12808684355391,1.07851322368292
"NLE-NON",2.40203024108652,3.15434453870423,11.4763236680499,10.2606741957967,6.58721219509252,8.1608152578777,21.8040480503998,9.52185988379216,7.29704260459236,-1.62112319402542,5.92001928712485,2.6459068297153,1.7872675596735,-1.04022175276282,1.43102898735746,-0.562857216390582,3.04754166440155,-2.3962625785166,2.61081461494835,0.711314333619702,7.00852903162591,7.50478439157607,1.00811379170497,6.3256378480364,2.82647496827071,-0.540333585468611,2.95306119507858,4.92727593405204,4.05042407418155,0.228098348060394,2.90090574166474,1.26815776996497,2.23925824564804,2.89688287198825,0.113972989780922
"NLE-ZS",1.94962867840095,1.92034516507025,9.63615673295504,10.1287321579634,6.8431208883619,7.01877113516374,9.52185988379216,9.83344035645552,7.79207218004185,5.02694431634394,3.0734074278662,0.987235495970353,1.824498685086,-0.00990139581651888,1.82635355653682,0.429100497390396,5.16001155744733,-0.320999073435674,3.0411931845749,0.792270794959918,5.43950514458244,6.54140515952504,0.746979362923929,4.74649565962882,2.08456293711339,-0.307059188201449,2.44435784126624,3.92984247731155,5.84217102493073,-0.318172684763563,5.79241075223872,-0.180133118213441,1.82376131551717,1.77484296865406,0.865210285114438
"NLE-ZI",2.62872900389755,2.87671349060598,10.130515324391,7.48690303877084,8.50033203565101,7.08227082795025,7.29704260459236,7.79207218004185,10.2204545480426,5.35568696549497,4.38219040695662,1.04171035265964,2.45016511381656,0.322304980467111,2.94528500307978,1.30655145508484,5.90657526594658,0.585739262978588,4.03354158233044,1.33636590063701,5.38719273645244,6.37876992574849,1.26139624051338,5.5172890949268,3.01256351019998,-0.068488575231675,2.88777935621332,4.36086249851558,6.47256807560024,0.221522642739995,7.88918198370036,0.15126464616714,2.25586790791205,1.47403400880443,1.34242367057232
"NON-BR",0.732604330104899,0.971561566391855,5.21189425956055,4.75369360208538,4.92718678604631,4.98932621704612,-1.62112319402542,5.02694431634394,5.35568696549497,23.0479984677111,1.40451762831863,5.86147056130371,1.83532229456076,0.0230982926169899,0.741266486417653,0.0835071003039046,4.55169984098645,1.46066083580209,1.29189913525007,1.43260389327993,5.77549254237704,9.16534605069637,0.550962029100452,3.5129025609798,2.67708011019365,0.816092083622944,1.1836258385827,4.03125829387889,5.88229058836737,1.14322252526222,-4.87656935936171,-0.243586968858621,-0.616993410170411,-0.481311022970357,1.26391559793299
"NON-PNS",2.02284325210221,3.0498450653766,7.04676129668514,4.58297244370643,4.37551254755587,4.48114535252176,5.92001928712485,3.0734074278662,4.38219040695662,1.40451762831863,8.12614548806557,1.79539790730241,2.97268969527879,1.66646520804642,3.38118967449442,3.12158260291857,3.95894301106751,1.50724903983863,2.07268748529478,1.40147065546657,3.98888082482054,5.0069929405046,1.42245303527792,3.79371691119639,1.79698314236176,-0.436639705286672,1.36500864905147,5.27336152623361,3.88702678338183,1.06365738380797,3.35911419274659,2.4811143147444,3.39763908298415,2.81148413885218,1.03819516918292
"BR-PT",0.146390159917103,0.128951333910499,1.33666072939585,1.17025486440419,0.982721532733859,1.37082873482395,2.6459068297153,0.987235495970353,1.04171035265964,5.86147056130371,1.79539790730241,7.34725125644024,2.91647082013967,-1.88586326216025,-1.50329937715281,-2.19813176877954,0.280233862032564,-0.661353287564068,0.343671806719777,0.190001269460861,3.10311070771722,1.68348778660167,0.333642949355338,1.4553739692533,0.341731137809136,0.199889978760718,0.29660051020683,2.64605165208437,1.6468583808241,1.43672936853755,-4.24949371392861,1.16404536756598,-0.951328734753309,0.254238039568718,0.205941145675973
"BR-APET",1.14345445808554,1.3050784982282,3.19210633920872,2.61455853673181,2.45578150194748,2.30393449518867,1.7872675596735,1.824498685086,2.45016511381656,1.83532229456076,2.97268969527879,2.91647082013967,5.25337171245681,1.05551718561905,1.14276199181356,1.12094891232631,3.16702070356735,0.925892202155248,1.34324929219267,0.884619038138232,2.72990782484008,3.84890485393964,0.72415611105884,2.81806128338365,0.840653400413278,0.270658908445048,0.904326472861719,3.55639819911893,3.70604925182828,0.927100309356261,4.05948097938866,2.11288837283839,1.51544625553097,2.21015466875567,0.546019075837015
"PT-APET",0.303653182437299,0.212472654578027,0.44043741105856,0.079133627856207,0.253367948885684,-0.191737012583022,-1.04022175276282,-0.00990139581651888,0.322304980467111,0.0230982926169899,1.66646520804642,-1.88586326216025,1.05551718561905,4.70536200333588,4.63207753422266,5.33401992873578,2.41681385105789,3.75616941757785,0.156118498848378,0.795377862363149,-1.44031782735178,0.399279891910089,0.194198096747035,-0.293047479432827,-0.0930587644921206,-0.0219453682181896,0.0659164855085127,-0.0176299109067301,0.197786241086232,0.619197476220627,1.32797656534007,1.38956679025317,4.44468320319511,1.45091241933145,0.331360068433201
"PT-BA",1.03367520543176,1.55441684682271,4.21102255508156,2.42929153170247,2.82992603157623,2.47088339645091,1.43102898735746,1.82635355653682,2.94528500307978,0.741266486417653,3.38118967449442,-1.50329937715281,1.14276199181356,4.63207753422266,7.33046528391237,6.68503841355752,4.66077443450135,4.28599805175992,1.37209768101261,1.25738304734452,0.804821403956967,1.84686979072765,0.641263727572089,1.54849928357028,1.9253605743579,-0.150549954433658,1.66568927341697,1.32342509028778,2.14426769613179,0.807356832419606,3.54398747530526,1.77660690628499,6.47195862206225,2.01202586000576,0.838129994900505
"PT-EAM",0.541740025780586,1.01877089860272,1.80441000611378,1.15176212061991,1.37347609596494,0.895625145940572,-0.562857216390582,0.429100497390396,1.30655145508484,0.0835071003039046,3.12158260291857,-2.19813176877954,1.12094891232631,5.33401992873578,6.68503841355752,7.97244748932104,4.53222070627235,5.33749094227899,0.90829232528404,1.25986511196524,-0.174814082088772,1.064783489313,0.599779481415061,0.594599483592226,0.716812131046077,-0.0884437043280648,0.350260993007049,0.474906000575006,1.13416544505691,1.10586693670009,2.19789511080837,2.20617632671891,6.91296672163143,2.10261517373487,0.541443490136535
"PT-ZYGI",1.87052216850882,2.49413265195841,6.99351999268018,6.48224644726296,5.30841997377649,4.87594064716234,3.04754166440155,5.16001155744733,5.90657526594658,4.55169984098645,3.95894301106751,0.280233862032564,3.16702070356735,2.41681385105789,4.66077443450135,4.53222070627235,9.77936328051828,2.7507323902199,3.34265136439406,1.64538545330846,6.02158444496206,7.04080064815674,1.49585987794379,4.64003580664366,2.60655455088204,0.221760360851469,2.33226092645077,4.61279330834404,8.85815649038601,0.260447374874104,6.96610242705805,1.12394600454315,4.95505481177237,2.63908734508387,0.776667265052585
"PT-TSP",-0.11486886739288,-0.288997735176556,-0.138570018534991,-0.17010045763736,0.372631264673262,-0.86086035812638,-2.3962625785166,-0.320999073435674,0.585739262978588,1.46066083580209,1.50724903983863,-0.661353287564068,0.925892202155248,3.75616941757785,4.28599805175992,5.33749094227899,2.7507323902199,6.92801956209774,0.812736442175462,1.10823080397222,-1.03501804273275,1.0749238867055,0.246597711685114,-0.995987804379053,-0.0234215255888248,-0.039433284547777,-0.11874701817014,0.144224738846634,-0.345107155527834,0.987191453719913,0.381574683481899,1.66591776002166,4.43128209317571,1.61114153447025,0.165348039887852
"ZS-ZI",0.56696313629912,1.44449863055391,4.16171609536306,4.68894572457342,3.31668119345677,2.59871556827476,2.61081461494835,3.0411931845749,4.03354158233044,1.29189913525007,2.07268748529478,0.343671806719777,1.34324929219267,0.156118498848378,1.37209768101261,0.90829232528404,3.34265136439406,0.812736442175462,4.7154052964473,0.29479270525525,3.13205042523346,3.48389551925771,0.97333950532076,1.4444715604225,1.44632155149928,0.0957553069652653,1.30962935032352,1.36307492970438,2.89460749586622,0.108645372549297,4.2359935617579,0.461968292782631,1.23798224585783,1.23201020408949,0.498708554137362
"ZI-MT",0.637800333239771,1.16829121041591,1.82721870667849,1.0364514502077,1.229643416452,1.35863321513757,0.711314333619702,0.792270794959918,1.33636590063701,1.43260389327993,1.40147065546657,0.190001269460861,0.884619038138232,0.795377862363149,1.25738304734452,1.25986511196524,1.64538545330846,1.10823080397222,0.29479270525525,2.05749847611989,1.41297626332794,3.10580247499474,0.13809365134115,1.67851884202787,0.609377103989636,0.0635825025024047,0.510660293325638,1.97396234570784,1.60336084840693,1.11835827180229,1.07407418399737,1.37049193986414,1.0991148739598,0.590020088003215,0.288921284657685
"ZI-ZYGI",1.73105452044985,2.49982585234465,8.38406760153821,6.58348769526478,4.63826863263663,6.78733793695268,7.00852903162591,5.43950514458244,5.38719273645244,5.77549254237704,3.98888082482054,3.10311070771722,2.72990782484008,-1.44031782735178,0.804821403956967,-0.174814082088772,6.02158444496206,-1.03501804273275,3.13205042523346,1.41297626332794,12.3555305107309,10.1329691442174,1.28985757964873,7.4302100594449,2.55873054503437,0.198730276436594,2.28672553420277,4.32601593375279,7.21027674029947,0.149751718900699,4.1056250649546,0.937356473717189,0.438817590923999,1.70241234359937,0.580168446078221
"ZI-TSP",2.33599600538159,4.03063661738664,10.6304015146945,8.3334515491514,6.04398965749786,8.05301561178415,7.50478439157607,6.54140515952504,6.37876992574849,9.16534605069637,5.0069929405046,1.68348778660167,3.84890485393964,0.399279891910089,1.84686979072765,1.064783489313,7.04080064815674,1.0749238867055,3.48389551925771,3.10580247499474,10.1329691442174,17.2525818535038,1.59610797938121,7.59480798205619,3.63576923155778,0.560195854036253,2.81970122990866,7.22997024086485,9.16810286110673,0.282982621993075,6.12976685510977,2.28773106868924,1.74981751049378,3.82997874998571,0.461896098910671
"MT-PNS",0.239337346680074,0.957878639648257,1.73060868579486,1.61489836943236,1.55934257952903,1.33216280946633,1.00811379170497,0.746979362923929,1.26139624051338,0.550962029100452,1.42245303527792,0.333642949355338,0.72415611105884,0.194198096747035,0.641263727572089,0.599779481415061,1.49585987794379,0.246597711685114,0.97333950532076,0.13809365134115,1.28985757964873,1.59610797938121,1.06395263208745,1.17587444578399,0.796808829798343,0.15727712589363,0.612684176903209,1.85771053744618,1.60676246993781,0.425573562502285,1.46604107366947,0.527447326057601,0.646685153732911,0.438192847855644,-0.0482953426324163
"PNS-APET",1.90740496662522,3.43938565318987,4.92957081370515,6.26799813323346,6.29545644904576,6.22120724782248,6.3256378480364,4.74649565962882,5.5172890949268,3.5129025609798,3.79371691119639,1.4553739692533,2.81806128338365,-0.293047479432827,1.54849928357028,0.594599483592226,4.64003580664366,-0.995987804379053,1.4444715604225,1.67851884202787,7.4302100594449,7.59480798205619,1.17587444578399,12.6314019644362,1.73764537477583,-0.79178122002758,2.24905875017502,6.36074721166733,6.14664553121929,0.381862079377478,6.27302850677294,1.47020078414885,1.07431519194095,1.83142600270335,0.657113494000144
"APET-BA",0.957289770527398,2.1137475341522,4.24119477602761,3.07170231088429,3.25524010523668,3.17781782982812,2.82647496827071,2.08456293711339,3.01256351019998,2.67708011019365,1.79698314236176,0.341731137809136,0.840653400413278,-0.0930587644921206,1.9253605743579,0.716812131046077,2.60655455088204,-0.0234215255888248,1.44632155149928,0.609377103989636,2.55873054503437,3.63576923155778,0.796808829798343,1.73764537477583,3.45025890486724,0.529252664794361,1.84850873850507,2.66052194163821,3.02715993411654,-0.128323072609579,2.58679910172525,-0.0102549792488727,1.0540701826785,0.760060878833925,0.310162327767808
"APET-TS",0.0478338238294936,0.194094899209666,0.0351713414531008,-0.214323963434432,-0.0493801501154169,-0.0136153709949634,-0.540333585468611,-0.307059188201449,-0.068488575231675,0.816092083622944,-0.436639705286672,0.199889978760718,0.270658908445048,-0.0219453682181896,-0.150549954433658,-0.0884437043280648,0.221760360851469,-0.039433284547777,0.0957553069652653,0.0635825025024047,0.198730276436594,0.560195854036253,0.15727712589363,-0.79178122002758,0.529252664794361,1.1542508666658,0.138561709459586,-0.0824989526387269,0.293749699546434,0.28281101352263,0.39644734419663,0.0266301708225142,-0.206279340033318,-0.0880998852956063,0.0652540428357809
"BA-EAM",0.93530090073806,1.43764236122116,3.81733022159802,2.76036064553162,2.57866093187545,2.58580722428463,2.95306119507858,2.44435784126624,2.88777935621332,1.1836258385827,1.36500864905147,0.29660051020683,0.904326472861719,0.0659164855085127,1.66568927341697,0.350260993007049,2.33226092645077,-0.11874701817014,1.30962935032352,0.510660293325638,2.28672553420277,2.81970122990866,0.612684176903209,2.24905875017502,1.84850873850507,0.138561709459586,2.11851378500186,1.60155404720591,2.7379158814493,0.2175011651212,2.55705746686109,0.497533808695079,0.98886115913733,0.674938200600836,0.467475110884404
"EAM-ZYGI",2.17048718204562,3.56158636346218,7.13956063914063,5.9127476178688,5.10744800700177,5.54871212381775,4.92727593405204,3.92984247731155,4.36086249851558,4.03125829387889,5.27336152623361,2.64605165208437,3.55639819911893,-0.0176299109067301,1.32342509028778,0.474906000575006,4.61279330834404,0.144224738846634,1.36307492970438,1.97396234570784,4.32601593375279,7.22997024086485,1.85771053744618,6.36074721166733,2.66052194163821,-0.0824989526387269,1.60155404720591,11.9110749382923,6.96738412836227,-0.0925254945865279,6.61730076911161,0.60112271839619,0.409303094489811,1.71667928345885,0.449706478504394
"ZYGI-TSP",2.45473740649571,3.10122599993582,8.32956184665651,7.06895395124007,5.97871805535979,6.07597555557411,4.05042407418155,5.84217102493073,6.47256807560024,5.88229058836737,3.88702678338183,1.6468583808241,3.70604925182828,0.197786241086232,2.14426769613179,1.13416544505691,8.85815649038601,-0.345107155527834,2.89460749586622,1.60336084840693,7.21027674029947,9.16810286110673,1.60676246993781,6.14664553121929,3.02715993411654,0.293749699546434,2.7379158814493,6.96738412836227,10.8651945998842,-0.226942787590996,7.76127687819093,0.369766560283938,1.95737616475873,2.135683395904,0.851813536143014
"LD-AS",-0.0771494187943242,0.52221997836125,-0.38809254304096,0.110074283481066,0.442736024439351,0.612502853501853,0.228098348060394,-0.318172684763563,0.221522642739995,1.14322252526222,1.06365738380797,1.43672936853755,0.927100309356261,0.619197476220627,0.807356832419606,1.10586693670009,0.260447374874104,0.987191453719913,0.108645372549297,1.11835827180229,0.149751718900699,0.282982621993075,0.425573562502285,0.381862079377478,-0.128323072609579,0.28281101352263,0.2175011651212,-0.0925254945865279,-0.226942787590996,8.6540277933746,-6.91043688944354,5.83353939338319,-1.5349509689153,-4.43609332411576,0.423385412320662
"BR-LD",3.00555099792747,4.02306484922819,9.20589352143087,7.31043368069339,7.42431506317612,5.83667155548702,2.90090574166474,5.79241075223872,7.88918198370036,-4.87656935936171,3.35911419274659,-4.24949371392861,4.05948097938866,1.32797656534007,3.54398747530526,2.19789511080837,6.96610242705805,0.381574683481899,4.2359935617579,1.07407418399737,4.1056250649546,6.12976685510977,1.46604107366947,6.27302850677294,2.58679910172525,0.39644734419663,2.55705746686109,6.61730076911161,7.76127687819093,-6.91043688944354,32.3373686644275,-6.08344353886564,5.3232741861745,5.00140545154003,0.853451648210744
"OPI-LD",0.361886073415849,0.950043409851681,1.17519707569282,0.664903775841325,0.715705832171817,1.48565138450476,1.26815776996497,-0.180133118213441,0.15126464616714,-0.243586968858621,2.4811143147444,1.16404536756598,2.11288837283839,1.38956679025317,1.77660690628499,2.20617632671891,1.12394600454315,1.66591776002166,0.461968292782631,1.37049193986414,0.937356473717189,2.28773106868924,0.527447326057601,1.47020078414885,-0.0102549792488727,0.0266301708225142,0.497533808695079,0.60112271839619,0.369766560283938,5.83353939338319,-6.08344353886564,8.62600480032292,1.342238945079,0.83074948851077,0.262733807641803
"PT-AS",1.05779455990054,1.53051972252996,3.97737265455257,2.51967371811307,2.33413175947574,1.79992471865137,2.23925824564804,1.82376131551717,2.25586790791205,-0.616993410170411,3.39763908298415,-0.951328734753309,1.51544625553097,4.44468320319511,6.47195862206225,6.91296672163143,4.95505481177237,4.43128209317571,1.23798224585783,1.0991148739598,0.438817590923999,1.74981751049378,0.646685153732911,1.07431519194095,1.0540701826785,-0.206279340033318,0.98886115913733,0.409303094489811,1.95737616475873,-1.5349509689153,5.3232741861745,1.342238945079,11.0982264027517,6.02351849903947,0.3721378316193
"JP-AS",0.866276355188246,1.51337221711353,3.88670559854632,3.19478983194685,2.33978537854189,2.12808684355391,2.89688287198825,1.77484296865406,1.47403400880443,-0.481311022970357,2.81148413885218,0.254238039568718,2.21015466875567,1.45091241933145,2.01202586000576,2.10261517373487,2.63908734508387,1.61114153447025,1.23201020408949,0.590020088003215,1.70241234359937,3.82997874998571,0.438192847855644,1.83142600270335,0.760060878833925,-0.0880998852956063,0.674938200600836,1.71667928345885,2.135683395904,-4.43609332411576,5.00140545154003,0.83074948851077,6.02351849903947,8.52733201232699,0.308920158376805
"BA-OPI",0.514201829506909,0.539768700919754,1.64648647963148,1.11994583738003,1.46232488046824,1.07851322368292,0.113972989780922,0.865210285114438,1.34242367057232,1.26391559793299,1.03819516918292,0.205941145675973,0.546019075837015,0.331360068433201,0.838129994900505,0.541443490136535,0.776667265052585,0.165348039887852,0.498708554137362,0.288921284657685,0.580168446078221,0.461896098910671,-0.0482953426324163,0.657113494000144,0.310162327767808,0.0652540428357809,0.467475110884404,0.449706478504394,0.851813536143014,0.423385412320662,0.853451648210744,0.262733807641803,0.3721378316193,0.308920158376805,1.52967546937751
