"","IS-PM","IS-NLE","IS-PNS","PM-ZS","PM-ZI","PM-MT","NLE-NON","NLE-ZS","NLE-ZI","NON-BR","NON-PNS","BR-PT","BR-APET","PT-APET","PT-BA","PT-EAM","PT-ZYGI","PT-TSP","ZS-ZI","ZI-MT","ZI-ZYGI","ZI-TSP","MT-PNS","PNS-APET","APET-BA","APET-TS","BA-EAM","EAM-ZYGI","ZYGI-TSP","LD-AS","BR-LD","OPI-LD","PT-AS","JP-AS","BA-OPI"
"IS-PM",2.11420812685845,2.46446181097979,4.47625333398645,2.04460744041169,2.19254106627782,2.90373066372335,2.01622698209571,2.16549890003621,3.11076791311271,1.15774094172554,1.29574168203398,0.108795139442933,0.314511771968743,-0.630723822419399,0.708638820708148,-0.383563843619139,1.96636838860414,-0.488445147944299,0.892299647126313,0.0948147742615102,2.17095222047408,3.15052854119548,0.643410153968824,2.08036253683593,1.86240580188046,0.129262235316367,1.58994839685673,1.97851623843567,2.81540920260996,0.544987859107247,2.39467676707439,0.123017900186206,-0.446621152336575,-0.554398449301201,0.080752565116144
"IS-NLE",2.46446181097979,6.05070458859786,7.6311896636377,4.29683933865768,4.84104818017072,5.54506351991293,1.74704058670839,1.98956800350595,3.62682763328735,1.74059182131309,2.99692399970512,0.20974257175564,2.06728448619286,0.730699006749908,2.26116672347563,0.289518064747156,3.1402791499431,-0.454415729774187,0.927239467683465,0.888643371034385,2.97746438101041,4.43340613935977,0.928881120226406,3.41375183969725,2.81319770847687,0.567496881828576,2.899284458252,2.86078652535839,3.99433530758939,0.95151300057759,4.92956780012496,0.611470764584106,-0.156241153520333,0.0807056291236962,0.300800756966447
"IS-PNS",4.47625333398645,7.6311896636377,19.8121939492456,12.636420423014,12.3119427059043,13.6887347147849,9.1797317880509,10.9970297651397,12.762202913157,7.65906825329742,7.80528060142389,0.637409913735191,2.52769725440986,0.140585561041937,5.14193393037742,0.904434467873016,7.79324351337885,-1.26333629174323,3.18134749553422,0.849577235694268,9.35282567576711,9.90771507021886,1.82131587146773,4.8161493895041,7.33185751896638,0.627622199420659,5.27558254563154,5.57038890650704,9.39731874874545,1.29451674755522,8.53187438932638,0.910689712600506,0.427956579854332,-0.139892924911244,0.712245182807512
"PM-ZS",2.04460744041169,4.29683933865768,12.636420423014,11.8680778548875,9.43187402743288,9.78979299159915,7.70189715663653,9.84251305276785,9.47948110502869,5.90282940985489,5.63616546552363,0.828011803103917,2.22034527742397,0.743068374438399,4.6100592498998,1.69917437304006,6.18650758207642,-0.875118947021245,3.49841305893583,0.245535902920473,7.53150424579644,6.49828899567706,1.96007767718744,3.55862974781957,5.32827029882705,0.786545686708272,3.62391183208787,2.94802695081138,6.61331084348065,1.13586394424049,6.67772024929606,0.793540926730041,0.939560445731524,0.244921023715628,0.912056194613098
"PM-ZI",2.19254106627782,4.84104818017072,12.3119427059043,9.43187402743288,11.4312502932823,9.76606402346613,7.55579284440074,7.76801056967025,10.3577736605312,5.48086095136289,4.71610530786446,0.765398348918513,1.43695338449282,-0.00794151726734079,3.39658876083271,0.577592110479629,4.27184832241889,-1.13022499490269,2.3108387671645,0.841311652889882,4.93863342100799,4.87490946327197,1.53468575126153,4.70840989872285,5.10962339019726,0.802618953792494,3.17250912178155,3.31730338794989,5.31790936186598,1.19218573236085,4.85559429515041,1.43076733359341,0.359614878599621,0.699911594486731,0.556592628588227
"PM-MT",2.90373066372335,5.54506351991293,13.6887347147849,9.78979299159915,9.76606402346613,11.1993782222818,6.96609564455065,8.0974210802925,9.41984677324182,4.62212915557691,4.7697990023228,0.488530463591428,1.83032501934308,-0.192626540499492,3.48029837971596,0.374105001476992,5.24881526005412,-1.37038580814024,2.1767742982201,1.07089220914669,6.78177938008355,7.23454028535897,1.4394686642371,4.87818950202142,5.29476220049218,0.702797319345636,3.86332156771973,3.92495680522008,6.57064756984732,1.16770356233704,7.36926944292993,0.621505212855395,0.113509082000008,-0.310901369762637,0.604656183264476
"NLE-NON",2.01622698209571,1.74704058670839,9.1797317880509,7.70189715663653,7.55579284440074,6.96609564455065,17.2133106945604,10.3123159041315,11.2033037691181,-0.549827191270848,6.78030057092152,-0.23025394701807,0.266704430831144,0.0038399764084807,3.7682404706488,1.66721730346108,4.0545054805942,-0.315550464520987,2.7380329991769,-0.155515463577456,5.77233151509454,5.83199932774951,1.85500984341339,3.82401731881705,4.82375364835005,0.852488586518243,2.76754390830305,4.52614613219234,4.05483628032286,-0.122067534114877,4.23387681275953,1.09082317098241,1.43257444008375,2.60254640805278,0.272075138883426
"NLE-ZS",2.16549890003621,1.98956800350595,10.9970297651397,9.84251305276785,7.76801056967025,8.0974210802925,10.3123159041315,11.2597920164414,11.0831650013688,5.59089834573908,4.79048788740926,0.961893988328552,0.762648173919207,-0.744213518998722,3.57795042929168,0.918124054797004,5.41807793939417,-0.907184214747309,3.53348722930725,-0.321351049123286,6.78235756507676,6.01668963168574,1.6639077974403,2.82507468829785,5.42111685384416,0.6511596082758,3.07258908916901,3.34360407646786,5.92289391517893,0.860564937635167,3.91110677501385,0.512047694813919,0.656647817234829,0.116919583720364,0.508181611887084
"NLE-ZI",3.11076791311271,3.62682763328735,12.762202913157,9.47948110502869,10.3577736605312,9.41984677324182,11.2033037691181,11.0831650013688,13.9706559541922,6.32943474059012,5.47472978359909,1.55998865088283,0.666930196028663,-1.60667681404098,3.58632624404986,0.0298262506383871,5.53916221034461,-1.64194848892672,4.28102715629764,0.341468045733582,6.80993363891672,6.00934408737393,1.82205260262868,4.26968600731109,6.74416047227929,0.910968166528091,3.81840702774416,4.49366963149413,6.69241003430542,1.03075886523698,3.44157892108155,1.31777097552227,0.253977299337506,0.55911337339365,0.614695844940758
"NON-BR",1.15774094172554,1.74059182131309,7.65906825329742,5.90282940985489,5.48086095136289,4.62212915557691,-0.549827191270848,5.59089834573908,6.32943474059012,16.8054913983582,2.06043063273831,3.69211725761453,1.71431378461628,-0.216540891952391,2.45762766326552,0.263451691036149,3.8959852152674,-0.31975628713563,2.48479246316367,-0.479548948143571,5.61847230382238,4.13746009202262,0.243983304908343,1.32159788810082,3.89339130037162,0.206632967932661,1.8360684283911,0.644119023077345,4.02474899003009,0.586179878018497,-1.52608055816059,-0.540717709635943,0.700177315919914,-0.727161935331162,0.609709699038751
"NON-PNS",1.29574168203398,2.99692399970512,7.80528060142389,5.63616546552363,4.71610530786446,4.7697990023228,6.78030057092152,4.79048788740926,5.47472978359909,2.06043063273831,7.63289099130695,0.698001192221144,2.11825479806784,1.61427990519865,4.56015660312889,2.22727923655225,4.38384337725372,-0.707056914360678,2.35705103306914,0.621035498424707,5.29310182373141,3.46588364174005,1.15381498183784,1.50119461276929,3.74981975881748,0.419840913001614,2.82152131405106,3.01381240112372,4.21478437660822,-0.578057636457074,4.52270285331708,1.03584737533479,1.85672409761674,2.22390822671054,0.913355211540872
"BR-PT",0.108795139442933,0.20974257175564,0.637409913735191,0.828011803103917,0.765398348918513,0.488530463591428,-0.23025394701807,0.961893988328552,1.55998865088283,3.69211725761453,0.698001192221144,3.66599610566732,2.18906527757436,-0.923364142965869,-0.0113006008641682,-1.01798319955067,1.21678487524628,-0.0612406616910523,0.995832834116194,0.518301150371179,1.77171056291761,1.02775582574001,0.467401172818937,0.552977696333606,1.11949831733663,0.203796302170689,0.887117113025362,0.362240031156021,1.59741113688564,2.16084393963872,-1.86337109794356,1.43927062222617,-0.143894360296204,-0.251475863690675,0.38621388895497
"BR-APET",0.314511771968743,2.06728448619286,2.52769725440986,2.22034527742397,1.43695338449282,1.83032501934308,0.266704430831144,0.762648173919207,0.666930196028663,1.71431378461628,2.11825479806784,2.18906527757436,4.29115888027008,1.78105639048468,2.10235675995685,1.22765607872364,2.94605767436723,0.158737929675096,0.501683394745097,0.760853936963092,1.62530455537888,2.50503162242095,0.820613400699435,1.32018715995661,1.33656094547559,0.602351574216875,1.71144693150591,2.02850109757552,3.02460050322424,2.77951634299816,2.12890310712759,2.57043157129893,0.644351559411891,0.581954297747479,0.123943056955493
"PT-APET",-0.630723822419399,0.730699006749908,0.140585561041937,0.743068374438399,-0.00794151726734079,-0.192626540499492,0.0038399764084807,-0.744213518998722,-1.60667681404098,-0.216540891952391,1.61427990519865,-0.923364142965869,1.78105639048468,4.86127062682208,4.15599857916726,4.84594006364244,1.86360348938421,2.11379633748347,-0.369044880097656,0.32308504963402,-0.875883450019564,-0.63510617354253,0.218744267927502,-0.849637933182417,-0.160236704460665,0.693738221915517,0.291766617030931,0.218095268898524,-0.106889322440075,-0.912152371590345,1.80298629417193,-0.304702008202312,3.16944515462727,1.48252569022513,0.372470105599041
"PT-BA",0.708638820708148,2.26116672347563,5.14193393037742,4.6100592498998,3.39658876083271,3.48029837971596,3.7682404706488,3.57795042929168,3.58632624404986,2.45762766326552,4.56015660312889,-0.0113006008641682,2.10235675995685,4.15599857916726,6.86573894980586,5.34670329118096,4.62949719859324,1.48317551584642,1.92305862837529,0.434675522621333,2.53673849690727,1.82643793726652,0.92422793553196,0.820136626547678,3.28254704696555,1.03131293952231,2.47299175665313,2.10264891576271,3.02005658871059,-0.461470845698279,3.89315807976259,0.579100519242775,4.17787297412437,2.02711788535808,1.17879932609646
"PT-EAM",-0.383563843619139,0.289518064747156,0.904434467873016,1.69917437304006,0.577592110479629,0.374105001476992,1.66721730346108,0.918124054797004,0.0298262506383871,0.263451691036149,2.22727923655225,-1.01798319955067,1.22765607872364,4.84594006364244,5.34670329118096,6.09820380514472,2.51839987816231,2.66759538746702,0.5052697260471,0.488552412202042,-0.424468255343745,-0.245927911330891,0.231302311790168,-0.914859179231844,0.762834600136194,0.663430114041622,0.433250155182473,0.782368960505645,0.297118283199196,-1.27509311578165,1.74067651271906,-0.448593312658581,4.46620148503115,2.02111331647148,0.659025250459494
"PT-ZYGI",1.96636838860414,3.1402791499431,7.79324351337885,6.18650758207642,4.27184832241889,5.24881526005412,4.0545054805942,5.41807793939417,5.53916221034461,3.8959852152674,4.38384337725372,1.21678487524628,2.94605767436723,1.86360348938421,4.62949719859324,2.51839987816231,7.102524513359,-0.665971334000348,2.58349138987502,0.522317498826243,5.69214153375366,4.97090880763462,1.7282289353087,2.49581552297181,4.11513451549936,0.942671276425666,3.2483883187708,3.69958733216801,7.15598432445177,1.31748855588091,4.92814367607137,1.12227686564885,1.36416900651789,-0.0265707163953474,0.504850979375097
"PT-TSP",-0.488445147944299,-0.454415729774187,-1.26333629174323,-0.875118947021245,-1.13022499490269,-1.37038580814024,-0.315550464520987,-0.907184214747309,-1.64194848892672,-0.31975628713563,-0.707056914360678,-0.0612406616910523,0.158737929675096,2.11379633748347,1.48317551584642,2.66759538746702,-0.665971334000348,4.32924658870401,-0.767182516812747,-0.371313696951107,-2.0759470355731,-0.111443846648929,-0.313131608148958,-1.96909125833169,-0.927839408724134,-0.0690589540285785,-0.398724516014011,-1.01326822937155,-2.26756921953304,0.529032477586904,-2.08709641389952,-0.10501028061827,2.38971881688731,0.455269377985786,0.488936444229565
"ZS-ZI",0.892299647126313,0.927239467683465,3.18134749553422,3.49841305893583,2.3108387671645,2.1767742982201,2.7380329991769,3.53348722930725,4.28102715629764,2.48479246316367,2.35705103306914,0.995832834116194,0.501683394745097,-0.369044880097656,1.92305862837529,0.5052697260471,2.58349138987502,-0.767182516812747,3.32493564293435,-0.0178815963556682,3.73006598363206,1.67941904566329,0.826393360163751,0.874035749558723,2.49375091646779,0.31945643786037,1.53554525860992,0.791696747142105,2.55244404725793,0.288659280885029,1.11108730430692,0.643361261436006,0.464209076374529,0.355245619917913,0.658914168529191
"ZI-MT",0.0948147742615102,0.888643371034385,0.849577235694268,0.245535902920473,0.841311652889882,1.07089220914669,-0.155515463577456,-0.321351049123286,0.341468045733582,-0.479548948143571,0.621035498424707,0.518301150371179,0.760853936963092,0.32308504963402,0.434675522621333,0.488552412202042,0.522317498826243,-0.371313696951107,-0.0178815963556682,2.38574204845819,-0.509154870961369,-0.163545646570679,-0.245143407380384,0.193409957688527,0.258761712053732,0.140185157529152,0.439874911883206,0.95086161170859,0.913840638571323,-0.478816979521673,0.000887771557336171,0.489040904539108,0.679419500584688,1.21185007877908,0.0307864293900505
"ZI-ZYGI",2.17095222047408,2.97746438101041,9.35282567576711,7.53150424579644,4.93863342100799,6.78177938008355,5.77233151509454,6.78235756507676,6.80993363891672,5.61847230382238,5.29310182373141,1.77171056291761,1.62530455537888,-0.875883450019564,2.53673849690727,-0.424468255343745,5.69214153375366,-2.0759470355731,3.73006598363206,-0.509154870961369,11.8298398337041,7.52516947318744,1.53148240331486,4.32215105522963,4.5672691077791,0.119605333537803,3.00055734298692,1.9730070611271,6.1609375676049,0.753782624413175,5.87772504235499,-0.221697147576152,-0.525993996759863,-0.849454966944453,0.928510688243977
"ZI-TSP",3.15052854119548,4.43340613935977,9.90771507021886,6.49828899567706,4.87490946327197,7.23454028535897,5.83199932774951,6.01668963168574,6.00934408737393,4.13746009202262,3.46588364174005,1.02775582574001,2.50503162242095,-0.63510617354253,1.82643793726652,-0.245927911330891,4.97090880763462,-0.111443846648929,1.67941904566329,-0.163545646570679,7.52516947318744,10.4331688098672,1.52067864782649,4.7872610982384,4.22419706851033,0.200373877765437,3.55069235906719,3.86638533062858,6.45927895244647,3.32301774891818,6.28691660420674,1.0688491027883,-0.680557504796376,-1.34573127930478,0.248588550530131
"MT-PNS",0.643410153968824,0.928881120226406,1.82131587146773,1.96007767718744,1.53468575126153,1.4394686642371,1.85500984341339,1.6639077974403,1.82205260262868,0.243983304908343,1.15381498183784,0.467401172818937,0.820613400699435,0.218744267927502,0.92422793553196,0.231302311790168,1.7282289353087,-0.313131608148958,0.826393360163751,-0.245143407380384,1.53148240331486,1.52067864782649,1.23160961618324,1.23052801967867,1.15202290594646,0.410526188054215,1.04162632360725,1.07678735223719,1.88649023144114,0.787160547324585,2.04818593212477,0.102577858596282,-0.0567756412553338,-0.304437763711847,0.14650611449298
"PNS-APET",2.08036253683593,3.41375183969725,4.8161493895041,3.55862974781957,4.70840989872285,4.87818950202142,3.82401731881705,2.82507468829785,4.26968600731109,1.32159788810082,1.50119461276929,0.552977696333606,1.32018715995661,-0.849637933182417,0.820136626547678,-0.914859179231844,2.49581552297181,-1.96909125833169,0.874035749558723,0.193409957688527,4.32215105522963,4.7872610982384,1.23052801967867,7.81469407167902,2.29088060254515,0.428844100438258,2.48331858280057,3.86921049609294,4.06207284223924,1.8789311781477,5.7325854219437,1.10771978001364,-0.966194265385095,-0.333023347359472,-0.262084466648944
"APET-BA",1.86240580188046,2.81319770847687,7.33185751896638,5.32827029882705,5.10962339019726,5.29476220049218,4.82375364835005,5.42111685384416,6.74416047227929,3.89339130037162,3.74981975881748,1.11949831733663,1.33656094547559,-0.160236704460665,3.28254704696555,0.762834600136194,4.11513451549936,-0.927839408724134,2.49375091646779,0.258761712053732,4.5672691077791,4.22419706851033,1.15202290594646,2.29088060254515,4.69862675037206,0.717167373172956,2.79687764943802,2.81792655027154,4.6961814190129,1.19853940540302,3.26426301365101,1.11491921125057,0.636572890314953,0.309113003092608,0.564041991364433
"APET-TS",0.129262235316367,0.567496881828576,0.627622199420659,0.786545686708272,0.802618953792494,0.702797319345636,0.852488586518243,0.6511596082758,0.910968166528091,0.206632967932661,0.419840913001614,0.203796302170689,0.602351574216875,0.693738221915517,1.03131293952231,0.663430114041622,0.942671276425666,-0.0690589540285785,0.31945643786037,0.140185157529152,0.119605333537803,0.200373877765437,0.410526188054215,0.428844100438258,0.717167373172956,0.624782069063003,0.560361183479899,0.620451250630343,0.792851451615662,0.318557600534394,0.767180640029367,0.371590003711692,0.468086610230366,0.207335818836869,0.0383093199826377
"BA-EAM",1.58994839685673,2.899284458252,5.27558254563154,3.62391183208787,3.17250912178155,3.86332156771973,2.76754390830305,3.07258908916901,3.81840702774416,1.8360684283911,2.82152131405106,0.887117113025362,1.71144693150591,0.291766617030931,2.47299175665313,0.433250155182473,3.2483883187708,-0.398724516014011,1.53554525860992,0.439874911883206,3.00055734298692,3.55069235906719,1.04162632360725,2.48331858280057,2.79687764943802,0.560361183479899,2.92423865683124,2.37919611737728,3.8330768831166,1.36209749570133,3.63705129799588,1.14560321869509,0.354037016235599,0.245885039669582,0.458667055430051
"EAM-ZYGI",1.97851623843567,2.86078652535839,5.57038890650704,2.94802695081138,3.31730338794989,3.92495680522008,4.52614613219234,3.34360407646786,4.49366963149413,0.644119023077345,3.01381240112372,0.362240031156021,2.02850109757552,0.218095268898524,2.10264891576271,0.782368960505645,3.69958733216801,-1.01326822937155,0.791696747142105,0.95086161170859,1.9730070611271,3.86638533062858,1.07678735223719,3.86921049609294,2.81792655027154,0.620451250630343,2.37919611737728,6.37894602073031,4.97523146850441,0.595461103560223,5.05457940119832,1.12222922191633,0.625961560296088,1.27907719403258,-0.636094240130201
"ZYGI-TSP",2.81540920260996,3.99433530758939,9.39731874874545,6.61331084348065,5.31790936186598,6.57064756984732,4.05483628032286,5.92289391517893,6.69241003430542,4.02474899003009,4.21478437660822,1.59741113688564,3.02460050322424,-0.106889322440075,3.02005658871059,0.297118283199196,7.15598432445177,-2.26756921953304,2.55244404725793,0.913840638571323,6.1609375676049,6.45927895244647,1.88649023144114,4.06207284223924,4.6961814190129,0.792851451615662,3.8330768831166,4.97523146850441,8.86038009097304,2.41676817486372,5.93419488029804,1.92422980766544,-0.382553003306725,-0.796649338126091,0.110623980636373
"LD-AS",0.544987859107247,0.95151300057759,1.29451674755522,1.13586394424049,1.19218573236085,1.16770356233704,-0.122067534114877,0.860564937635167,1.03075886523698,0.586179878018497,-0.578057636457074,2.16084393963872,2.77951634299816,-0.912152371590345,-0.461470845698279,-1.27509311578165,1.31748855588091,0.529032477586904,0.288659280885029,-0.478816979521673,0.753782624413175,3.32301774891818,0.787160547324585,1.8789311781477,1.19853940540302,0.318557600534394,1.36209749570133,0.595461103560223,2.41676817486372,8.31666814780534,-2.26292124287474,5.97667470453154,-1.49027818773204,-2.46138242519267,0.0279741366488627
"BR-LD",2.39467676707439,4.92956780012496,8.53187438932638,6.67772024929606,4.85559429515041,7.36926944292993,4.23387681275953,3.91110677501385,3.44157892108155,-1.52608055816059,4.52270285331708,-1.86337109794356,2.12890310712759,1.80298629417193,3.89315807976259,1.74067651271906,4.92814367607137,-2.08709641389952,1.11108730430692,0.000887771557336171,5.87772504235499,6.28691660420674,2.04818593212477,5.7325854219437,3.26426301365101,0.767180640029367,3.63705129799588,5.05457940119832,5.93419488029804,-2.26292124287474,16.7908757841195,-2.95817192898111,0.797698344821405,0.545633833258786,0.0468678354726366
"OPI-LD",0.123017900186206,0.611470764584106,0.910689712600506,0.793540926730041,1.43076733359341,0.621505212855395,1.09082317098241,0.512047694813919,1.31777097552227,-0.540717709635943,1.03584737533479,1.43927062222617,2.57043157129893,-0.304702008202312,0.579100519242775,-0.448593312658581,1.12227686564885,-0.10501028061827,0.643361261436006,0.489040904539108,-0.221697147576152,1.0688491027883,0.102577858596282,1.10771978001364,1.11491921125057,0.371590003711692,1.14560321869509,1.12222922191633,1.92422980766544,5.97667470453154,-2.95817192898111,7.24428842775417,-0.485757111618371,0.452226386624805,0.213190062863459
"PT-AS",-0.446621152336575,-0.156241153520333,0.427956579854332,0.939560445731524,0.359614878599621,0.113509082000008,1.43257444008375,0.656647817234829,0.253977299337506,0.700177315919914,1.85672409761674,-0.143894360296204,0.644351559411891,3.16944515462727,4.17787297412437,4.46620148503115,1.36416900651789,2.38971881688731,0.464209076374529,0.679419500584688,-0.525993996759863,-0.680557504796376,-0.0567756412553338,-0.966194265385095,0.636572890314953,0.468086610230366,0.354037016235599,0.625961560296088,-0.382553003306725,-1.49027818773204,0.797698344821405,-0.485757111618371,4.86284259968861,2.30398544659922,0.741095676049764
"JP-AS",-0.554398449301201,0.0807056291236962,-0.139892924911244,0.244921023715628,0.699911594486731,-0.310901369762637,2.60254640805278,0.116919583720364,0.55911337339365,-0.727161935331162,2.22390822671054,-0.251475863690675,0.581954297747479,1.48252569022513,2.02711788535808,2.02111331647148,-0.0265707163953474,0.455269377985786,0.355245619917913,1.21185007877908,-0.849454966944453,-1.34573127930478,-0.304437763711847,-0.333023347359472,0.309113003092608,0.207335818836869,0.245885039669582,1.27907719403258,-0.796649338126091,-2.46138242519267,0.545633833258786,0.452226386624805,2.30398544659922,4.28864402944377,0.135257367911463
"BA-OPI",0.080752565116144,0.300800756966447,0.712245182807512,0.912056194613098,0.556592628588227,0.604656183264476,0.272075138883426,0.508181611887084,0.614695844940758,0.609709699038751,0.913355211540872,0.38621388895497,0.123943056955493,0.372470105599041,1.17879932609646,0.659025250459494,0.504850979375097,0.488936444229565,0.658914168529191,0.0307864293900505,0.928510688243977,0.248588550530131,0.14650611449298,-0.262084466648944,0.564041991364433,0.0383093199826377,0.458667055430051,-0.636094240130201,0.110623980636373,0.0279741366488627,0.0468678354726366,0.213190062863459,0.741095676049764,0.135257367911463,0.963698283347562
