"","IS-PM","IS-NLE","IS-PNS","PM-ZS","PM-ZI","PM-MT","NLE-NON","NLE-ZS","NLE-ZI","NON-BR","NON-PNS","BR-PT","BR-APET","PT-APET","PT-BA","PT-EAM","PT-ZYGI","PT-TSP","ZS-ZI","ZI-MT","ZI-ZYGI","ZI-TSP","MT-PNS","PNS-APET","APET-BA","APET-TS","BA-EAM","EAM-ZYGI","ZYGI-TSP","LD-AS","BR-LD","OPI-LD","PT-AS","JP-AS","BA-OPI"
"IS-PM",1.08866422593356,1.25448047666008,2.0700783427274,1.3389414477205,1.04508258943236,0.947252931710142,1.22565113288571,0.934898172533981,1.46870105050716,1.15666641668188,1.27339553391004,0.450986912548193,0.896716677607358,0.386867192843883,1.15304385543029,0.553319605255734,1.1259250827305,0.126832948435287,0.881370308066243,0.310388469934547,1.73125816632152,1.58685926650754,0.757136154861048,1.41857189477959,0.984796311115895,0.37792178886751,0.952701327984335,0.903981103245362,1.0067723838527,0.9130819502792,0.29652180202692,1.23367527277363,0.86215384342622,0.327064304425419,0.174908273997166
"IS-NLE",1.25448047666008,3.98689358460508,3.54515966098121,2.86068445842799,2.7035374310007,2.33475971372735,1.20177691769104,0.882395016683942,2.47953343570246,2.25146471113695,2.26656451311985,1.02547992918961,2.18357526932566,1.12607457457116,2.98598535630946,1.79598925682933,2.35259194917315,0.437639706330032,1.69144599135667,0.548844413865128,2.39054012802846,2.75669135634604,1.30241172205069,2.42454026813721,2.19010044609713,0.923479933138321,1.94426819605924,1.72318294199342,2.277097981399,1.3502404039415,1.81268340466008,2.28339533193575,2.72000182307134,1.08158101238586,0.625216670786279
"IS-PNS",2.0700783427274,3.54515966098121,7.17975340777019,4.08927960182402,4.31530218874976,3.14065454441049,2.64136675977021,2.14135991820831,4.45075280925154,4.20206275205955,4.21450209765759,1.30824011817613,2.93846218339043,1.22743183017419,4.37598837505642,2.6282567944447,4.00131523225072,0.389870655821196,2.95087750350968,1.40555171289399,4.59620722166879,4.34595973174739,2.63831213485843,2.98102792374703,3.16543685310014,0.654856267673972,2.96497708514832,3.1229840789955,3.78346763953347,2.32752816237147,1.7477153130265,3.42882380035841,3.53991948677003,1.2887054735158,0.748367072152387
"PM-ZS",1.3389414477205,2.86068445842799,4.08927960182402,4.46655080445255,3.61731985713507,2.49027577702644,2.37699050773299,1.69566458267627,3.41544274106598,3.46051417147885,2.6712109826588,1.18563960529761,1.9382558119515,0.785911512685919,2.8580079827215,1.74110350941584,2.53048655084688,0.177188805856165,2.77057411053409,0.589933922152482,2.93068093934434,3.1421136067661,1.74893022655632,3.32699613721502,2.31563751678238,0.483929370061651,1.9248143341223,2.43665078174098,2.56900004324197,1.23577679850163,1.57016315733817,2.2415535592074,2.63815019542683,1.23302887131843,0.343281100623691
"PM-ZI",1.04508258943236,2.7035374310007,4.31530218874976,3.61731985713507,5.90261345150747,3.39101093292511,2.13168864202202,1.891851130843,4.93464625660283,3.33716354742631,1.97003428554489,1.16625942199449,2.369040126542,1.55615095369344,3.60443820802901,2.23753801922,2.92274669598744,-0.207653343015944,3.06377865639257,1.80300461803346,1.09084672431088,2.19274023451572,1.75077912688036,4.05373637864085,2.11786095297927,0.208266974812855,2.15797869624419,2.53862699828482,3.36079790484338,1.12562076097427,2.51434264952507,2.87658570673394,4.19432494638436,2.47355116009419,0.212882502903309
"PM-MT",0.947252931710142,2.33475971372735,3.14065454441049,2.49027577702644,3.39101093292511,3.13022729727458,1.50517417330111,1.77548401606285,3.1009031872123,2.49515532538274,1.84156572154746,1.33565682543109,2.03711720645943,1.11509138231654,2.61341373819071,1.44325354592383,2.01244287412464,0.0199393464632164,1.22181174821577,0.496596213428682,1.45866124846914,1.59937202396045,1.16913150075698,3.16287513421335,1.37472063919334,0.335888619078048,1.43917055166012,1.96113476959433,2.18267203114127,1.01587761270572,1.70705727986321,2.05279544563327,2.68910332302651,1.23228040607425,0.178518124721626
"NLE-NON",1.22565113288571,1.20177691769104,2.64136675977021,2.37699050773299,2.13168864202202,1.50517417330111,4.31757236079042,1.78327856378445,2.60462307756974,1.02946971166632,2.20720656655909,0.57384883875968,1.35785029630972,0.852127773926429,1.27492995202682,0.845136670065858,1.79315851542392,0.0685908568235548,1.43235258975419,0.391312997511253,2.20079094681715,2.67108030354857,0.848024272410164,3.1068617988573,0.46574835403922,-0.0693050153724915,1.05440146006455,1.20989266477511,1.64951120966169,0.577913501347301,1.34274607421787,1.43576653361715,1.46747020639789,1.65061514017227,0.42005106486948
"NLE-ZS",0.934898172533981,0.882395016683942,2.14135991820831,1.69566458267627,1.891851130843,1.77548401606285,1.78327856378445,2.24339180889102,2.60729110821031,2.30574829756034,1.57583594946056,0.557557750051227,0.645643447871109,0.300179661670008,1.24203426614227,0.433330897061892,1.08261657565567,-0.167702092014999,0.528973759852239,0.355247419154442,1.44039044852422,1.26665429354358,0.607652804148193,2.13702235048157,1.19497842069533,0.250478665575217,0.864208717526194,1.22033599077763,1.07009108078319,0.629723854112716,0.535770119030181,0.995273111313456,1.10846512353288,0.558798110587915,0.0399505755658496
"NLE-ZI",1.46870105050716,2.47953343570246,4.45075280925154,3.41544274106598,4.93464625660283,3.1009031872123,2.60462307756974,2.60729110821031,5.53838750556443,3.78379083485823,2.70382916633521,1.21617606972471,2.26377524881755,1.40892016689121,3.5078416073403,2.01249731022106,2.93988296797657,-0.161626202110959,3.20476053357452,1.67041705319719,1.87501826245917,2.55936815688108,1.69563254596301,3.97833457382846,2.31224629017634,0.471738427053911,2.23348347589295,2.63937765302351,3.06649220445222,1.65868882328101,2.20767881362197,2.55273212996872,3.69078783225448,1.86115103005978,0.326922940027471
"NON-BR",1.15666641668188,2.25146471113695,4.20206275205955,3.46051417147885,3.33716354742631,2.49515532538274,1.02946971166632,2.30574829756034,3.78379083485823,7.95904504529591,3.57297799166905,1.62896667982121,1.46182484618581,0.119958269464858,3.08136302539577,1.16071471390638,2.79385581342434,-0.0523808044670812,1.97520313071707,1.15950439235117,3.25780131620128,2.75199060626022,1.41515692851116,2.78319539645112,3.08951694931582,0.501244279316034,2.24497129165482,2.65781127921242,2.61358202079504,1.71718971541817,0.150724126922405,1.79440386007362,2.91347628469582,0.622650441120459,0.43824898455169
"NON-PNS",1.27339553391004,2.26656451311985,4.21450209765759,2.6712109826588,1.97003428554489,1.84156572154746,2.20720656655909,1.57583594946056,2.70382916633521,3.57297799166905,4.62391645313582,0.993652836660354,1.94392371551433,0.691654648553514,3.01098070509388,1.6553708255587,2.97958277408841,0.702089169007812,1.65185109499834,0.601885472839002,3.84463053367619,3.55110268273747,1.47288638388195,2.07131146269227,2.25315284077895,0.372344268656409,1.99609991338569,2.02332525992511,2.43835669855194,2.07899525900843,1.57503065344493,2.3527765137703,2.32949396808465,0.751094659509001,0.568169374579132
"BR-PT",0.450986912548193,1.02547992918961,1.30824011817613,1.18563960529761,1.16625942199449,1.33565682543109,0.57384883875968,0.557557750051227,1.21617606972471,1.62896667982121,0.993652836660354,1.96759076052716,1.65837528324754,0.105208742489703,0.782543626843873,0.117054599277847,0.506988215563129,-0.0512034939775323,0.680288869735176,0.199553887040432,0.637019368216304,0.195112594351175,0.486292719653144,1.50143147120029,0.119589587015308,0.17909354117664,0.599793803359022,1.21482932951955,0.682064762987062,0.679046344033201,1.00628272469498,0.656820406665548,1.29708710828144,0.560309465096973,0.2790601016209
"BR-APET",0.896716677607358,2.18357526932566,2.93846218339043,1.9382558119515,2.369040126542,2.03711720645943,1.35785029630972,0.645643447871109,2.26377524881755,1.46182484618581,1.94392371551433,1.65837528324754,3.52338055730199,2.07624560410385,3.02164316651846,2.11024433011541,2.51627765136281,0.438951753998678,1.65143476502791,0.41921631862298,1.57869343895948,2.19069063889386,1.56508901879048,2.58936842940043,0.564137845746942,0.217309870504863,1.38964929031045,1.89531044915965,2.35912406555965,1.63156775372533,2.67010700767979,2.02504370220077,3.0031626282951,1.76753889147428,0.932756279527715
"PT-APET",0.386867192843883,1.12607457457116,1.22743183017419,0.785911512685919,1.55615095369344,1.11509138231654,0.852127773926429,0.300179661670008,1.40892016689121,0.119958269464858,0.691654648553514,0.105208742489703,2.07624560410385,2.8861346512156,2.68527497564734,2.3852868106662,1.91909076497475,0.232751829609447,0.988291490643304,0.170766658570476,0.0587995418620358,1.22658117313035,1.12245036169221,1.75836128754973,-0.0468079935606348,0.156731537620849,0.541138493878981,1.19538595596019,1.5536866252007,0.976472036051597,1.47120982810449,1.43494969679189,2.2084926168853,1.52608349282199,0.442083050265326
"PT-BA",1.15304385543029,2.98598535630946,4.37598837505642,2.8580079827215,3.60443820802901,2.61341373819071,1.27492995202682,1.24203426614227,3.5078416073403,3.08136302539577,3.01098070509388,0.782543626843873,3.02164316651846,2.68527497564734,5.39859062715245,3.52544803575867,3.9387115314901,0.629861662393752,2.39138941945951,0.946121631355451,2.67386599579941,3.38253257214107,2.13174764524828,2.92651295890093,2.9599002535959,0.572593585448595,2.41290398933914,2.80900671071929,3.4645441830176,1.91814118386779,2.55360356256742,3.35051676333074,4.2766545707424,1.89604359818505,0.562642007750195
"PT-EAM",0.553319605255734,1.79598925682933,2.6282567944447,1.74110350941584,2.23753801922,1.44325354592383,0.845136670065858,0.433330897061892,2.01249731022106,1.16071471390638,1.6553708255587,0.117054599277847,2.11024433011541,2.3852868106662,3.52544803575867,3.02413722337372,2.92482719902235,0.672472993976273,1.69916282057599,0.555946915772083,1.31812891766515,2.23847342123398,1.45973473353657,1.59379586981902,1.29193046215228,0.274075004842084,1.16376867131563,1.7750108683214,2.38480524585629,1.17912918020873,1.64420168272792,2.11154048778894,2.92920684970183,1.52966489512766,0.448493586254111
"PT-ZYGI",1.1259250827305,2.35259194917315,4.00131523225072,2.53048655084688,2.92274669598744,2.01244287412464,1.79315851542392,1.08261657565567,2.93988296797657,2.79385581342434,2.97958277408841,0.506988215563129,2.51627765136281,1.91909076497475,3.9387115314901,2.92482719902235,4.5064909391698,0.807892665990318,2.17517015714852,1.07576080548457,3.33656966146205,4.08897094175378,1.89631080488454,2.71655940711514,1.97008429679748,0.257365882361315,2.03302304209998,2.55920999853586,3.85936948786303,1.91385773760374,1.50573387960227,3.0315849521919,3.30329881763711,1.64127099296825,0.948192073370437
"PT-TSP",0.126832948435287,0.437639706330032,0.389870655821196,0.177188805856165,-0.207653343015944,0.0199393464632164,0.0685908568235548,-0.167702092014999,-0.161626202110959,-0.0523808044670812,0.702089169007812,-0.0512034939775323,0.438951753998678,0.232751829609447,0.629861662393752,0.672472993976273,0.807892665990318,0.875904436133265,0.127226965180815,-0.133235545249648,0.815676169125088,1.17649183499664,0.214971792323986,0.00210544257420341,0.444571863518274,0.17261138808587,0.203761103505004,0.151649202624731,0.413610119102949,0.29290405703837,0.534790791766347,0.677892760133309,0.437880189965128,0.145449037744991,0.126419216601826
"ZS-ZI",0.881370308066243,1.69144599135667,2.95087750350968,2.77057411053409,3.06377865639257,1.22181174821577,1.43235258975419,0.528973759852239,3.20476053357452,1.97520313071707,1.65185109499834,0.680288869735176,1.65143476502791,0.988291490643304,2.39138941945951,1.69916282057599,2.17517015714852,0.127226965180815,3.65424064366504,1.187794798527,1.44939101330677,2.29402972505486,1.49536639282603,2.20087208954998,1.49651563756741,0.302381849396388,1.65016681556099,1.65931465290524,2.18898565366989,1.39533674363057,1.5597718782017,1.79866145056185,2.29797797958512,1.05834087258185,0.277561343167706
"ZI-MT",0.310388469934547,0.548844413865128,1.40555171289399,0.589933922152482,1.80300461803346,0.496596213428682,0.391312997511253,0.355247419154442,1.67041705319719,1.15950439235117,0.601885472839002,0.199553887040432,0.41921631862298,0.170766658570476,0.946121631355451,0.555946915772083,1.07576080548457,-0.133235545249648,1.187794798527,1.6366982574454,0.508420994320935,0.79038970885931,0.280008582644592,0.865812811860862,0.756768866557853,0.0747299961117626,0.830148312998896,0.836100473500858,1.15633963470118,0.679176721573149,0.00141834754419441,1.03464389286396,1.25013670484116,0.634444979333085,0.129216409773607
"ZI-ZYGI",1.73125816632152,2.39054012802846,4.59620722166879,2.93068093934434,1.09084672431088,1.45866124846914,2.20079094681715,1.44039044852422,1.87501826245917,3.25780131620128,3.84463053367619,0.637019368216304,1.57869343895948,0.0587995418620358,2.67386599579941,1.31812891766515,3.33656966146205,0.815676169125088,1.44939101330677,0.508420994320935,6.47494332514207,5.40671304296798,1.86103613958458,2.29808215117801,2.70624283427231,0.338258227285294,2.35853012343757,2.03927007081787,2.80219398409809,2.16743814870063,0.0175259005573043,2.74864326013363,1.21146522795789,-0.232598538874594,0.599138266502405
"ZI-TSP",1.58685926650754,2.75669135634604,4.34595973174739,3.1421136067661,2.19274023451572,1.59937202396045,2.67108030354857,1.26665429354358,2.55936815688108,2.75199060626022,3.55110268273747,0.195112594351175,2.19069063889386,1.22658117313035,3.38253257214107,2.23847342123398,4.08897094175378,1.17649183499664,2.29402972505486,0.79038970885931,5.40671304296798,7.17982609218594,2.20463176979258,3.2119569257684,2.68759512950937,0.540993831745725,2.38673104374923,2.69072872694652,3.90062101983909,2.33435285587769,1.18826776900591,3.58590484230593,1.95430645990009,0.688246968975143,0.743616793264554
"MT-PNS",0.757136154861048,1.30241172205069,2.63831213485843,1.74893022655632,1.75077912688036,1.16913150075698,0.848024272410164,0.607652804148193,1.69563254596301,1.41515692851116,1.47288638388195,0.486292719653144,1.56508901879048,1.12245036169221,2.13174764524828,1.45973473353657,1.89631080488454,0.214971792323986,1.49536639282603,0.280008582644592,1.86103613958458,2.20463176979258,1.73896988517363,1.37350697988255,1.01602010950022,0.227301269178292,1.12938502757013,1.48579059675685,1.87642002901828,1.31981073227666,0.792303966496292,1.70342377539829,1.56792716767206,0.518194038286802,0.323986701467947
"PNS-APET",1.41857189477959,2.42454026813721,2.98102792374703,3.32699613721502,4.05373637864085,3.16287513421335,3.1068617988573,2.13702235048157,3.97833457382846,2.78319539645112,2.07131146269227,1.50143147120029,2.58936842940043,1.75836128754973,2.92651295890093,1.59379586981902,2.71655940711514,0.00210544257420341,2.20087208954998,0.865812811860862,2.29808215117801,3.2119569257684,1.37350697988255,5.76816062723695,1.00785822352086,-0.0248743058433996,1.88051499073271,2.54965757416723,2.90642159968573,1.14291263705982,1.9730206658253,2.65499909518215,2.95318466059646,1.92833745760449,0.297009152425357
"APET-BA",0.984796311115895,2.19010044609713,3.16543685310014,2.31563751678238,2.11786095297927,1.37472063919334,0.46574835403922,1.19497842069533,2.31224629017634,3.08951694931582,2.25315284077895,0.119589587015308,0.564137845746942,-0.0468079935606348,2.9599002535959,1.29193046215228,1.97008429679748,0.444571863518274,1.49651563756741,0.756768866557853,2.70624283427231,2.68759512950937,1.01602010950022,1.00785822352086,3.88969105107981,0.817558259220271,1.96273647389938,1.57320650724958,1.83594343018108,0.951836022778954,0.829361593451976,2.08738912430592,1.98755525399049,0.361650797432906,-0.0641632535902202
"APET-TS",0.37792178886751,0.923479933138321,0.654856267673972,0.483929370061651,0.208266974812855,0.335888619078048,-0.0693050153724915,0.250478665575217,0.471738427053911,0.501244279316034,0.372344268656409,0.17909354117664,0.217309870504863,0.156731537620849,0.572593585448595,0.274075004842084,0.257365882361315,0.17261138808587,0.302381849396388,0.0747299961117626,0.338258227285294,0.540993831745725,0.227301269178292,-0.0248743058433996,0.817558259220271,0.942972469738703,0.27850174470149,0.525621209023054,0.205920490543651,0.339305998850751,0.239049667098162,0.296929518742065,0.267822164141902,-0.0410508056542184,0.143176886364424
"BA-EAM",0.952701327984335,1.94426819605924,2.96497708514832,1.9248143341223,2.15797869624419,1.43917055166012,1.05440146006455,0.864208717526194,2.23348347589295,2.24497129165482,1.99609991338569,0.599793803359022,1.38964929031045,0.541138493878981,2.41290398933914,1.16376867131563,2.03302304209998,0.203761103505004,1.65016681556099,0.830148312998896,2.35853012343757,2.38673104374923,1.12938502757013,1.88051499073271,1.96273647389938,0.27850174470149,1.87819079646357,1.2993479964032,2.00718451045985,1.26579734909037,1.11563656343065,1.94713470804081,1.9333940094842,0.646008853191567,0.359061417049468
"EAM-ZYGI",0.903981103245362,1.72318294199342,3.1229840789955,2.43665078174098,2.53862699828482,1.96113476959433,1.20989266477511,1.22033599077763,2.63937765302351,2.65781127921242,2.02332525992511,1.21482932951955,1.89531044915965,1.19538595596019,2.80900671071929,1.7750108683214,2.55920999853586,0.151649202624731,1.65931465290524,0.836100473500858,2.03927007081787,2.69072872694652,1.48579059675685,2.54965757416723,1.57320650724958,0.525621209023054,1.2993479964032,3.32869742715374,2.66341497027776,1.34433391801304,0.814546408850739,2.28783839050945,2.42298517778751,0.883196313366968,0.260999924795491
"ZYGI-TSP",1.0067723838527,2.277097981399,3.78346763953347,2.56900004324197,3.36079790484338,2.18267203114127,1.64951120966169,1.07009108078319,3.06649220445222,2.61358202079504,2.43835669855194,0.682064762987062,2.35912406555965,1.5536866252007,3.4645441830176,2.38480524585629,3.85936948786303,0.413610119102949,2.18898565366989,1.15633963470118,2.80219398409809,3.90062101983909,1.87642002901828,2.90642159968573,1.83594343018108,0.205920490543651,2.00718451045985,2.66341497027776,3.85849418693664,1.70113443095162,1.50659810646521,2.96639306322576,3.09390546231936,1.4849869083814,0.759733315646434
"LD-AS",0.9130819502792,1.3502404039415,2.32752816237147,1.23577679850163,1.12562076097427,1.01587761270572,0.577913501347301,0.629723854112716,1.65868882328101,1.71718971541817,2.07899525900843,0.679046344033201,1.63156775372533,0.976472036051597,1.91814118386779,1.17912918020873,1.91385773760374,0.29290405703837,1.39533674363057,0.679176721573149,2.16743814870063,2.33435285587769,1.31981073227666,1.14291263705982,0.951836022778954,0.339305998850751,1.26579734909037,1.34433391801304,1.70113443095162,4.16030623828996,-0.79492874759217,3.62385525171929,1.64854134285017,-0.0684753798014697,0.20521818920303
"BR-LD",0.29652180202692,1.81268340466008,1.7477153130265,1.57016315733817,2.51434264952507,1.70705727986321,1.34274607421787,0.535770119030181,2.20767881362197,0.150724126922405,1.57503065344493,1.00628272469498,2.67010700767979,1.47120982810449,2.55360356256742,1.64420168272792,1.50573387960227,0.534790791766347,1.5597718782017,0.00141834754419441,0.0175259005573043,1.18826776900591,0.792303966496292,1.9730206658253,0.829361593451976,0.239049667098162,1.11563656343065,0.814546408850739,1.50659810646521,-0.79492874759217,6.85794078820739,-0.289905000736172,2.86220155472007,2.30508211551063,0.744273337847909
"OPI-LD",1.23367527277363,2.28339533193575,3.42882380035841,2.2415535592074,2.87658570673394,2.05279544563327,1.43576653361715,0.995273111313456,2.55273212996872,1.79440386007362,2.3527765137703,0.656820406665548,2.02504370220077,1.43494969679189,3.35051676333074,2.11154048778894,3.0315849521919,0.677892760133309,1.79866145056185,1.03464389286396,2.74864326013363,3.58590484230593,1.70342377539829,2.65499909518215,2.08738912430592,0.296929518742065,1.94713470804081,2.28783839050945,2.96639306322576,3.62385525171929,-0.289905000736172,5.84206450899165,3.15742452927597,1.19155168521128,-0.313359849668878
"PT-AS",0.86215384342622,2.72000182307134,3.53991948677003,2.63815019542683,4.19432494638436,2.68910332302651,1.46747020639789,1.10846512353288,3.69078783225448,2.91347628469582,2.32949396808465,1.29708710828144,3.0031626282951,2.2084926168853,4.2766545707424,2.92920684970183,3.30329881763711,0.437880189965128,2.29797797958512,1.25013670484116,1.21146522795789,1.95430645990009,1.56792716767206,2.95318466059646,1.98755525399049,0.267822164141902,1.9333940094842,2.42298517778751,3.09390546231936,1.64854134285017,2.86220155472007,3.15742452927597,5.32408111213169,2.915788914813,0.533152148723639
"JP-AS",0.327064304425419,1.08158101238586,1.2887054735158,1.23302887131843,2.47355116009419,1.23228040607425,1.65061514017227,0.558798110587915,1.86115103005978,0.622650441120459,0.751094659509001,0.560309465096973,1.76753889147428,1.52608349282199,1.89604359818505,1.52966489512766,1.64127099296825,0.145449037744991,1.05834087258185,0.634444979333085,-0.232598538874594,0.688246968975143,0.518194038286802,1.92833745760449,0.361650797432906,-0.0410508056542184,0.646008853191567,0.883196313366968,1.4849869083814,-0.0684753798014697,2.30508211551063,1.19155168521128,2.915788914813,3.03534877930863,0.57981003628434
"BA-OPI",0.174908273997166,0.625216670786279,0.748367072152387,0.343281100623691,0.212882502903309,0.178518124721626,0.42005106486948,0.0399505755658496,0.326922940027471,0.43824898455169,0.568169374579132,0.2790601016209,0.932756279527715,0.442083050265326,0.562642007750195,0.448493586254111,0.948192073370437,0.126419216601826,0.277561343167706,0.129216409773607,0.599138266502405,0.743616793264554,0.323986701467947,0.297009152425357,-0.0641632535902202,0.143176886364424,0.359061417049468,0.260999924795491,0.759733315646434,0.20521818920303,0.744273337847909,-0.313359849668878,0.533152148723639,0.57981003628434,1.25125987471413
