"","IS-PM","IS-NLE","IS-PNS","PM-ZS","PM-ZI","PM-MT","NLE-NON","NLE-ZS","NLE-ZI","NON-BR","NON-PNS","BR-PT","BR-APET","PT-APET","PT-BA","PT-EAM","PT-ZYGI","PT-TSP","ZS-ZI","ZI-MT","ZI-ZYGI","ZI-TSP","MT-PNS","PNS-APET","APET-BA","APET-TS","BA-EAM","EAM-ZYGI","ZYGI-TSP","LD-AS","BR-LD","OPI-LD","PT-AS","JP-AS","BA-OPI"
"IS-PM",1.07320412929226,0.738119864405053,2.38598657659336,1.09501086460594,1.43266920455305,1.4388952180043,1.62623548306994,1.58908351232285,2.10880396344468,1.18589767495005,0.867546430467319,0.292042163875843,0.779643868840228,0.297461167075025,0.549487271596923,0.189098457448011,0.5586274493411,-0.0678359438856302,0.455570285446595,0.522974289790526,1.20926752180652,1.19831258957323,0.319620693943712,1.43346166033395,0.242201739975309,0.241773047998697,0.660967293628103,0.595705364493967,0.706309622101382,0.967125344415941,0.159937674452288,1.25255853225821,0.19849364640673,0.161566797100147,0.153591453622353
"IS-NLE",0.738119864405053,1.89063789763149,2.86288495433585,2.25140588010725,2.140127264194,2.4812440019229,1.15794791604518,1.4536199364265,1.86962899675437,2.17398268467144,1.36205184264312,0.757430022776398,1.25161627984285,0.479221650996233,1.3200837202548,0.424599939256499,0.971170178355101,-0.222271453276662,0.534374303091195,0.841871327687619,1.81614356945815,1.69628614413259,0.362513039379509,1.87208550210471,0.922346879670228,0.379408565031348,1.19308615297117,0.784078426082097,1.11493048054075,0.972295709449753,0.67301564328106,1.44988069012433,0.566863181929087,0.494169100614165,0.337128869265504
"IS-PNS",2.38598657659336,2.86288495433585,11.0211268184145,7.33831458197861,7.56492373206051,8.59616863622819,7.28028395411229,7.47483573356735,8.51998566923189,6.26464487657459,4.6719840656238,2.0324264111112,3.87389659923602,1.73589932960462,3.59606158999425,1.49629252047448,2.95025662378399,-0.743711601625059,1.84417973699885,2.17690709286217,6.07484721531383,5.38271550638602,1.19708088311959,5.20540848367453,2.27518837770093,0.96066795892277,3.08765955669465,2.598644382803,3.21789234010516,3.18086341040447,1.39650880784388,4.03038997338225,1.93726551069401,1.55330430811687,0.818655397151867
"PM-ZS",1.09501086460594,2.25140588010725,7.33831458197861,8.86361364668379,7.2501572390989,7.85796063079458,6.45983829011845,7.79491959035506,7.15130940376928,5.64449411086228,3.71290053240977,1.84329533128397,3.28448459823167,1.66143579008381,3.27241762551214,1.78504468070675,2.63411094127628,-0.235400189645047,1.77010847404147,1.56885638819179,4.27386427250751,4.02499729288936,1.15476784911406,5.73852391139014,1.9902159101038,0.446027061933709,2.2133545158835,1.95906917321312,2.59839874232674,2.03587320906683,1.06866431397962,2.82502451959241,2.50517281221624,1.60293300734949,0.660400170591148
"PM-ZI",1.43266920455305,2.140127264194,7.56492373206051,7.2501572390989,9.47148220064991,8.05420506246,6.85990448614334,7.0013917022626,9.49903395074745,5.07688016614483,3.58611489948787,1.43251236266548,2.9330160873066,1.81497522774047,3.58774733020763,2.30747525636729,2.49113879482755,0.870655048668461,2.56749475557955,1.03471094359815,1.81301394783396,2.469692238665,1.33804542384367,5.88472218807918,1.83058490712281,0.541321177660436,2.12659413444184,2.61560622322722,2.12100610562192,2.40754693980647,1.6724389574622,2.76964209227019,2.73273873428296,1.26338953032243,0.692415648573878
"PM-MT",1.4388952180043,2.4812440019229,8.59616863622819,7.85796063079458,8.05420506246,9.36829731065447,6.66341328408416,7.24853876705325,8.1504673654609,6.06583002866961,4.03136937136274,2.16620912307589,3.70713080851146,1.86633997471133,4.11180786618954,2.05067907128735,2.72350120110318,-0.170447178174261,1.94359624522029,2.17841995504073,4.64851703241886,4.25730177831515,1.45826624996316,6.00224885090556,2.66255846185069,0.791885926767953,2.85126598608904,2.62671819562624,2.72708504421065,2.53619182859373,1.6741027258396,3.37056473215519,2.62960983874889,1.59371469381737,0.755547884795602
"NLE-NON",1.62623548306994,1.15794791604518,7.28028395411229,6.45983829011845,6.85990448614334,6.66341328408416,12.9345912714717,7.17847147153124,7.81961075721934,-1.84777905428693,2.80910505789136,0.828500848535697,1.90981394127867,1.43626363087375,2.31433858936886,1.6630768206902,2.20949489999257,0.958621568113583,1.77716032676133,0.486200590284534,3.58946187153365,2.64520805966673,1.01980026927261,3.9419070334051,1.3504182789209,0.573847657191382,1.42611585952749,1.30805907937129,1.45600134393933,1.39497800447631,1.02303707500723,1.44142403256506,1.37391426116825,1.00336231418858,0.418043325028718
"NLE-ZS",1.58908351232285,1.4536199364265,7.47483573356735,7.79491959035506,7.0013917022626,7.24853876705325,7.17847147153124,8.38495122118269,8.16873932182775,5.26705612235834,3.6204249629346,1.53262467796619,2.95434373468304,1.41204615689515,2.76693542354378,1.62019232770423,2.31320736336207,-0.068702738116213,1.6741460262598,1.38811992004411,3.8529301579063,3.78135098890056,1.20122939194989,5.41873638494462,1.69467338371345,0.395097566052348,1.93300444428283,1.9489553610743,2.31455582853698,2.00592568830326,0.981802729018761,2.53067494576979,2.27945964097295,1.30960256690563,0.53535257959164
"NLE-ZI",2.10880396344468,1.86962899675437,8.51998566923189,7.15130940376928,9.49903395074745,8.1504673654609,7.81961075721934,8.16873932182775,10.9656121854259,5.71866212599642,4.21233768099748,1.55572810146247,3.21360392990523,1.80865607473313,3.67938760857274,2.33070694328255,2.9126677390444,0.810306217906345,2.92092641003122,1.35431409597824,2.62573987308254,3.16655328356391,1.50413479694688,6.13211256723662,1.94866962013063,0.619345486495539,2.34521116304462,2.76040295369609,2.59889571660496,2.85704697838119,1.36872954751095,3.22891836861755,2.81410613295141,1.19014494531604,0.67065629127878
"NON-BR",1.18589767495005,2.17398268467144,6.26464487657459,5.64449411086228,5.07688016614483,6.06583002866961,-1.84777905428693,5.26705612235834,5.71866212599642,16.5044351365034,4.14315940858276,2.69085836888193,3.89971884992356,2.33158495561134,5.07556801877823,2.83613912310121,3.05703981249742,0.740550922452767,1.43393986838191,2.69394230613658,4.1118676292765,6.31089401734319,0.732920985302047,5.71793090168772,2.61721295819287,0.222099648754833,2.84963177846466,2.47853901597016,2.77972278623326,2.93429697221587,-0.576410024875156,4.22370076122357,4.69522851978068,1.73450047296832,0.876450935397502
"NON-PNS",0.867546430467319,1.36205184264312,4.6719840656238,3.71290053240977,3.58611489948787,4.03136937136274,2.80910505789136,3.6204249629346,4.21233768099748,4.14315940858276,3.49503308183417,1.68196650195863,2.54270324875813,1.17444662355853,2.45300669936745,1.35326986019514,2.08736512550114,0.100315695037832,1.25939275166512,1.11986810491293,2.6577361477365,2.3966078622249,0.720633335827745,2.21427424511839,1.47781591639777,0.312290860996785,1.56177171414781,1.21923206744724,1.9114424284199,1.77532290010442,0.333889828239643,2.10949513188321,1.58341782106771,0.692206878382259,0.63524452875472
"BR-PT",0.292042163875843,0.757430022776398,2.0324264111112,1.84329533128397,1.43251236266548,2.16620912307589,0.828500848535697,1.53262467796619,1.55572810146247,2.69085836888193,1.68196650195863,2.17072471642411,2.22607386123084,0.256265529632691,1.32003685942435,0.14969772267465,0.608713402343071,-0.595154614169219,0.487235095203514,0.810425457240324,1.97322257774133,1.40325233437859,0.471477952547448,1.52112533019797,1.19795298984859,0.215165946737344,1.24398948580647,0.783290352447904,0.975926941865148,1.09319382100295,0.251826282898304,1.52005716837864,0.663853154990163,0.677776877085376,0.40783768619395
"BR-APET",0.779643868840228,1.25161627984285,3.87389659923602,3.28448459823167,2.9330160873066,3.70713080851146,1.90981394127867,2.95434373468304,3.21360392990523,3.89971884992356,2.54270324875813,2.22607386123084,3.4339457549614,1.02475228556654,2.0449804398687,0.692580517900174,1.43778455748984,-0.762970758682294,0.925650384239988,1.07284327963931,2.78418223018703,2.33059005710773,0.730140782113503,2.73209482309173,1.35500399565696,0.319141408151665,1.67758404571025,1.36017549608433,1.81462866022427,2.1410731549291,0.143575227416704,3.08881024666019,0.990253446258239,1.04633688422193,0.539251887179486
"PT-APET",0.297461167075025,0.479221650996233,1.73589932960462,1.66143579008381,1.81497522774047,1.86633997471133,1.43626363087375,1.41204615689515,1.80865607473313,2.33158495561134,1.17444662355853,0.256265529632691,1.02475228556654,2.56391476741775,3.1422711907891,2.96262375038034,2.34143125802583,2.0619474744959,0.76148003731714,0.379152125905616,0.728829874960438,0.862427525118255,0.288008529561724,1.0975865137615,0.45721605331101,0.259434057129791,0.735598547565695,0.573654836977566,0.865644363131589,0.954211027147418,-0.197388660463739,0.943293666849592,2.60609423372225,0.093525566214919,0.335529773381513
"PT-BA",0.549487271596923,1.3200837202548,3.59606158999425,3.27241762551214,3.58774733020763,4.11180786618954,2.31433858936886,2.76693542354378,3.67938760857274,5.07556801877823,2.45300669936745,1.32003685942435,2.0449804398687,3.1422711907891,6.16958856838393,4.53759099764285,3.89425769260403,3.03677415692318,1.27963569236864,1.29896695116891,2.79540173047661,2.83085230796017,0.739127569856341,2.7367637927652,2.82129361246411,0.576581270354432,2.43531521855516,1.2992290279362,1.90820680027059,1.39050055728836,1.24014621855518,1.51608026370006,4.54431231375665,0.436799075910615,0.632427413300893
"PT-EAM",0.189098457448011,0.424599939256499,1.49629252047448,1.78504468070675,2.30747525636729,2.05067907128735,1.6630768206902,1.62019232770423,2.33070694328255,2.83613912310121,1.35326986019514,0.14969772267465,0.692580517900174,2.96262375038034,4.53759099764285,4.71643998216624,3.25080631948773,3.53655457441898,0.853493105967313,0.524921070010903,0.588407650942868,1.05724624058722,0.3209969955288,1.1486466926363,1.14814150603795,0.244648764996919,0.655997179292021,0.743646477200435,0.962898117136269,0.502904682145371,0.517456027038672,0.268068777117042,4.31498671738807,-0.0586128019631024,0.422835365822602
"PT-ZYGI",0.5586274493411,0.971170178355101,2.95025662378399,2.63411094127628,2.49113879482755,2.72350120110318,2.20949489999257,2.31320736336207,2.9126677390444,3.05703981249742,2.08736512550114,0.608713402343071,1.43778455748984,2.34143125802583,3.89425769260403,3.25080631948773,3.82984586073952,1.98939313376785,1.27234429583119,0.89046699380045,2.48417224288545,2.17997882689026,0.513295473669072,1.69275381534488,1.38895749067735,0.405660009848297,1.34124674544661,0.713459871506479,2.33352821725595,1.20249196587866,0.164733212538037,1.44997220961459,3.21146253676052,0.390815490844276,0.382717209887626
"PT-TSP",-0.0678359438856302,-0.222271453276662,-0.743711601625059,-0.235400189645047,0.870655048668461,-0.170447178174261,0.958621568113583,-0.068702738116213,0.810306217906345,0.740550922452767,0.100315695037832,-0.595154614169219,-0.762970758682294,2.0619474744959,3.03677415692318,3.53655457441898,1.98939313376785,4.59005805408147,0.440120789131763,-0.213942142065053,-1.54604163854725,0.11285457215138,-0.0306884785099295,-0.211815116155607,0.366523186032089,-0.12245070283241,-0.0264889733323605,0.339640298850512,-0.402144413550186,-0.274647924770969,0.330865066604393,-1.11733528150566,3.30565295699437,-0.442472631165616,0.211097448017867
"ZS-ZI",0.455570285446595,0.534374303091195,1.84417973699885,1.77010847404147,2.56749475557955,1.94359624522029,1.77716032676133,1.6741460262598,2.92092641003122,1.43393986838191,1.25939275166512,0.487235095203514,0.925650384239988,0.76148003731714,1.27963569236864,0.853493105967313,1.27234429583119,0.440120789131763,1.6132538586055,0.251388854940903,0.602707910907195,0.675594924235942,0.434259228887758,1.50233358196084,0.47963338563051,0.199700027930099,0.725749872783912,0.56225669103266,0.963390165695931,1.08437165672742,-0.311477916412372,1.22501477934956,0.850230417098839,0.266931827696352,0.281835139772046
"ZI-MT",0.522974289790526,0.841871327687619,2.17690709286217,1.56885638819179,1.03471094359815,2.17841995504073,0.486200590284534,1.38811992004411,1.35431409597824,2.69394230613658,1.11986810491293,0.810425457240324,1.07284327963931,0.379152125905616,1.29896695116891,0.524921070010903,0.89046699380045,-0.213942142065053,0.251388854940903,1.74133439972919,2.03703538208479,2.1339706518714,0.194498529340958,1.7041691274439,0.922575122144398,0.298867004535431,1.05690549919863,1.03688719436812,1.13247562137489,0.691003277464686,0.201139807880661,1.16555391206076,1.04104596366991,0.648648440698193,0.187957570479415
"ZI-ZYGI",1.20926752180652,1.81614356945815,6.07484721531383,4.27386427250751,1.81301394783396,4.64851703241886,3.58946187153365,3.8529301579063,2.62573987308254,4.1118676292765,2.6577361477365,1.97322257774133,2.78418223018703,0.728829874960438,2.79540173047661,0.588407650942868,2.48417224288545,-1.54604163854725,0.602707910907195,2.03703538208479,8.26535515376368,5.7582227297941,0.731061112895699,3.53426102619169,2.65595161446874,0.737327229972888,2.60036128707224,0.657385677675679,2.86610606437691,1.45569715444525,1.01561767066386,2.63096888265468,1.12576609483069,1.0790985806192,0.343048821247896
"ZI-TSP",1.19831258957323,1.69628614413259,5.38271550638602,4.02499729288936,2.469692238665,4.25730177831515,2.64520805966673,3.78135098890056,3.16655328356391,6.31089401734319,2.3966078622249,1.40325233437859,2.33059005710773,0.862427525118255,2.83085230796017,1.05724624058722,2.17997882689026,0.11285457215138,0.675594924235942,2.1339706518714,5.7582227297941,7.240535706215,0.588761024536797,4.26742797282198,2.16700610259077,0.276632094035363,2.15527077030684,1.83493438665327,2.5529280230173,1.40556188116647,1.43688488342173,2.36112184597914,1.89981712218736,1.14012626039128,0.388078379823741
"MT-PNS",0.319620693943712,0.362513039379509,1.19708088311959,1.15476784911406,1.33804542384367,1.45826624996316,1.01980026927261,1.20122939194989,1.50413479694688,0.732920985302047,0.720633335827745,0.471477952547448,0.730140782113503,0.288008529561724,0.739127569856341,0.3209969955288,0.513295473669072,-0.0306884785099295,0.434259228887758,0.194498529340958,0.731061112895699,0.588761024536797,0.665950860402782,1.09788482213753,0.614873528742737,0.221705805949302,0.609954852447157,0.460055453564235,0.543162568231404,0.73901010147945,0.378831342983521,0.673821260587841,0.00835943477587355,-0.0851971420792988,0.162173272369508
"PNS-APET",1.43346166033395,1.87208550210471,5.20540848367453,5.73852391139014,5.88472218807918,6.00224885090556,3.9419070334051,5.41873638494462,6.13211256723662,5.71793090168772,2.21427424511839,1.52112533019797,2.73209482309173,1.0975865137615,2.7367637927652,1.1486466926363,1.69275381534488,-0.211815116155607,1.50233358196084,1.7041691274439,3.53426102619169,4.26742797282198,1.09788482213753,7.22533683645793,1.46266516540324,0.222266598590148,2.05183948588899,2.52809988893242,2.20461362470672,1.94707455687964,1.52917801390386,3.01613890600775,2.14129424063332,1.17166551161094,0.310547560439153
"APET-BA",0.242201739975309,0.922346879670228,2.27518837770093,1.9902159101038,1.83058490712281,2.66255846185069,1.3504182789209,1.69467338371345,1.94866962013063,2.61721295819287,1.47781591639777,1.19795298984859,1.35500399565696,0.45721605331101,2.82129361246411,1.14814150603795,1.38895749067735,0.366523186032089,0.47963338563051,0.922575122144398,2.65595161446874,2.16700610259077,0.614873528742737,1.46266516540324,2.78810287918266,0.465487613126495,1.87181898753719,0.598469829082133,1.09104395712799,0.669625392183647,1.08228905964383,0.949510415539991,1.28646324956211,0.554709591490519,0.31174644777773
"APET-TS",0.241773047998697,0.379408565031348,0.96066795892277,0.446027061933709,0.541321177660436,0.791885926767953,0.573847657191382,0.395097566052348,0.619345486495539,0.222099648754833,0.312290860996785,0.215165946737344,0.319141408151665,0.259434057129791,0.576581270354432,0.244648764996919,0.405660009848297,-0.12245070283241,0.199700027930099,0.298867004535431,0.737327229972888,0.276632094035363,0.221705805949302,0.222266598590148,0.465487613126495,0.494490832051748,0.55877959504605,0.19358684728077,0.363311068890151,0.598510238320908,-0.0533631169209493,0.661380361214122,-0.0244878212836428,0.00120395879955857,0.141769714771921
"BA-EAM",0.660967293628103,1.19308615297117,3.08765955669465,2.2133545158835,2.12659413444184,2.85126598608904,1.42611585952749,1.93300444428283,2.34521116304462,2.84963177846466,1.56177171414781,1.24398948580647,1.67758404571025,0.735598547565695,2.43531521855516,0.655997179292021,1.34124674544661,-0.0264889733323605,0.725749872783912,1.05690549919863,2.60036128707224,2.15527077030684,0.609954852447157,2.05183948588899,1.87181898753719,0.55877959504605,2.22479330075532,0.752346626260142,1.29249410944873,1.44107263270226,0.526163617846017,1.77442101580194,0.747104066094642,0.428221958533424,0.361150846962619
"EAM-ZYGI",0.595705364493967,0.784078426082097,2.598644382803,1.95906917321312,2.61560622322722,2.62671819562624,1.30805907937129,1.9489553610743,2.76040295369609,2.47853901597016,1.21923206744724,0.783290352447904,1.36017549608433,0.573654836977566,1.2992290279362,0.743646477200435,0.713459871506479,0.339640298850512,0.56225669103266,1.03688719436812,0.657385677675679,1.83493438665327,0.460055453564235,2.52809988893242,0.598469829082133,0.19358684728077,0.752346626260142,2.63673209922035,0.987881511868042,0.940823352848316,0.694704204351488,1.53227489121053,1.44163409246037,0.968538826396067,0.284447786220111
"ZYGI-TSP",0.706309622101382,1.11493048054075,3.21789234010516,2.59839874232674,2.12100610562192,2.72708504421065,1.45600134393933,2.31455582853698,2.59889571660496,2.77972278623326,1.9114424284199,0.975926941865148,1.81462866022427,0.865644363131589,1.90820680027059,0.962898117136269,2.33352821725595,-0.402144413550186,0.963390165695931,1.13247562137489,2.86610606437691,2.5529280230173,0.543162568231404,2.20461362470672,1.09104395712799,0.363311068890151,1.29249410944873,0.987881511868042,2.5587970222189,1.26548861673836,0.378447044061329,2.03024014149625,1.29025109457006,0.688247549921823,0.231358190537298
"LD-AS",0.967125344415941,0.972295709449753,3.18086341040447,2.03587320906683,2.40754693980647,2.53619182859373,1.39497800447631,2.00592568830326,2.85704697838119,2.93429697221587,1.77532290010442,1.09319382100295,2.1410731549291,0.954211027147418,1.39050055728836,0.502904682145371,1.20249196587866,-0.274647924770969,1.08437165672742,0.691003277464686,1.45569715444525,1.40556188116647,0.73901010147945,1.94707455687964,0.669625392183647,0.598510238320908,1.44107263270226,0.940823352848316,1.26548861673836,4.72485681754896,-2.9868739257161,4.64129180655778,-0.997812853801553,-1.00910369606714,0.517944663144605
"BR-LD",0.159937674452288,0.67301564328106,1.39650880784388,1.06866431397962,1.6724389574622,1.6741027258396,1.02303707500723,0.981802729018761,1.36872954751095,-0.576410024875156,0.333889828239643,0.251826282898304,0.143575227416704,-0.197388660463739,1.24014621855518,0.517456027038672,0.164733212538037,0.330865066604393,-0.311477916412372,0.201139807880661,1.01561767066386,1.43688488342173,0.378831342983521,1.52917801390386,1.08228905964383,-0.0533631169209493,0.526163617846017,0.694704204351488,0.378447044061329,-2.9868739257161,8.84371227300972,-3.85012405647013,1.50010275260493,0.187036641267762,-0.0328131463360219
"OPI-LD",1.25255853225821,1.44988069012433,4.03038997338225,2.82502451959241,2.76964209227019,3.37056473215519,1.44142403256506,2.53067494576979,3.22891836861755,4.22370076122357,2.10949513188321,1.52005716837864,3.08881024666019,0.943293666849592,1.51608026370006,0.268068777117042,1.44997220961459,-1.11733528150566,1.22501477934956,1.16555391206076,2.63096888265468,2.36112184597914,0.673821260587841,3.01613890600775,0.949510415539991,0.661380361214122,1.77442101580194,1.53227489121053,2.03024014149625,4.64129180655778,-3.85012405647013,6.58327686894863,0.0154988321615097,0.57863271176912,0.338498133996202
"PT-AS",0.19849364640673,0.566863181929087,1.93726551069401,2.50517281221624,2.73273873428296,2.62960983874889,1.37391426116825,2.27945964097295,2.81410613295141,4.69522851978068,1.58341782106771,0.663853154990163,0.990253446258239,2.60609423372225,4.54431231375665,4.31498671738807,3.21146253676052,3.30565295699437,0.850230417098839,1.04104596366991,1.12576609483069,1.89981712218736,0.00835943477587355,2.14129424063332,1.28646324956211,-0.0244878212836428,0.747104066094642,1.44163409246037,1.29025109457006,-0.997812853801553,1.50010275260493,0.0154988321615097,6.69579554894501,2.06436151906212,0.335983072257149
"JP-AS",0.161566797100147,0.494169100614165,1.55330430811687,1.60293300734949,1.26338953032243,1.59371469381737,1.00336231418858,1.30960256690563,1.19014494531604,1.73450047296832,0.692206878382259,0.677776877085376,1.04633688422193,0.093525566214919,0.436799075910615,-0.0586128019631024,0.390815490844276,-0.442472631165616,0.266931827696352,0.648648440698193,1.0790985806192,1.14012626039128,-0.0851971420792988,1.17166551161094,0.554709591490519,0.00120395879955857,0.428221958533424,0.968538826396067,0.688247549921823,-1.00910369606714,0.187036641267762,0.57863271176912,2.06436151906212,2.84850375310772,0.129249114286825
"BA-OPI",0.153591453622353,0.337128869265504,0.818655397151867,0.660400170591148,0.692415648573878,0.755547884795602,0.418043325028718,0.53535257959164,0.67065629127878,0.876450935397502,0.63524452875472,0.40783768619395,0.539251887179486,0.335529773381513,0.632427413300893,0.422835365822602,0.382717209887626,0.211097448017867,0.281835139772046,0.187957570479415,0.343048821247896,0.388078379823741,0.162173272369508,0.310547560439153,0.31174644777773,0.141769714771921,0.361150846962619,0.284447786220111,0.231358190537298,0.517944663144605,-0.0328131463360219,0.338498133996202,0.335983072257149,0.129249114286825,0.494117068952991
