"","IS-PM","IS-NLE","IS-PNS","PM-ZS","PM-ZI","PM-MT","NLE-NON","NLE-ZS","NLE-ZI","NON-BR","NON-PNS","BR-PT","BR-APET","PT-APET","PT-BA","PT-EAM","PT-ZYGI","PT-TSP","ZS-ZI","ZI-MT","ZI-ZYGI","ZI-TSP","MT-PNS","PNS-APET","APET-BA","APET-TS","BA-EAM","EAM-ZYGI","ZYGI-TSP","LD-AS","BR-LD","OPI-LD","PT-AS","JP-AS","BA-OPI"
"IS-PM",1.87088983076672,1.62029218560669,4.98847341536409,2.19536435659218,1.56982475697039,2.16444840892058,2.69933994747716,2.71779948950975,2.93155664304493,2.25782424008401,2.30199275671287,1.90503410302004,2.67501137740289,1.00622106530672,1.84960457078867,1.12294106194826,2.02594327925387,0.87776225398793,0.728794670594879,0.343560424698026,2.3317987074727,3.44997167033123,0.777376193090682,1.6458448526996,0.851697262102894,0.161016091476513,1.23441210217196,1.95203528354365,2.18528074801267,0.790637530658107,-0.0155298863377274,1.49200409616418,1.08743610201979,0.787802123813313,0.376003088907284
"IS-NLE",1.62029218560669,4.44802526042817,6.62442326917441,5.91223766782198,4.40590272614324,5.14073113682297,2.92123923880216,2.97995527400801,3.00327343301189,3.48649195149779,4.2362901016586,2.06931295759152,3.65294622012654,1.54395008103663,3.70190277419052,2.50593185173969,3.68765929273058,1.83356651820396,1.52197352433536,1.1095637382887,3.71394769024767,6.51467136253175,0.868127325218084,3.43279854311473,2.84014635962869,0.0844629133218423,2.0399746645581,2.46704208646942,3.74557607177127,3.56409293812538,0.991961724595854,4.72797777047413,3.1180978042959,2.44527923172496,0.415138033782685
"IS-PNS",4.98847341536409,6.62442326917441,28.8661704165316,16.3513663825181,13.5831287970937,17.3444297767113,17.3055064033345,15.242845161179,15.7705443226369,12.4243612395995,12.9400957480407,7.00503279877363,11.7030695997197,4.50933156531194,10.0147489410051,7.0470244845325,11.2394746157181,5.26181615986704,4.59220107180762,2.29181328880871,13.0505142005472,18.8331906096647,2.75088584760036,5.84912184289082,6.17682847753887,-0.405956281253042,6.28760035958144,8.23281220995531,11.3154778501258,5.06669079448764,1.45842658521617,8.86499035726766,8.70932685333429,5.78005665295848,2.40516017464765
"PM-ZS",2.19536435659218,5.91223766782198,16.3513663825181,15.8957692689623,13.4512613100365,13.9592579976683,13.3743632969628,12.1104490984298,11.59778486916,9.00337741969737,9.30703802255487,2.91366921461735,6.89231184847941,3.94254234334436,7.83256948584195,5.59411507918576,7.08080640841379,2.85506928166901,3.70248447759245,1.60690485948014,8.1993949333171,13.577280306479,1.41717144436846,8.90540714691433,5.37578883809318,-0.077521187582396,3.92329283304142,5.86832168306463,7.44864418460578,4.62869865257687,3.29943368956249,7.39928239884089,6.84149492268029,5.98667318426935,1.65998282628449
"PM-ZI",1.56982475697039,4.40590272614324,13.5831287970937,13.4512613100365,17.8907729605146,14.0191440066376,13.9651055741064,11.7609994814639,16.7249959599086,8.52157303278861,7.6380010442015,1.62090032207323,6.63890511241133,5.51116603812856,9.56100199963165,7.2303649778544,5.19699087186926,3.61285439253313,4.78998269577425,1.87023498318453,2.8500593676835,8.36586475746071,1.03978661173395,11.8320286523394,4.56165119020363,-0.482548809070739,3.8626740933435,5.33486939895273,4.69063125178569,0.428688641858327,4.12699698522881,3.13694196285304,8.09329153651806,6.1175735504018,1.04347088998009
"PM-MT",2.16444840892058,5.14073113682297,17.3444297767113,13.9592579976683,14.0191440066376,16.2123295945236,13.3555940778204,11.4130392338577,12.8197645590781,9.45791866021235,8.9123111601756,3.56937239364101,7.4814647661738,3.94802326796214,8.59704449382854,6.32019255987519,7.00518900987065,3.46403179010106,3.72870775144488,3.162251439516,7.95181917793463,13.2285060544119,1.57222423577144,9.93236135596523,4.87051294309416,-0.636721064472005,4.0681129138729,6.88640004117,7.13689728507598,3.65628781382258,2.72405193289528,6.60281813596476,8.09819486775807,5.29567136818577,1.82979778080387
"NLE-NON",2.69933994747716,2.92123923880216,17.3055064033345,13.3743632969628,13.9651055741064,13.3555940778204,24.5994367265966,15.3088602535607,17.0366379903481,2.52534816871885,10.2404333539833,3.62766444781726,7.99266166789662,5.01309248166251,7.09683446308656,4.9400423725121,5.07056581995946,1.05239421291785,4.23545909011263,0.989676213812463,7.84548620812117,10.7100928561382,0.886018990944059,12.0107456301468,1.68389326431702,-0.116581850768372,3.67718397972649,6.78447348830405,5.61256263323606,-1.31055873946174,2.08553229854247,0.584751685597025,5.10608225318075,4.5502175009444,1.36882393938039
"NLE-ZS",2.71779948950975,2.97995527400801,15.242845161179,12.1104490984298,11.7609994814639,11.4130392338577,15.3088602535607,13.5002399433835,14.1126726313899,7.69498558122352,7.19687374612696,3.10724226614153,6.51481229338736,3.53528269420476,6.26746281542841,4.35114149723929,5.15483968863005,1.67194629851908,2.58793838886048,0.949180229080913,6.83025840854157,10.533512101515,1.40789196168846,8.71334890581276,3.24457059322273,-0.00785286571409988,3.26488495363457,6.01949919353623,5.81202307839707,1.57433504657926,2.30655835777215,3.67897153274624,4.71288357167187,4.06208513782994,1.57007126238409
"NLE-ZI",2.93155664304493,3.00327343301189,15.7705443226369,11.59778486916,16.7249959599086,12.8197645590781,17.0366379903481,14.1126726313899,20.199920346935,7.8237331217357,7.6451825895073,3.55006071549553,8.29640252262111,5.42336955080941,8.89015282028188,6.48518205946831,5.35916561553761,3.20151999927697,5.05657642187397,1.31578048727148,3.36389272300697,7.69478153727202,1.57521072670103,11.0096057446826,3.20919698025846,-0.435443832753503,4.12915809083133,5.94715794928808,5.12617032351037,-1.61562661975193,2.44565969175411,0.850952028393155,6.89246875992389,5.17370279356955,1.10636878775685
"NON-BR",2.25782424008401,3.48649195149779,12.4243612395995,9.00337741969737,8.52157303278861,9.45791866021235,2.52534816871885,7.69498558122352,7.8237331217357,20.7633011076302,3.81580298826379,4.0465668994691,5.41823008782509,1.62703366059373,5.96343347502994,4.42005143986472,5.31748178655998,3.46307751339116,0.52868614950723,1.43106219145309,5.78611481840526,12.6983422626541,2.27125145812839,5.39880061951929,5.46199061361579,-0.63872382336862,3.76069693928174,4.274829635427,5.63707593862001,6.39725188363039,-0.426764489319823,8.78287456115033,6.26319427658643,3.04691772595955,1.68334837381348
"NON-PNS",2.30199275671287,4.2362901016586,12.9400957480407,9.30703802255487,7.6380010442015,8.9123111601756,10.2404333539833,7.19687374612696,7.6451825895073,3.81580298826379,10.1429215932596,3.35567823231876,6.04164667207538,3.31102043191626,6.09685089138774,4.28450703613682,6.39706438223387,2.94461460978116,3.12600444920206,1.27103985331888,6.37829295058377,9.3974314205458,1.64081784583714,4.48070537334996,3.1552773960235,-0.0949907700764786,3.32480350016318,3.0252199607619,6.17002127516437,3.24810775608808,1.01787414167578,5.16431761089416,5.8839420051076,3.76395247588902,0.985291651115204
"BR-PT",1.90503410302004,2.06931295759152,7.00503279877363,2.91366921461735,1.62090032207323,3.56937239364101,3.62766444781726,3.10724226614153,3.55006071549553,4.0465668994691,3.35567823231876,7.01976072443652,6.87226869140281,-0.256562891961332,1.15906337496638,-1.03875760340193,3.01619938429452,0.170987025790022,1.73341798174342,0.958158377715685,5.34311985794502,6.20473228257361,1.36099124512923,2.11392908891042,1.93488943028795,0.238101888658449,2.73319955737661,3.14333465689338,4.14979437367487,2.67516846310125,-0.693255576185384,2.88911080892146,0.717625555840143,1.21981042781832,-0.127855164429731
"BR-APET",2.67501137740289,3.65294622012654,11.7030695997197,6.89231184847941,6.63890511241133,7.4814647661738,7.99266166789662,6.51481229338736,8.29640252262111,5.41823008782509,6.04164667207538,6.87226869140281,10.7760390160304,3.2085902696552,5.42334369478265,2.51157081493518,5.17935901158101,2.20903917006865,3.29625884940816,1.36722123300757,6.56904345183891,9.07374428549214,1.87588696049992,6.49497104140786,2.58454012026899,-0.226156586897183,4.16923026813395,4.68085224128349,5.50871754178779,1.71523311894416,0.793314423140214,3.43817956898723,3.74959194463698,3.22858422777559,0.441761632606908
"PT-APET",1.00622106530672,1.54395008103663,4.50933156531194,3.94254234334436,5.51116603812856,3.94802326796214,5.01309248166251,3.53528269420476,5.42336955080941,1.62703366059373,3.31102043191626,-0.256562891961332,3.2085902696552,4.72260678772757,5.38817790852036,4.68157632644472,2.00535271446495,2.62468637951119,1.77532499555069,0.418297095680082,0.248542167776399,1.96477049339018,0.531645607132537,4.86191115386839,0.0197395377568062,-0.211664951742622,1.09632452290829,1.60955034219061,0.853944493397906,-1.27652127800639,1.80914175196776,0.0330711999274089,3.94968831252007,2.11592250628255,0.688280266574058
"PT-BA",1.84960457078867,3.70190277419052,10.0147489410051,7.83256948584195,9.56100199963165,8.59704449382854,7.09683446308656,6.26746281542841,8.89015282028188,5.96343347502994,6.09685089138774,1.15906337496638,5.42334369478265,5.38817790852036,9.77591312316394,8.13977543025515,5.10360717496566,4.9450804543482,2.78892522181327,1.31332783545681,2.70964539198833,6.74045589072498,1.43737601975819,6.88521108396677,3.83359607556145,-0.0495616992056241,3.31593208427484,4.19517656569512,3.69551468392044,1.39883533781362,2.65349079578869,4.13314395281761,7.92891544366634,3.80248024611321,1.32943814387565
"PT-EAM",1.12294106194826,2.50593185173969,7.0470244845325,5.59411507918576,7.2303649778544,6.32019255987519,4.9400423725121,4.35114149723929,6.48518205946831,4.42005143986472,4.28450703613682,-1.03875760340193,2.51157081493518,4.68157632644472,8.13977543025515,8.47357384335867,4.24181790242693,5.38501706821977,1.89117243828141,1.0986069791954,1.0306688530723,4.15914856138275,1.01364520950571,3.88108832030143,2.52988112163687,-0.116067252968912,1.73174831783011,2.18019647527211,2.10582225115303,0.919576192556532,1.12720961420164,2.84794350330675,6.8490230680774,2.10721871142379,1.31511610275585
"PT-ZYGI",2.02594327925387,3.68765929273058,11.2394746157181,7.08080640841379,5.19699087186926,7.00518900987065,5.07056581995946,5.15483968863005,5.35916561553761,5.31748178655998,6.39706438223387,3.01619938429452,5.17935901158101,2.00535271446495,5.10360717496566,4.24181790242693,7.84079418772767,3.44502720528366,2.39269815179897,1.44408616571945,6.66839979635149,9.96188155828033,1.84839823532764,2.10782262718527,3.6148330635814,0.123458554372179,2.88986730308645,3.27961730913836,7.38209802395013,3.70644441829837,0.539972116531511,5.8438531776009,4.7988272409623,3.13195582483915,1.15809289348173
"PT-TSP",0.87776225398793,1.83356651820396,5.26181615986704,2.85506928166901,3.61285439253313,3.46403179010106,1.05239421291785,1.67194629851908,3.20151999927697,3.46307751339116,2.94461460978116,0.170987025790022,2.20903917006865,2.62468637951119,4.9450804543482,5.38501706821977,3.44502720528366,7.53242481713602,1.42762307631454,0.190891183282731,0.16175306151583,4.02756310606456,0.701259406063458,-0.74517108225255,1.57549183520988,-0.587001120798145,1.01880410835683,-0.102455070695087,1.52461827167648,0.527146526086086,-0.832506879356989,1.93251758884101,4.80730437574746,1.8066611870468,0.757558606526569
"ZS-ZI",0.728794670594879,1.52197352433536,4.59220107180762,3.70248447759245,4.78998269577425,3.72870775144488,4.23545909011263,2.58793838886048,5.05657642187397,0.52868614950723,3.12600444920206,1.73341798174342,3.29625884940816,1.77532499555069,2.78892522181327,1.89117243828141,2.39269815179897,1.42762307631454,4.09446442883594,0.445441627385978,0.832506339878105,1.9420715531018,0.364056423314502,2.05115840924321,0.985437942271505,-0.305708976457922,1.39193808838565,1.15924323333165,1.92463702185875,-1.38195064770855,0.0396471328950395,-0.230864414108844,2.60405980813523,2.98720892518834,0.288008726603234
"ZI-MT",0.343560424698026,1.1095637382887,2.29181328880871,1.60690485948014,1.87023498318453,3.162251439516,0.989676213812463,0.949180229080913,1.31578048727148,1.43106219145309,1.27103985331888,0.958158377715685,1.36722123300757,0.418297095680082,1.31332783545681,1.0986069791954,1.44408616571945,0.190891183282731,0.445441627385978,2.53703695042273,2.16631725152075,2.90841872531054,0.244247654286383,2.49180742158816,0.877281255072267,0.00200669177128278,0.239336707753714,2.24708731752253,1.51235373177503,1.83411263312984,0.696302790452789,2.06331461652283,1.03982791034394,0.228592593990733,0.276642724843831
"ZI-ZYGI",2.3317987074727,3.71394769024767,13.0505142005472,8.1993949333171,2.8500593676835,7.95181917793463,7.84548620812117,6.83025840854157,3.36389272300697,5.78611481840526,6.37829295058377,5.34311985794502,6.56904345183891,0.248542167776399,2.70964539198833,1.0306688530723,6.66839979635149,0.16175306151583,0.832506339878105,2.16631725152075,13.4952161061142,14.7535738159566,1.56038904619645,5.3651063690375,3.4773852036525,0.324695301475415,2.81537667836281,5.66353527969158,7.61172594202634,6.3144492929449,1.38183864683058,8.35646191378177,2.31478934866298,2.38170280714512,1.6086528850705
"ZI-TSP",3.44997167033123,6.51467136253175,18.8331906096647,13.577280306479,8.36586475746071,13.2285060544119,10.7100928561382,10.533512101515,7.69478153727202,12.6983422626541,9.3974314205458,6.20473228257361,9.07374428549214,1.96477049339018,6.74045589072498,4.15914856138275,9.96188155828033,4.02756310606456,1.9420715531018,2.90841872531054,14.7535738159566,23.142746359255,2.33410471289034,9.19447420880794,6.2661626086296,-0.0220128149651594,4.68810635742105,7.8328456805415,11.2965905347369,8.39890217041785,1.47111566725752,12.5875313853651,6.60883398307747,5.84700803534492,2.30585699800932
"MT-PNS",0.777376193090682,0.868127325218084,2.75088584760036,1.41717144436846,1.03978661173395,1.57222423577144,0.886018990944059,1.40789196168846,1.57521072670103,2.27125145812839,1.64081784583714,1.36099124512923,1.87588696049992,0.531645607132537,1.43737601975819,1.01364520950571,1.84839823532764,0.701259406063458,0.364056423314502,0.244247654286383,1.56038904619645,2.33410471289034,1.12022369990727,0.782454570172185,0.941395450472801,0.131983946009592,1.06706999710192,1.00168264786215,1.86478983153376,0.431388086244228,0.196485166913179,0.920143859541617,1.36756767339957,0.753051100896758,0.185258569613797
"PNS-APET",1.6458448526996,3.43279854311473,5.84912184289082,8.90540714691433,11.8320286523394,9.93236135596523,12.0107456301468,8.71334890581276,11.0096057446826,5.39880061951929,4.48070537334996,2.11392908891042,6.49497104140786,4.86191115386839,6.88521108396677,3.88108832030143,2.10782262718527,-0.74517108225255,2.05115840924321,2.49180742158816,5.3651063690375,9.19447420880794,0.782454570172185,20.4112314375704,1.30328004144665,-0.147285015314011,2.65500913932306,8.09463068952323,3.08831544133964,0.0264638913338444,6.16364539692092,1.43178353406211,4.6681900881058,3.38243830251518,0.933142236932393
"APET-BA",0.851697262102894,2.84014635962869,6.17682847753887,5.37578883809318,4.56165119020363,4.87051294309416,1.68389326431702,3.24457059322273,3.20919698025846,5.46199061361579,3.1552773960235,1.93488943028795,2.58454012026899,0.0197395377568062,3.83359607556145,2.52988112163687,3.6148330635814,1.57549183520988,0.985437942271505,0.877281255072267,3.4773852036525,6.2661626086296,0.941395450472801,1.30328004144665,5.40985402755008,0.485968809704152,2.51920817260709,2.61001745295956,3.8580185227693,4.47347288581855,0.635674538877518,6.33569992333833,3.44955296806953,2.44595911506563,0.39335349120429
"APET-TS",0.161016091476513,0.0844629133218423,-0.405956281253042,-0.077521187582396,-0.482548809070739,-0.636721064472005,-0.116581850768372,-0.00785286571409988,-0.435443832753503,-0.63872382336862,-0.0949907700764786,0.238101888658449,-0.226156586897183,-0.211664951742622,-0.0495616992056241,-0.116067252968912,0.123458554372179,-0.587001120798145,-0.305708976457922,0.00200669177128278,0.324695301475415,-0.0220128149651594,0.131983946009592,-0.147285015314011,0.485968809704152,1.19197042827109,0.0856531498765473,0.724492480661394,0.327120897325201,0.418019808473377,0.784333708361442,0.0335681590355948,-0.541786398520204,-0.28582271891852,-0.0940930734209837
"BA-EAM",1.23441210217196,2.0399746645581,6.28760035958144,3.92329283304142,3.8626740933435,4.0681129138729,3.67718397972649,3.26488495363457,4.12915809083133,3.76069693928174,3.32480350016318,2.73319955737661,4.16923026813395,1.09632452290829,3.31593208427484,1.73174831783011,2.88986730308645,1.01880410835683,1.39193808838565,0.239336707753714,2.81537667836281,4.68810635742105,1.06706999710192,2.65500913932306,2.51920817260709,0.0856531498765473,2.90402706319666,2.3654632952515,3.21433525196762,1.21867797406654,0.79963824776285,2.56499372303472,2.98156890936942,2.1446889820562,0.409810566718888
"EAM-ZYGI",1.95203528354365,2.46704208646942,8.23281220995531,5.86832168306463,5.33486939895273,6.88640004117,6.78447348830405,6.01949919353623,5.94715794928808,4.274829635427,3.0252199607619,3.14333465689338,4.68085224128349,1.60955034219061,4.19517656569512,2.18019647527211,3.27961730913836,-0.102455070695087,1.15924323333165,2.24708731752253,5.66353527969158,7.8328456805415,1.00168264786215,8.09463068952323,2.61001745295956,0.724492480661394,2.3654632952515,9.50818368680656,4.85462164516625,1.34179170112136,3.17560745001396,2.71965400032488,2.47462847890747,2.31005441562985,0.69868966465281
"ZYGI-TSP",2.18528074801267,3.74557607177127,11.3154778501258,7.44864418460578,4.69063125178569,7.13689728507598,5.61256263323606,5.81202307839707,5.12617032351037,5.63707593862001,6.17002127516437,4.14979437367487,5.50871754178779,0.853944493397906,3.69551468392044,2.10582225115303,7.38209802395013,1.52461827167648,1.92463702185875,1.51235373177503,7.61172594202634,11.2965905347369,1.86478983153376,3.08831544133964,3.8580185227693,0.327120897325201,3.21433525196762,4.85462164516625,8.41979409686409,4.26772836445636,0.845092805433479,6.45500249324937,3.71048984612002,3.51163293984822,0.87009375632377
"LD-AS",0.790637530658107,3.56409293812538,5.06669079448764,4.62869865257687,0.428688641858327,3.65628781382258,-1.31055873946174,1.57433504657926,-1.61562661975193,6.39725188363039,3.24810775608808,2.67516846310125,1.71523311894416,-1.27652127800639,1.39883533781362,0.919576192556532,3.70644441829837,0.527146526086086,-1.38195064770855,1.83411263312984,6.3144492929449,8.39890217041785,0.431388086244228,0.0264638913338444,4.47347288581855,0.418019808473377,1.21867797406654,1.34179170112136,4.26772836445636,13.8064871430317,-2.24193346138007,14.0322865104313,2.25916910602188,-0.277212289332838,0.440904728814135
"BR-LD",-0.0155298863377274,0.991961724595854,1.45842658521617,3.29943368956249,4.12699698522881,2.72405193289528,2.08553229854247,2.30655835777215,2.44565969175411,-0.426764489319823,1.01787414167578,-0.693255576185384,0.793314423140214,1.80914175196776,2.65349079578869,1.12720961420164,0.539972116531511,-0.832506879356989,0.0396471328950395,0.696302790452789,1.38183864683058,1.47111566725752,0.196485166913179,6.16364539692092,0.635674538877518,0.784333708361442,0.79963824776285,3.17560745001396,0.845092805433479,-2.24193346138007,9.23970252365095,-2.52632750077442,0.733057112974404,1.13880739429035,0.484797753093959
"OPI-LD",1.49200409616418,4.72797777047413,8.86499035726766,7.39928239884089,3.13694196285304,6.60281813596476,0.584751685597025,3.67897153274624,0.850952028393155,8.78287456115033,5.16431761089416,2.88911080892146,3.43817956898723,0.0330711999274089,4.13314395281761,2.84794350330675,5.8438531776009,1.93251758884101,-0.230864414108844,2.06331461652283,8.35646191378177,12.5875313853651,0.920143859541617,1.43178353406211,6.33569992333833,0.0335681590355948,2.56499372303472,2.71965400032488,6.45500249324937,14.0322865104313,-2.52632750077442,19.0099585211843,5.94498300268676,4.6205455121367,0.526548702073855
"PT-AS",1.08743610201979,3.1180978042959,8.70932685333429,6.84149492268029,8.09329153651806,8.09819486775807,5.10608225318075,4.71288357167187,6.89246875992389,6.26319427658643,5.8839420051076,0.717625555840143,3.74959194463698,3.94968831252007,7.92891544366634,6.8490230680774,4.7988272409623,4.80730437574746,2.60405980813523,1.03982791034394,2.31478934866298,6.60883398307747,1.36756767339957,4.6681900881058,3.44955296806953,-0.541786398520204,2.98156890936942,2.47462847890747,3.71048984612002,2.25916910602188,0.733057112974404,5.94498300268676,9.02370473670453,4.9702719106248,1.04349288757251
"JP-AS",0.787802123813313,2.44527923172496,5.78005665295848,5.98667318426935,6.1175735504018,5.29567136818577,4.5502175009444,4.06208513782994,5.17370279356955,3.04691772595955,3.76395247588902,1.21981042781832,3.22858422777559,2.11592250628255,3.80248024611321,2.10721871142379,3.13195582483915,1.8066611870468,2.98720892518834,0.228592593990733,2.38170280714512,5.84700803534492,0.753051100896758,3.38243830251518,2.44595911506563,-0.28582271891852,2.1446889820562,2.31005441562985,3.51163293984822,-0.277212289332838,1.13880739429035,4.6205455121367,4.9702719106248,7.70937095050601,0.299885192930728
"BA-OPI",0.376003088907284,0.415138033782685,2.40516017464765,1.65998282628449,1.04347088998009,1.82979778080387,1.36882393938039,1.57007126238409,1.10636878775685,1.68334837381348,0.985291651115204,-0.127855164429731,0.441761632606908,0.688280266574058,1.32943814387565,1.31511610275585,1.15809289348173,0.757558606526569,0.288008726603234,0.276642724843831,1.6086528850705,2.30585699800932,0.185258569613797,0.933142236932393,0.39335349120429,-0.0940930734209837,0.409810566718888,0.69868966465281,0.87009375632377,0.440904728814135,0.484797753093959,0.526548702073855,1.04349288757251,0.299885192930728,1.54414433080413
