"","IS-PM","IS-NLE","IS-PNS","PM-ZS","PM-ZI","PM-MT","NLE-NON","NLE-ZS","NLE-ZI","NON-BR","NON-PNS","BR-PT","BR-APET","PT-APET","PT-BA","PT-EAM","PT-ZYGI","PT-TSP","ZS-ZI","ZI-MT","ZI-ZYGI","ZI-TSP","MT-PNS","PNS-APET","APET-BA","APET-TS","BA-EAM","EAM-ZYGI","ZYGI-TSP","LD-AS","BR-LD","OPI-LD","PT-AS","JP-AS","BA-OPI"
"IS-PM",1.01753963054795,1.25930983890657,1.61018908298631,0.280377397449968,0.647199212985809,0.886480924354259,0.659572220118014,0.344889554620904,1.06383137071938,0.413574426071531,0.737817432506288,0.174886329969805,0.6359801247519,0.346794249150798,1.1236592207315,0.501579313977748,0.922328113354134,0.0705921819772691,0.652296719803132,1.00771254971768,0.861504284196374,1.23414646715845,-0.0440954103424892,1.10562316394708,0.808871101937005,0.275857637162763,0.850839288291073,0.892451510717887,1.03395266911082,0.503950894015871,0.913679136734635,0.103629537581931,0.478315034482202,-0.215609390922935,0.134764008791202
"IS-NLE",1.25930983890657,3.07036507589884,3.0443685288797,1.30510115688778,1.87824672092652,2.26271039488055,0.956047173707518,0.333446212850984,1.82546397831966,1.63210190139729,1.35640201029891,0.567982954996147,1.07360468418943,0.884476618354923,2.48508801256021,1.2164750608209,1.51748095220656,-0.0489287146903163,1.46828116972171,1.43179430416848,1.65462119817326,1.64949947382351,-0.0892551740611532,2.24238022672706,1.39697695808694,0.474873111357837,1.43462166535547,1.69791439345733,1.64408876247425,0.399796962982827,1.1710187594458,0.155906218885214,1.37983505035237,-0.240712083303876,0.230881937243674
"IS-PNS",1.61018908298631,3.0443685288797,8.02037708313519,2.9928225327578,3.3755294957058,4.77665574932875,1.90571786745012,2.12672974410985,3.63667672464226,4.45108805673241,4.9209682143599,0.389600084582899,1.6823461779433,1.57173778613591,3.89526459216774,2.0371794407217,3.0139217991205,-0.182187594915628,1.70073737060875,2.52498890645974,4.55153901800811,3.72625284263725,0.67964184743931,2.20237886733658,2.32653399248588,0.250165013972668,2.17060133384169,2.27104875339954,2.6477239174571,0.538611201956212,2.7634739701275,-0.0882615268329125,2.52585401443049,-0.656786969438381,0.468655159290818
"PM-ZS",0.280377397449968,1.30510115688778,2.9928225327578,2.16286494466247,1.95510705417469,2.56641239148255,1.06601636898209,1.33003415911563,1.70103760358884,2.54142815888976,1.56061020541333,0.26649442906555,0.634784742482289,0.576488451734056,1.48631498451163,0.831851634781453,0.935691664519717,-0.149172207114091,0.713454751765701,0.769660147286337,1.99341884071105,1.63452475651024,-0.0179290828070875,1.661022344428,0.792893767553313,-0.0385848966989622,0.673522753954922,0.926605137164429,0.886349293218751,0.150066635579569,1.06060573549246,-0.0961623546072221,1.29661137249458,-0.121635310173691,0.261070479172564
"PM-ZI",0.647199212985809,1.87824672092652,3.3755294957058,1.95510705417469,6.78797032975622,3.63217771291254,1.48650367517454,1.22639598133071,5.66427228344756,0.118382641837425,1.36614475879329,-0.4297810066826,1.91220749586383,0.983731918871095,2.0935684854214,1.23777689442459,0.68668707206697,0.0944134431888013,3.46866908315816,1.13390405581118,-2.48072187332084,-1.36961998763625,-0.643105240589399,2.51936382716696,0.992099372063041,0.210820871097636,1.11930431071278,1.03047425744822,0.726921930017694,0.267262439329281,4.23872906873187,1.16380338830894,1.32218407595052,0.291054592236017,0.193930148293832
"PM-MT",0.886480924354259,2.26271039488055,4.77665574932875,2.56641239148255,3.63217771291254,4.8721379702047,2.26658500888586,2.11206400926988,3.78642260351415,3.35357048935162,2.3801316134719,0.0615993231626397,1.19464515765981,1.10204784895623,2.59661234816306,1.4131223970141,1.91938705404648,-0.0290309950423925,1.68555369731157,1.62059893443632,2.72950403657304,2.59339716472026,-0.333326289597337,3.1659568952675,1.30452373813342,0.174279357894377,1.41216830106867,1.37210049607265,1.68097017073868,0.240945322474208,1.94852129845203,0.33282626255801,1.71490351992391,-0.353836534678509,0.344198033487186
"NLE-NON",0.659572220118014,0.956047173707518,1.90571786745012,1.06601636898209,1.48650367517454,2.26658500888586,4.70479155006388,2.43426586954696,3.30853517175523,0.742468583712765,0.150332923666711,-0.648376122800506,0.482841218451794,1.0633184871821,1.66606869477239,0.827340678504418,1.8050948184854,0.199700346078435,0.961485610800367,1.19721062322135,2.39085947322378,2.64663955306669,0.0325845162772686,2.44458467332726,0.927925641674909,0.570186940417862,1.22245307146245,1.01687653747502,1.37189418347219,-0.182399368778222,1.07604639404659,-0.691436891145473,0.673939127776256,-0.642706496531796,0.195052306897224
"NLE-ZS",0.344889554620904,0.333446212850984,2.12672974410985,1.33003415911563,1.22639598133071,2.11206400926988,2.43426586954696,3.02007154215247,2.9744241247994,2.31530699874122,1.3832550025411,-0.147844631430096,0.544003988545292,0.575184733441191,1.18918360431285,0.542417745891734,1.47684514602527,-0.0137793569110679,0.0223157872300527,0.725418892328022,2.30284542228816,2.61367849186488,0.0719404808064972,1.80169485291961,0.583302532261687,0.210396138591037,0.877236986688603,0.561924724917816,1.30165103749408,-0.0236449814008711,1.09029226338312,0.0933639762098067,1.02192941508629,-0.0498076842538847,0.629224314385943
"NLE-ZI",1.06383137071938,1.82546397831966,3.63667672464226,1.70103760358884,5.66427228344756,3.78642260351415,3.30853517175523,2.9744241247994,7.14477662198874,1.96547115243515,1.98393863500868,-0.238230659877584,1.83311503624778,1.18034669397197,2.7730952830346,1.18231192251292,1.97276132368303,0.0427692294386673,3.53073927981297,1.56872999262251,-0.0261146783192528,1.47084584736558,-0.182487526278951,3.30765771781097,1.54133194592006,0.427019318024281,2.05504209526994,1.28737465382708,1.97122653885202,0.521488768971081,3.68500649471259,1.16156922627956,1.42399799023182,0.0340574253412352,0.669062169890303
"NON-BR",0.413574426071531,1.63210190139729,4.45108805673241,2.54142815888976,0.118382641837425,3.35357048935162,0.742468583712765,2.31530699874122,1.96547115243515,13.0316459385257,3.83867673888502,1.62188576020499,-1.71214030705685,0.594590352434063,2.51654140991703,1.01776174223463,1.98469370185705,-0.251128254595384,0.957168571499807,0.766513443763391,6.60422569139272,5.45713909784357,0.641708349131939,2.57349598162493,1.63691026188756,-0.500591974108375,1.73981800325209,0.711111616562392,1.79725986641081,1.6022360429349,-5.07355543446506,0.791886084796112,0.695278988779738,-1.29682186842338,0.613223514529422
"NON-PNS",0.737817432506288,1.35640201029891,4.9209682143599,1.56061020541333,1.36614475879329,2.3801316134719,0.150332923666711,1.3832550025411,1.98393863500868,3.83867673888502,4.48348364995646,0.332401825072795,1.03895822036821,1.04897289090733,2.49849799898195,1.16968288842574,2.20796727389295,-0.101344220770336,0.761789733877355,1.36186297681752,3.24198923211324,2.88405338234777,0.911118569069519,0.415216402156924,1.45198384765959,0.0429529230696926,1.49843028927671,1.04499470141103,1.86752113324306,0.351911018741862,1.54334839238276,0.165206230991806,1.28071581441044,-0.370254783196494,0.779432041969557
"BR-PT",0.174886329969805,0.567982954996147,0.389600084582899,0.26649442906555,-0.4297810066826,0.0615993231626397,-0.648376122800506,-0.147844631430096,-0.238230659877584,1.62188576020499,0.332401825072795,2.15028566107333,0.204859205018771,-0.830734461769601,0.10672096820384,-0.858223803602451,-0.573778135373732,-1.02392198847332,0.347306836582995,0.201235758836339,0.982611752493385,0.281644617240926,0.0952223890363142,0.106891683782067,0.59803725266911,-0.130834881289604,0.657883725308869,0.307270555297405,0.298313469723775,1.04220741107378,-1.07444602365255,0.517113220166733,0.0221061105357334,-0.0274445485055266,0.0198208294005081
"BR-APET",0.6359801247519,1.07360468418943,1.6823461779433,0.634784742482289,1.91220749586383,1.19464515765981,0.482841218451794,0.544003988545292,1.83311503624778,-1.71214030705685,1.03895822036821,0.204859205018771,2.58191712260694,0.847586389207129,1.5204368823422,0.617527975027747,0.903513026928505,-0.347485771727929,0.951138597653891,0.808484080175848,0.206760675603038,0.607780991990365,0.172105438358202,1.51073469626002,0.845310431940828,0.439218791818523,1.09163623544008,1.10982139168365,1.10523293523019,0.474397979428876,3.86652920226258,0.427371398301717,1.02575605837079,0.535560818933334,0.339014850437928
"PT-APET",0.346794249150798,0.884476618354923,1.57173778613591,0.576488451734056,0.983731918871095,1.10204784895623,1.0633184871821,0.575184733441191,1.18034669397197,0.594590352434063,1.04897289090733,-0.830734461769601,0.847586389207129,2.09232522314943,2.31845840689803,2.10962708724177,1.47438372851962,1.12425588360435,0.476358991398705,0.337754450403765,1.06598804975284,0.848916658741146,0.125792564177751,1.22519296070387,0.344903770076316,0.299306387569301,0.481087563227263,0.649009815050751,0.41336164250402,-0.14144577503093,1.39025858082984,-0.233740266303336,1.91080929904024,0.286832010954725,0.270445183734574
"PT-BA",1.1236592207315,2.48508801256021,3.89526459216774,1.48631498451163,2.0935684854214,2.59661234816306,1.66606869477239,1.18918360431285,2.7730952830346,2.51654140991703,2.49849799898195,0.10672096820384,1.5204368823422,2.31845840689803,4.68357248688266,2.70322103719016,2.70705226964879,1.14966801153469,1.67858989996836,1.62423237468108,2.78365396115476,2.61219879211006,0.275162340317374,2.34422903953857,2.2812792767853,0.523124961692563,2.18319977151402,2.09667821714861,1.92129625155988,0.751090312062931,2.12193194222302,0.603768056754604,2.94773682719874,-0.0712928363042645,0.529867972736028
"PT-EAM",0.501579313977748,1.2164750608209,2.0371794407217,0.831851634781453,1.23777689442459,1.4131223970141,0.827340678504418,0.542417745891734,1.18231192251292,1.01776174223463,1.16968288842574,-0.858223803602451,0.617527975027747,2.10962708724177,2.70322103719016,2.74804795076052,1.62235192338968,1.57550689144082,0.519553085416707,0.454111705633637,1.46402255110929,0.732958179357696,-0.0480645916292073,1.38758265958224,0.462520586809853,0.153134589148614,0.249032407959776,0.708713264518427,0.372068933852727,-0.127293294122236,1.46964906912324,-0.195493264122733,2.70526097872806,0.203721598447994,0.12230309985539
"PT-ZYGI",0.922328113354134,1.51748095220656,3.0139217991205,0.935691664519717,0.68668707206697,1.91938705404648,1.8050948184854,1.47684514602527,1.97276132368303,1.98469370185705,2.20796727389295,-0.573778135373732,0.903513026928505,1.47438372851962,2.70705226964879,1.62235192338968,3.28788235587574,0.593223091192991,0.624762050113513,1.54112646496895,3.38089350191861,3.6074599730701,0.692923070759763,1.66835862843313,1.50278678440656,0.360755071344135,1.56940158477895,1.39689681301188,2.44933476652765,0.071251892115039,1.28832592136301,-0.0468275237240608,1.22112938744526,-0.359153510139042,0.486881652500519
"PT-TSP",0.0705921819772691,-0.0489287146903163,-0.182187594915628,-0.149172207114091,0.0944134431888013,-0.0290309950423925,0.199700346078435,-0.0137793569110679,0.0427692294386673,-0.251128254595384,-0.101344220770336,-1.02392198847332,-0.347485771727929,1.12425588360435,1.14966801153469,1.57550689144082,0.593223091192991,2.33495322632855,-0.104982397149011,-0.173042753737257,-0.365059133084855,0.194207458145014,-0.349451730523269,0.203135903814383,-0.0443330446483835,-0.00174812556207582,-0.305444209403305,0.0510425038769316,-0.493208423367818,-0.400209220885054,0.453663568044227,-0.159103448953225,1.41678172329195,0.00617286610531765,-0.224768326276256
"ZS-ZI",0.652296719803132,1.46828116972171,1.70073737060875,0.713454751765701,3.46866908315816,1.68555369731157,0.961485610800367,0.0223157872300527,3.53073927981297,0.957168571499807,0.761789733877355,0.347306836582995,0.951138597653891,0.476358991398705,1.67858989996836,0.519553085416707,0.624762050113513,-0.104982397149011,3.40399728496694,0.729991365610703,-0.828603790575793,-0.0538252395550904,-0.000264189818702514,1.55048798069413,1.15987604624925,0.0372421404944315,1.300588279038,0.820499328016817,0.863289763844538,0.779098621336127,1.65588843926456,0.823591279445172,0.468221045979568,-0.0815529247792688,0.0722347438238284
"ZI-MT",1.00771254971768,1.43179430416848,2.52498890645974,0.769660147286337,1.13390405581118,1.62059893443632,1.19721062322135,0.725418892328022,1.56872999262251,0.766513443763391,1.36186297681752,0.201235758836339,0.808484080175848,0.337754450403765,1.62423237468108,0.454111705633637,1.54112646496895,-0.173042753737257,0.729991365610703,2.49175297555084,1.48576018218479,1.76842059598265,-0.268277644835565,0.879866412330719,1.45740727066106,0.366489766671359,1.33963719207973,1.21061515949292,1.53518937379313,0.314516081344141,0.923072187691275,0.414174705432589,0.317901863872791,-0.357613466275071,-0.0200049923104656
"ZI-ZYGI",0.861504284196374,1.65462119817326,4.55153901800811,1.99341884071105,-2.48072187332084,2.72950403657304,2.39085947322378,2.30284542228816,-0.0261146783192528,6.60422569139272,3.24198923211324,0.982611752493385,0.206760675603038,1.06598804975284,2.78365396115476,1.46402255110929,3.38089350191861,-0.365059133084855,-0.828603790575793,1.48576018218479,10.2572301702359,7.22937028411181,1.27847101260023,2.51391024199085,1.74219826944202,0.0643756349786585,1.58089687635808,1.27047553636322,2.62093898962046,0.643531459250374,-1.03403602862718,-1.18578669911196,1.6656908749499,-1.21123677996347,0.425299014157894
"ZI-TSP",1.23414646715845,1.64949947382351,3.72625284263725,1.63452475651024,-1.36961998763625,2.59339716472026,2.64663955306669,2.61367849186488,1.47084584736558,5.45713909784357,2.88405338234777,0.281644617240926,0.607780991990365,0.848916658741146,2.61219879211006,0.732958179357696,3.6074599730701,0.194207458145014,-0.0538252395550904,1.76842059598265,7.22937028411181,8.4762524240708,1.11418764192365,3.11795231418336,2.12230602789802,0.335119141459312,2.33442355316893,2.10229264566762,3.68048607707573,0.916070346959738,-0.166553175175376,-0.329258268963287,0.575975007840907,-0.98593249510065,0.628786541126917
"MT-PNS",-0.0440954103424892,-0.0892551740611532,0.67964184743931,-0.0179290828070875,-0.643105240589399,-0.333326289597337,0.0325845162772686,0.0719404808064972,-0.182487526278951,0.641708349131939,0.911118569069519,0.0952223890363142,0.172105438358202,0.125792564177751,0.275162340317374,-0.0480645916292073,0.692923070759763,-0.349451730523269,-0.000264189818702514,-0.268277644835565,1.27847101260023,1.11418764192365,1.14935224986571,-0.379603400756329,0.290205988712399,-0.0480341768065032,0.392364973618095,0.172805618672134,0.681510033235841,-0.00299992033321958,0.142330093828396,-0.268592281479355,-0.0306189767252061,0.053724005111458,0.187366745465059
"PNS-APET",1.10562316394708,2.24238022672706,2.20237886733658,1.661022344428,2.51936382716696,3.1659568952675,2.44458467332726,1.80169485291961,3.30765771781097,2.57349598162493,0.415216402156924,0.106891683782067,1.51073469626002,1.22519296070387,2.34422903953857,1.38758265958224,1.66835862843313,0.203135903814383,1.55048798069413,0.879866412330719,2.51391024199085,3.11795231418336,-0.379603400756329,5.03128866603384,0.965479675034702,0.427763514963943,1.44257441057363,1.64969752486243,1.72611587332555,1.04572141588011,2.00097579187157,0.424230145068225,1.66908135219645,-0.110422484579768,0.26770280209867
"APET-BA",0.808871101937005,1.39697695808694,2.32653399248588,0.792893767553313,0.992099372063041,1.30452373813342,0.927925641674909,0.583302532261687,1.54133194592006,1.63691026188756,1.45198384765959,0.59803725266911,0.845310431940828,0.344903770076316,2.2812792767853,0.462520586809853,1.50278678440656,-0.0443330446483835,1.15987604624925,1.45740727066106,1.74219826944202,2.12230602789802,0.290205988712399,0.965479675034702,2.25247537736029,0.300127710862492,1.94647931630387,1.52626813170946,1.71288798349146,0.915096154832553,0.677989354245571,0.824521567662667,0.330352999988709,-0.523260523791626,0.155090764230483
"APET-TS",0.275857637162763,0.474873111357837,0.250165013972668,-0.0385848966989622,0.210820871097636,0.174279357894377,0.570186940417862,0.210396138591037,0.427019318024281,-0.500591974108375,0.0429529230696926,-0.130834881289604,0.439218791818523,0.299306387569301,0.523124961692563,0.153134589148614,0.360755071344135,-0.00174812556207582,0.0372421404944315,0.366489766671359,0.0643756349786585,0.335119141459312,-0.0480341768065032,0.427763514963943,0.300127710862492,0.533937359643859,0.415055521523848,0.521006405332893,0.369055310645107,0.232562946100709,0.516535506336605,0.0919234033325281,-0.123022650730235,-0.190865963766099,0.21984825997092
"BA-EAM",0.850839288291073,1.43462166535547,2.17060133384169,0.673522753954922,1.11930431071278,1.41216830106867,1.22245307146245,0.877236986688603,2.05504209526994,1.73981800325209,1.49843028927671,0.657883725308869,1.09163623544008,0.481087563227263,2.18319977151402,0.249032407959776,1.56940158477895,-0.305444209403305,1.300588279038,1.33963719207973,1.58089687635808,2.33442355316893,0.392364973618095,1.44257441057363,1.94647931630387,0.415055521523848,2.15849799409892,1.40285256676833,1.87706954329874,0.954330303214667,0.865515970172384,0.841691150653289,0.222889855004722,-0.227589492598942,0.416845033372183
"EAM-ZYGI",0.892451510717887,1.69791439345733,2.27104875339954,0.926605137164429,1.03047425744822,1.37210049607265,1.01687653747502,0.561924724917816,1.28737465382708,0.711111616562392,1.04499470141103,0.307270555297405,1.10982139168365,0.649009815050751,2.09667821714861,0.708713264518427,1.39689681301188,0.0510425038769316,0.820499328016817,1.21061515949292,1.27047553636322,2.10229264566762,0.172805618672134,1.64969752486243,1.52626813170946,0.521006405332893,1.40285256676833,2.40905353606507,1.78428715351567,0.688000091345898,1.55482537446136,0.176138856853152,0.938256395486371,-0.427431426808232,0.257648098341106
"ZYGI-TSP",1.03395266911082,1.64408876247425,2.6477239174571,0.886349293218751,0.726921930017694,1.68097017073868,1.37189418347219,1.30165103749408,1.97122653885202,1.79725986641081,1.86752113324306,0.298313469723775,1.10523293523019,0.41336164250402,1.92129625155988,0.372068933852727,2.44933476652765,-0.493208423367818,0.863289763844538,1.53518937379313,2.62093898962046,3.68048607707573,0.681510033235841,1.72611587332555,1.71288798349146,0.369055310645107,1.87706954329874,1.78428715351567,2.87579068501574,0.624397428896159,1.1993949938296,0.303009698448834,0.349406968907765,-0.300165824978962,0.56897166263305
"LD-AS",0.503950894015871,0.399796962982827,0.538611201956212,0.150066635579569,0.267262439329281,0.240945322474208,-0.182399368778222,-0.0236449814008711,0.521488768971081,1.6022360429349,0.351911018741862,1.04220741107378,0.474397979428876,-0.14144577503093,0.751090312062931,-0.127293294122236,0.071251892115039,-0.400209220885054,0.779098621336127,0.314516081344141,0.643531459250374,0.916070346959738,-0.00299992033321958,1.04572141588011,0.915096154832553,0.232562946100709,0.954330303214667,0.688000091345898,0.624397428896159,2.58513936008136,-0.425551854408898,1.32789540799365,-0.26927833136681,-0.563597385376101,0.106168224398781
"BR-LD",0.913679136734635,1.1710187594458,2.7634739701275,1.06060573549246,4.23872906873187,1.94852129845203,1.07604639404659,1.09029226338312,3.68500649471259,-5.07355543446506,1.54334839238276,-1.07444602365255,3.86652920226258,1.39025858082984,2.12193194222302,1.46964906912324,1.28832592136301,0.453663568044227,1.65588843926456,0.923072187691275,-1.03403602862718,-0.166553175175376,0.142330093828396,2.00097579187157,0.677989354245571,0.516535506336605,0.865515970172384,1.55482537446136,1.1993949938296,-0.425551854408898,9.92733380051934,-0.774569665738003,3.24701947695885,1.0067889973785,0.541570173980783
"OPI-LD",0.103629537581931,0.155906218885214,-0.0882615268329125,-0.0961623546072221,1.16380338830894,0.33282626255801,-0.691436891145473,0.0933639762098067,1.16156922627956,0.791886084796112,0.165206230991806,0.517113220166733,0.427371398301717,-0.233740266303336,0.603768056754604,-0.195493264122733,-0.0468275237240608,-0.159103448953225,0.823591279445172,0.414174705432589,-1.18578669911196,-0.329258268963287,-0.268592281479355,0.424230145068225,0.824521567662667,0.0919234033325281,0.841691150653289,0.176138856853152,0.303009698448834,1.32789540799365,-0.774569665738003,2.86983895712077,-0.4237873851845,0.358588763577813,-0.109817041215334
"PT-AS",0.478315034482202,1.37983505035237,2.52585401443049,1.29661137249458,1.32218407595052,1.71490351992391,0.673939127776256,1.02192941508629,1.42399799023182,0.695278988779738,1.28071581441044,0.0221061105357334,1.02575605837079,1.91080929904024,2.94773682719874,2.70526097872806,1.22112938744526,1.41678172329195,0.468221045979568,0.317901863872791,1.6656908749499,0.575975007840907,-0.0306189767252061,1.66908135219645,0.330352999988709,-0.123022650730235,0.222889855004722,0.938256395486371,0.349406968907765,-0.26927833136681,3.24701947695885,-0.4237873851845,5.29112060435199,1.1231779629345,0.116154729013299
"JP-AS",-0.215609390922935,-0.240712083303876,-0.656786969438381,-0.121635310173691,0.291054592236017,-0.353836534678509,-0.642706496531796,-0.0498076842538847,0.0340574253412352,-1.29682186842338,-0.370254783196494,-0.0274445485055266,0.535560818933334,0.286832010954725,-0.0712928363042645,0.203721598447994,-0.359153510139042,0.00617286610531765,-0.0815529247792688,-0.357613466275071,-1.21123677996347,-0.98593249510065,0.053724005111458,-0.110422484579768,-0.523260523791626,-0.190865963766099,-0.227589492598942,-0.427431426808232,-0.300165824978962,-0.563597385376101,1.0067889973785,0.358588763577813,1.1231779629345,1.9481001397923,0.274916738707412
"BA-OPI",0.134764008791202,0.230881937243674,0.468655159290818,0.261070479172564,0.193930148293832,0.344198033487186,0.195052306897224,0.629224314385943,0.669062169890303,0.613223514529422,0.779432041969557,0.0198208294005081,0.339014850437928,0.270445183734574,0.529867972736028,0.12230309985539,0.486881652500519,-0.224768326276256,0.0722347438238284,-0.0200049923104656,0.425299014157894,0.628786541126917,0.187366745465059,0.26770280209867,0.155090764230483,0.21984825997092,0.416845033372183,0.257648098341106,0.56897166263305,0.106168224398781,0.541570173980783,-0.109817041215334,0.116154729013299,0.274916738707412,1.05393089087881
