"","IS-PM","IS-NLE","IS-PNS","PM-ZS","PM-ZI","PM-MT","NLE-NON","NLE-ZS","NLE-ZI","NON-BR","NON-PNS","BR-PT","BR-APET","PT-APET","PT-BA","PT-EAM","PT-ZYGI","PT-TSP","ZS-ZI","ZI-MT","ZI-ZYGI","ZI-TSP","MT-PNS","PNS-APET","APET-BA","APET-TS","BA-EAM","EAM-ZYGI","ZYGI-TSP","LD-AS","BR-LD","OPI-LD","PT-AS","JP-AS","BA-OPI"
"IS-PM",0.657292961131126,1.00390417035323,1.55475199973158,0.941649003314121,0.713196663282161,0.97438075288511,0.292839055797331,0.726557254963052,1.17045157732167,1.81382087301102,1.123063885219,0.994379126887007,1.04938580053036,0.400455825724581,1.41052967503446,0.377217867565246,0.744859875478592,0.267524815999233,0.684435574981427,0.613325966856617,1.13436442835627,1.2838574431021,0.254788845582313,0.90929870644898,1.15624134969266,0.328781025326283,1.28029550740135,0.603970897665346,0.673082371890783,1.15485963191483,0.966442120396134,0.825802233402263,1.04503847930236,0.180166766879572,0.286813804073119
"IS-NLE",1.00390417035323,4.80377974271729,5.07415209909431,3.88401169375963,3.54338702361795,3.60857681072231,2.30237273286773,0.618063874743377,3.87776615626877,4.2032344369034,3.75532859280962,3.25121035639588,3.39008628057721,1.41792022332981,4.50450142777911,1.48080129258504,2.45305153179075,1.01631554467935,3.83524666511455,1.71942665865826,2.96059167238983,2.98269924849049,1.39600892534243,2.58485142668731,3.02713400634843,1.09901820565043,3.57255345273961,1.61737980485571,1.71757631815936,3.02573315642443,1.78758149908989,2.63867767350058,4.65936540900316,1.49337998537633,0.585466724664432
"IS-PNS",1.55475199973158,5.07415209909431,7.38845404848043,4.76555310800669,4.7047914141967,4.8616638902782,2.78222921619304,1.80275383510194,5.23583810640346,5.68894506894498,5.1121167898023,4.10306666063153,4.42017509847246,1.95512782255056,5.9511731676197,1.9861663717704,3.01843151195253,1.30483249346931,4.15488944624681,2.28306417503278,3.77323859561433,3.70411291948581,1.68046340681488,3.04082110609057,3.92176539117735,1.47888515769458,4.82645969540957,2.0697229661681,2.09554267184568,4.43176322865789,3.21668860789741,3.62306385875471,5.84160666202398,1.470690995898,0.924071813432968
"PM-ZS",0.941649003314121,3.88401169375963,4.76555310800669,4.07742973420118,3.29528480128659,3.69945062129171,2.02903951218785,0.985448174548923,3.5907995025047,4.26328829825122,3.59655396242277,3.35278433548378,3.3397788336157,1.15283507266518,4.09383323838706,0.974490167275354,2.06760550590911,0.841277445894102,3.49579551601758,1.64942837493851,2.79264896238362,2.78502386708851,1.08829620404089,2.23771501506803,3.00320823229077,1.17644406761935,3.53698187242431,1.4879969660591,1.59499148251097,3.2336924832485,1.84955473715156,2.88508712858928,3.92895190064404,1.18938680023034,0.566566695785106
"PM-ZI",0.713196663282161,3.54338702361795,4.7047914141967,3.29528480128659,4.00424250456714,3.21521481807712,2.31687723948631,0.756086590267608,3.84245527117237,3.21197496544717,3.26300314123017,2.61482885909964,2.8722157291365,1.39678650235877,3.75805384441627,1.62476219337839,2.12458734964917,1.02984140210788,3.28681566302863,1.43403659535345,1.55075144481927,1.43569512716789,1.24857927472276,1.90267963784717,2.13618199795833,1.00768622324908,2.82928996761635,1.33364496124869,1.22934664315853,2.49185395819632,1.85826795569664,2.14206597790257,4.18935003662088,1.10858927555749,0.485571236443159
"PM-MT",0.97438075288511,3.60857681072231,4.8616638902782,3.69945062129171,3.21521481807712,4.0620398869849,2.13706134201838,1.28644739269291,3.57494228472707,4.2268556692544,3.50682445875889,3.26914228160533,3.17135928671531,1.05555603579506,4.22956520328725,1.04770987830314,2.045757466509,0.790861878816382,3.00575705770251,1.78905089862539,2.88615850191548,2.84859783583415,0.950107301577605,2.21378189456413,3.17186474584184,1.10594041598236,3.56619588146451,1.48856458148985,1.60839157847394,3.4393480051586,1.78099118558698,3.06916967099674,4.01347780961754,1.00085837380407,0.611000828314694
"NLE-NON",0.292839055797331,2.30237273286773,2.78222921619304,2.02903951218785,2.31687723948631,2.13706134201838,3.77940095497538,0.174747124234545,2.21303768953195,-0.0281969822902655,1.7551084827417,1.6058261887107,1.5860220022961,0.666977815575046,2.26965019388835,0.757337553205755,1.02407470599553,0.336573732974769,2.22897293988685,0.716854539175158,0.971561587942827,0.809301175590027,0.711894300618347,1.1254947540015,1.21843202498941,0.506285644733164,1.59711233245713,0.42244604636646,0.686114590849869,1.26529832290798,0.861696558722922,1.59470261419558,3.04221386101997,0.980360935022244,0.0675768055797789
"NLE-ZS",0.726557254963052,0.618063874743377,1.80275383510194,0.985448174548923,0.756086590267608,1.28644739269291,0.174747124234545,2.07245291448276,1.50655126790879,2.20334452635358,1.33666782164233,0.738847195915493,0.94109793603863,0.430409150929139,1.51376692521029,0.408535970632017,0.767037130828047,0.140468146223863,-0.362540069805405,0.872336715479496,1.49991827492091,1.78027698994189,0.142704710433239,1.05805391500422,1.30848513900909,0.329047250723689,1.46240664748021,0.708031935705997,0.828246253790633,1.53748331970309,1.45645818337733,1.23539190947683,0.769189190320846,-0.124487622162648,0.312329907876922
"NLE-ZI",1.17045157732167,3.87776615626877,5.23583810640346,3.5907995025047,3.84245527117237,3.57494228472707,2.21303768953195,1.50655126790879,4.44258534851532,4.62858441511855,3.85226039669004,3.13932898538785,3.38461017841323,1.49470861142983,4.43152974936832,1.62986368424071,2.42946771259261,1.0053831534721,3.38986534637103,1.84992465965906,2.54161324227794,2.64359111025975,1.25677260483998,2.47044886771077,2.91180133683198,1.14768547261023,3.56907761245064,1.639723679178,1.71246525876382,3.19843137068686,2.36068985851793,2.68991310709538,4.3570240314579,1.02029553929203,0.603972540392338
"NON-BR",1.81382087301102,4.2032344369034,5.68894506894498,4.26328829825122,3.21197496544717,4.2268556692544,-0.0281969822902655,2.20334452635358,4.62858441511855,10.4345701454787,4.78129950454482,4.88565845903335,4.51958322196877,1.48733033938696,5.31459284181966,1.21992981448989,2.66557370058087,1.22023306696224,3.43752482953606,2.21213248344372,4.3593348271653,4.8006000636636,1.10704885173287,3.67461618904552,4.22492412052212,1.61351876521447,4.8516045844758,2.47313546986262,2.27115676376386,4.61204809301985,1.87443872269237,3.58715907508472,4.1440116458077,0.88162230100626,1.11831630090372
"NON-PNS",1.123063885219,3.75532859280962,5.1121167898023,3.59655396242277,3.26300314123017,3.50682445875889,1.7551084827417,1.33666782164233,3.85226039669004,4.78129950454482,4.19614797837337,3.30244595733978,3.46036461353791,1.3146837059643,4.22813799160736,1.22503578860979,2.20179577786313,0.755436884358678,3.10451013187738,1.81299237591573,2.87350702047402,2.88134071632877,1.20987688285372,2.14140649588351,2.95625390332536,1.10693178031473,3.56649316491843,1.54717822952205,1.69243026337394,3.33964136630404,2.19588528694259,2.72710019582802,4.07607186145011,1.05600338060018,0.621742896348217
"BR-PT",0.994379126887007,3.25121035639588,4.10306666063153,3.35278433548378,2.61482885909964,3.26914228160533,1.6058261887107,0.738847195915493,3.13932898538785,4.88565845903335,3.30244595733978,4.27813578425038,3.61843940941014,0.908018477601709,3.72978338041813,0.606124986384172,1.47361755996068,0.650071001610381,3.25208602032441,1.45501714476952,2.56814593119646,2.42430802067656,0.93501146262779,1.9080708525648,2.84189447416353,1.23707359239775,3.28445724852571,1.27393838952923,1.25867448110892,3.54080021686257,1.29149732822737,2.94546003312014,3.67601657710904,0.952331549723451,0.503671290976172
"BR-APET",1.04938580053036,3.39008628057721,4.42017509847246,3.3397788336157,2.8722157291365,3.17135928671531,1.5860220022961,0.94109793603863,3.38461017841323,4.51958322196877,3.46036461353791,3.61843940941014,3.86928292820642,1.5385865939827,4.16484852674837,1.25667375223748,2.13108615873487,1.02375124038895,3.14626839175028,1.57444891326033,2.54849589353265,2.63120706294118,1.11220351790373,2.09320456863222,2.65827996124402,1.18550682021495,3.39287033996269,1.45431317621595,1.55143440603629,3.36747633624275,1.95170660520218,2.88243926608124,4.0631895369472,1.14318735320623,0.64272692512827
"PT-APET",0.400455825724581,1.41792022332981,1.95512782255056,1.15283507266518,1.39678650235877,1.05555603579506,0.666977815575046,0.430409150929139,1.49470861142983,1.48733033938696,1.3146837059643,0.908018477601709,1.5385865939827,1.65946130698765,2.28201781952388,1.17414557173484,1.19519805412517,0.826660382486976,1.10034462951277,0.586538127765822,0.86280267343106,1.04425576618582,0.650382011462497,1.01605023002503,0.588942778607199,0.479688728225034,1.39655052881527,0.526696052932789,0.564880606548769,1.18218707807078,0.958543796392513,1.02785666198103,2.14486981813396,0.620259853218187,0.294554989745135
"PT-BA",1.41052967503446,4.50450142777911,5.9511731676197,4.09383323838706,3.75805384441627,4.22956520328725,2.26965019388835,1.51376692521029,4.43152974936832,5.31459284181966,4.22813799160736,3.72978338041813,4.16484852674837,2.28201781952388,6.46610174427515,2.23780247392725,3.03484227406141,1.45523027041173,3.6468503938284,2.01139300049841,3.55252995738091,3.48514612016567,1.45257298494504,2.97123907000688,4.1177143182711,1.42817383360394,4.91673338422538,1.85748058579761,2.06074124015996,4.26081476821036,2.80080430422927,3.7116815196065,6.01541370958114,1.46030667945182,0.837312188199504
"PT-EAM",0.377217867565246,1.48080129258504,1.9861663717704,0.974490167275354,1.62476219337839,1.04770987830314,0.757337553205755,0.408535970632017,1.62986368424071,1.21992981448989,1.22503578860979,0.606124986384172,1.25667375223748,1.17414557173484,2.23780247392725,2.04024761666125,1.58463162910455,1.09182157953413,1.11159589568511,0.587498743514908,0.685616280816158,0.195457394223748,0.600548802305368,1.08000312110566,0.591296418940442,0.181127624483559,0.977026657385635,0.679961029058155,0.45460279872813,0.894585163320873,1.41076303704342,0.562503741694063,2.75649953093826,0.424556398548645,0.342602280275707
"PT-ZYGI",0.744859875478592,2.45305153179075,3.01843151195253,2.06760550590911,2.12458734964917,2.045757466509,1.02407470599553,0.767037130828047,2.42946771259261,2.66557370058087,2.20179577786313,1.47361755996068,2.13108615873487,1.19519805412517,3.03484227406141,1.58463162910455,2.35452595919267,1.14879458988555,1.85050613515136,1.27788872602575,1.61544334403452,1.75881165127519,0.786018446178533,1.59782627538999,1.74021081884515,0.467847300117559,2.24780070323321,1.19918064801566,1.43629940797276,1.77585657604506,1.71318715055405,1.50052965546747,3.04894906045751,0.89419445254456,0.460216632929419
"PT-TSP",0.267524815999233,1.01631554467935,1.30483249346931,0.841277445894102,1.02984140210788,0.790861878816382,0.336573732974769,0.140468146223863,1.0053831534721,1.22023306696224,0.755436884358678,0.650071001610381,1.02375124038895,0.826660382486976,1.45523027041173,1.09182157953413,1.14879458988555,1.31530645871359,0.904239990159501,0.422067064450076,0.486438725189564,0.580776603456578,0.387521891230579,0.725837156440737,0.460559323369972,0.0991261639447685,0.7502630828285,0.531154124496883,0.233476585225541,0.724594142059959,0.64190098480562,0.504097957430293,1.46967937538896,0.334726152068689,0.137118369797549
"ZS-ZI",0.684435574981427,3.83524666511455,4.15488944624681,3.49579551601758,3.28681566302863,3.00575705770251,2.22897293988685,-0.362540069805405,3.38986534637103,3.43752482953606,3.10451013187738,3.25208602032441,3.14626839175028,1.10034462951277,3.6468503938284,1.11159589568511,1.85050613515136,0.904239990159501,4.52390126838526,1.21441230683455,1.86106683457841,1.67985722642129,1.18524288970441,1.80101134225192,2.42613981196951,1.08524530879989,2.87128805334223,1.17161566110068,1.19322872109988,2.46166850917805,1.16942488287591,2.21158964254949,4.06283656365677,1.3112559785594,0.406908868547032
"ZI-MT",0.613325966856617,1.71942665865826,2.28306417503278,1.64942837493851,1.43403659535345,1.78905089862539,0.716854539175158,0.872336715479496,1.84992465965906,2.21213248344372,1.81299237591573,1.45501714476952,1.57444891326033,0.586538127765822,2.01139300049841,0.587498743514908,1.27788872602575,0.422067064450076,1.21441230683455,1.29582820770134,1.52570861970824,1.69508496298311,0.387849315451318,1.11671450442401,1.49800961422395,0.507057560950114,1.82434003889878,0.85133214162076,1.06187570354176,1.66136073968555,1.11433552761106,1.36027037321502,1.76618431408315,0.417876629078484,0.351372306277633
"ZI-ZYGI",1.13436442835627,2.96059167238983,3.77323859561433,2.79264896238362,1.55075144481927,2.88615850191548,0.971561587942827,1.49991827492091,2.54161324227794,4.3593348271653,2.87350702047402,2.56814593119646,2.54849589353265,0.86280267343106,3.55252995738091,0.685616280816158,1.61544334403452,0.486438725189564,1.86106683457841,1.52570861970824,3.84331162365316,3.83396639404997,0.699226955891581,2.43203495320903,2.90728867821887,0.834311125051622,3.15701896817141,1.2464312115827,1.51200935557344,3.01167784412829,1.81753152709802,2.5816616760809,2.81715519750919,0.7586578980339,0.635612389895051
"ZI-TSP",1.2838574431021,2.98269924849049,3.70411291948581,2.78502386708851,1.43569512716789,2.84859783583415,0.809301175590027,1.78027698994189,2.64359111025975,4.8006000636636,2.88134071632877,2.42430802067656,2.63120706294118,1.04425576618582,3.48514612016567,0.195457394223748,1.75881165127519,0.580776603456578,1.67985722642129,1.69508496298311,3.83396639404997,5.36876100950728,0.694832071936104,2.59346794347155,3.20956455931251,0.811618668925818,3.45787879540339,1.71162534020262,2.20044179064004,2.98954281319269,1.76417303111772,2.83931329641032,2.11175193784175,1.03803523624178,0.64529429544032
"MT-PNS",0.254788845582313,1.39600892534243,1.68046340681488,1.08829620404089,1.24857927472276,0.950107301577605,0.711894300618347,0.142704710433239,1.25677260483998,1.10704885173287,1.20987688285372,0.93501146262779,1.11220351790373,0.650382011462497,1.45257298494504,0.600548802305368,0.786018446178533,0.387521891230579,1.18524288970441,0.387849315451318,0.699226955891581,0.694832071936104,0.635031886330669,0.651975305078977,0.749248126649178,0.334016410204617,1.04857934531016,0.445445320525206,0.430794285563099,0.851290006566418,0.670860091920142,0.770314072601168,1.5856778098058,0.582563958307653,0.130456036468641
"PNS-APET",0.90929870644898,2.58485142668731,3.04082110609057,2.23771501506803,1.90267963784717,2.21378189456413,1.1254947540015,1.05805391500422,2.47044886771077,3.67461618904552,2.14140649588351,1.9080708525648,2.09320456863222,1.01605023002503,2.97123907000688,1.08000312110566,1.59782627538999,0.725837156440737,1.80101134225192,1.11671450442401,2.43203495320903,2.59346794347155,0.651975305078977,2.62145858890796,1.8508714427324,0.538077442504364,2.41134521268681,1.23399172360149,1.2324219112986,1.99240191656881,1.54126129295684,1.67798349359215,2.68524055748023,0.612302404794187,0.514200958765854
"APET-BA",1.15624134969266,3.02713400634843,3.92176539117735,3.00320823229077,2.13618199795833,3.17186474584184,1.21843202498941,1.30848513900909,2.91180133683198,4.22492412052212,2.95625390332536,2.84189447416353,2.65827996124402,0.588942778607199,4.1177143182711,0.591296418940442,1.74021081884515,0.460559323369972,2.42613981196951,1.49800961422395,2.90728867821887,3.20956455931251,0.749248126649178,1.8508714427324,4.03757057418622,1.1065278456722,3.77412764482375,1.50689460381383,1.76974666105432,3.25650745264316,1.7274224910084,2.94135673302142,3.22618370782061,0.953957252010787,0.567175367854149
"APET-TS",0.328781025326283,1.09901820565043,1.47888515769458,1.17644406761935,1.00768622324908,1.10594041598236,0.506285644733164,0.329047250723689,1.14768547261023,1.61351876521447,1.10693178031473,1.23707359239775,1.18550682021495,0.479688728225034,1.42817383360394,0.181127624483559,0.467847300117559,0.0991261639447685,1.08524530879989,0.507057560950114,0.834311125051622,0.811618668925818,0.334016410204617,0.538077442504364,1.1065278456722,0.934476111594273,1.32671822808828,0.43883394333838,0.47549713571389,1.23645031112921,0.28993213328831,1.13068881444591,1.26473324023781,0.375307206081181,0.308861080827034
"BA-EAM",1.28029550740135,3.57255345273961,4.82645969540957,3.53698187242431,2.82928996761635,3.56619588146451,1.59711233245713,1.46240664748021,3.56907761245064,4.8516045844758,3.56649316491843,3.28445724852571,3.39287033996269,1.39655052881527,4.91673338422538,0.977026657385635,2.24780070323321,0.7502630828285,2.87128805334223,1.82434003889878,3.15701896817141,3.45787879540339,1.04857934531016,2.41134521268681,3.77412764482375,1.32671822808828,4.49620618203236,1.55590626058545,2.01203213126942,3.72218217167954,2.16449820518366,3.23614545102356,4.10937780534379,1.13135124360279,0.703944323153341
"EAM-ZYGI",0.603970897665346,1.61737980485571,2.0697229661681,1.4879969660591,1.33364496124869,1.48856458148985,0.42244604636646,0.708031935705997,1.639723679178,2.47313546986262,1.54717822952205,1.27393838952923,1.45431317621595,0.526696052932789,1.85748058579761,0.679961029058155,1.19918064801566,0.531154124496883,1.17161566110068,0.85133214162076,1.2464312115827,1.71162534020262,0.445445320525206,1.23399172360149,1.50689460381383,0.43883394333838,1.55590626058545,1.22122803805003,1.05218699652578,1.35084500913233,1.0087435662412,1.28208769012295,1.64514100597348,0.637745560933735,0.327322063618772
"ZYGI-TSP",0.673082371890783,1.71757631815936,2.09554267184568,1.59499148251097,1.22934664315853,1.60839157847394,0.686114590849869,0.828246253790633,1.71246525876382,2.27115676376386,1.69243026337394,1.25867448110892,1.55143440603629,0.564880606548769,2.06074124015996,0.45460279872813,1.43629940797276,0.233476585225541,1.19322872109988,1.06187570354176,1.51200935557344,2.20044179064004,0.430794285563099,1.2324219112986,1.76974666105432,0.47549713571389,2.01203213126942,1.05218699652578,1.60604035871656,1.51987301908777,1.17838524699883,1.44818140629914,1.73539956075185,0.711618186862691,0.374548710750943
"LD-AS",1.15485963191483,3.02573315642443,4.43176322865789,3.2336924832485,2.49185395819632,3.4393480051586,1.26529832290798,1.53748331970309,3.19843137068686,4.61204809301985,3.33964136630404,3.54080021686257,3.36747633624275,1.18218707807078,4.26081476821036,0.894585163320873,1.77585657604506,0.724594142059959,2.46166850917805,1.66136073968555,3.01167784412829,2.98954281319269,0.851290006566418,1.99240191656881,3.25650745264316,1.23645031112921,3.72218217167954,1.35084500913233,1.51987301908777,4.57354204427248,1.66208919506062,3.6246968597434,3.5254943126176,0.633232518743445,0.657485707980892
"BR-LD",0.966442120396134,1.78758149908989,3.21668860789741,1.84955473715156,1.85826795569664,1.78099118558698,0.861696558722922,1.45645818337733,2.36068985851793,1.87443872269237,2.19588528694259,1.29149732822737,1.95170660520218,0.958543796392513,2.80080430422927,1.41076303704342,1.71318715055405,0.64190098480562,1.16942488287591,1.11433552761106,1.81753152709802,1.76417303111772,0.670860091920142,1.54126129295684,1.7274224910084,0.28993213328831,2.16449820518366,1.0087435662412,1.17838524699883,1.66208919506062,4.78096989430391,0.904916463062403,2.82149269629629,0.593408194236195,0.483834877535721
"OPI-LD",0.825802233402263,2.63867767350058,3.62306385875471,2.88508712858928,2.14206597790257,3.06916967099674,1.59470261419558,1.23539190947683,2.68991310709538,3.58715907508472,2.72710019582802,2.94546003312014,2.88243926608124,1.02785666198103,3.7116815196065,0.562503741694063,1.50052965546747,0.504097957430293,2.21158964254949,1.36027037321502,2.5816616760809,2.83931329641032,0.770314072601168,1.67798349359215,2.94135673302142,1.13068881444591,3.23614545102356,1.28208769012295,1.44818140629914,3.6246968597434,0.904916463062403,3.94132488032954,3.13238921939754,1.11619622471947,0.360474935487487
"PT-AS",1.04503847930236,4.65936540900316,5.84160666202398,3.92895190064404,4.18935003662088,4.01347780961754,3.04221386101997,0.769189190320846,4.3570240314579,4.1440116458077,4.07607186145011,3.67601657710904,4.0631895369472,2.14486981813396,6.01541370958114,2.75649953093826,3.04894906045751,1.46967937538896,4.06283656365677,1.76618431408315,2.81715519750919,2.11175193784175,1.5856778098058,2.68524055748023,3.22618370782061,1.26473324023781,4.10937780534379,1.64514100597348,1.73539956075185,3.5254943126176,2.82149269629629,3.13238921939754,7.18697142620842,1.96725342993705,0.817959904136125
"JP-AS",0.180166766879572,1.49337998537633,1.470690995898,1.18938680023034,1.10858927555749,1.00085837380407,0.980360935022244,-0.124487622162648,1.02029553929203,0.88162230100626,1.05600338060018,0.952331549723451,1.14318735320623,0.620259853218187,1.46030667945182,0.424556398548645,0.89419445254456,0.334726152068689,1.3112559785594,0.417876629078484,0.7586578980339,1.03803523624178,0.582563958307653,0.612302404794187,0.953957252010787,0.375307206081181,1.13135124360279,0.637745560933735,0.711618186862691,0.633232518743445,0.593408194236195,1.11619622471947,1.96725342993705,1.6987923746327,0.244554102798763
"BA-OPI",0.286813804073119,0.585466724664432,0.924071813432968,0.566566695785106,0.485571236443159,0.611000828314694,0.0675768055797789,0.312329907876922,0.603972540392338,1.11831630090372,0.621742896348217,0.503671290976172,0.64272692512827,0.294554989745135,0.837312188199504,0.342602280275707,0.460216632929419,0.137118369797549,0.406908868547032,0.351372306277633,0.635612389895051,0.64529429544032,0.130456036468641,0.514200958765854,0.567175367854149,0.308861080827034,0.703944323153341,0.327322063618772,0.374548710750943,0.657485707980892,0.483834877535721,0.360474935487487,0.817959904136125,0.244554102798763,0.604985936092859
