"","IS-PM","IS-NLE","IS-PNS","PM-ZS","PM-ZI","PM-MT","NLE-NON","NLE-ZS","NLE-ZI","NON-BR","NON-PNS","BR-PT","BR-APET","PT-APET","PT-BA","PT-EAM","PT-ZYGI","PT-TSP","ZS-ZI","ZI-MT","ZI-ZYGI","ZI-TSP","MT-PNS","PNS-APET","APET-BA","APET-TS","BA-EAM","EAM-ZYGI","ZYGI-TSP","LD-AS","BR-LD","OPI-LD","PT-AS","JP-AS","BA-OPI"
"IS-PM",0.357395374994439,0.427205642983812,0.67437753917167,0.282860776623485,0.254577740104429,0.293957669375877,0.171753597230171,0.344368624182887,0.491193509806115,0.695733250068249,0.404754770325693,0.252739103236669,0.32225076915862,0.156312248181157,0.346325166488771,0.203340664898523,0.325493708199486,0.21069280123947,0.193098886939423,0.22208004420572,0.463788482476211,0.773768771262167,0.145239511769258,0.425664719971023,0.308276134683008,0.122705341136455,0.288162450718512,0.282113643844097,0.330149448829097,0.219285962779183,0.145588196740766,0.111961343555786,0.253837253790208,0.0368530615204357,0.198193701708232
"IS-NLE",0.427205642983812,1.57054828616926,1.19895039482651,1.18081210676255,0.611461019209536,1.01428213407996,0.880080103522405,0.500715416694417,0.985024154391991,1.57622796710909,1.02104884700611,0.448648002443262,0.644103897102912,0.331266024083739,0.733129332137845,0.191333896841271,0.908255114798627,0.359409441688228,0.818287138428083,0.789835173052957,1.40341797809475,2.31513782214663,0.211334293877368,1.21384438277024,0.84297947832621,0.0593747875579669,0.821433820396739,0.86272860561904,1.04382973271354,0.0906622672602364,0.795773475880946,0.342309727978519,0.554467146126164,0.77308137654716,0.124863931193235
"IS-PNS",0.67437753917167,1.19895039482651,2.39136002674114,1.34906591609726,1.29470892347765,1.48038379619812,0.798052422445599,1.20539770577148,1.5713732693322,2.06401435541767,1.51091536363207,0.676586918648286,1.19359996259131,0.724847202338782,1.34442075127003,0.730962401336385,1.09403762173729,0.73478556572033,0.575087662290642,0.729229695813884,1.59870797989479,2.63204622599135,0.411218944428281,1.11737482461785,1.09639184406984,0.285022229179982,1.15185059629992,0.694719994360274,1.16466911114059,0.788874013532656,0.690003293000801,0.641692410777494,0.952365115728166,0.16066487471662,0.452793381407547
"PM-ZS",0.282860776623485,1.18081210676255,1.34906591609726,1.72908194129978,1.17199601678725,1.3782450052533,0.919353681864289,0.933982616888652,1.31946593112929,1.77308449509101,1.1383651103007,0.556043211121397,1.00471861710083,0.596600641528819,0.952573270777566,0.168237543161226,1.18301060394005,0.606467904147545,0.837816885327746,0.742582028599866,1.19683441591545,2.48906875861853,0.336765070921005,1.21056567694066,0.92009416194636,0.0440585505310223,1.11806102208642,0.836663978665352,1.39822666545809,0.50317327229589,0.611410945807885,0.7664625733651,0.575272503287313,0.531998549710766,-0.0283161970767101
"PM-ZI",0.254577740104429,0.611461019209536,1.29470892347765,1.17199601678725,1.35656001895756,1.15401766345515,0.55019205122419,0.950492245604591,1.26559230219735,1.01728851257239,0.981183714557444,0.332015793104371,0.906458741790083,0.585641152291361,0.909803639072331,0.433897193069784,0.9516554941347,0.675768267047474,0.410497059928206,0.477817299582677,0.463290687869923,1.26558346192863,0.283242792220748,0.853700143515915,0.584955199056949,0.145145326801008,0.826399462090644,0.486251835382835,0.910389317346564,0.691544047082856,0.421127223014615,0.653819973186493,0.513599375944587,-0.089444076995656,0.0848786944080322
"PM-MT",0.293957669375877,1.01428213407996,1.48038379619812,1.3782450052533,1.15401766345515,1.47921431928048,0.698207432415168,1.03005031860481,1.2835559153387,1.80726896031244,1.1327668317644,0.425887047957585,0.872168626024867,0.577850378957012,0.973979079197485,0.341269162721605,1.0332720195439,0.533868664450308,0.519153182678938,0.730784602979688,1.2301922891596,2.27326670573593,0.23696716956763,1.13859758496135,0.877783111340304,0.0397090501231484,1.00019874736872,0.680609471547583,1.14051617684951,0.55616042613485,0.36974501069104,0.710274497366815,0.5462262249667,0.262632199857163,0.137258888716152
"NLE-NON",0.171753597230171,0.880080103522405,0.798052422445599,0.919353681864289,0.55019205122419,0.698207432415168,1.78369758826819,0.342079888463211,0.664117453715791,0.0229725713067824,0.419829997828172,0.161733549133959,0.493424935409445,0.383323344987188,0.761679077753357,0.325830756098994,0.79449425841493,0.167076657172022,0.565228514958984,0.306310999992066,0.918866715565037,1.85989135244725,0.428391643619679,0.86463888371095,0.764127743454789,0.0421975916918983,0.569043100751076,0.666941469771692,0.819112370600153,0.186327179572494,0.782953436213863,0.494108842914955,0.659234517267625,0.83912543834703,-0.000617405705473717
"NLE-ZS",0.344368624182887,0.500715416694417,1.20539770577148,0.933982616888652,0.950492245604591,1.03005031860481,0.342079888463211,1.70228212146165,1.24176862766876,1.7442724184554,0.74172084918468,0.848228798836231,0.85885050558874,0.209748447060144,0.362522215466592,-0.493799135127276,0.425602968369414,0.248571316188947,-0.447143288641922,0.438918793185416,0.751917636290827,2.04804667289252,0.0989254655180361,0.855818906523756,0.830503177120278,0.0360342470959812,0.915425073640651,0.454790309824395,1.0628721617992,0.815194379706795,-0.32506432414124,0.682581597427563,-0.488228668593372,-0.150661683728113,0.0346962447264043
"NLE-ZI",0.491193509806115,0.985024154391991,1.5713732693322,1.31946593112929,1.26559230219735,1.2835559153387,0.664117453715791,1.24176862766876,1.63276504686873,1.83271481333218,1.2534631750372,0.588378752007857,1.02916135988063,0.594165460131608,1.08564649722913,0.320293918043861,1.14535919146479,0.735230883741652,0.615906045707118,0.649858779084365,1.00876880849518,2.20572647684693,0.32388671455001,1.13962757241817,0.96977931369665,0.178493467025936,1.09432508349782,0.679179000806186,1.26459345938453,0.743943253368556,0.136006917108843,0.761213387783478,0.480722478039933,0.171420090762033,0.178838363019821
"NON-BR",0.695733250068249,1.57622796710909,2.06401435541767,1.77308449509101,1.01728851257239,1.80726896031244,0.0229725713067824,1.7442724184554,1.83271481333218,5.87194086269969,1.79165821025061,2.08737865871675,2.02343866621516,0.967348697494444,0.931508451776056,-0.359210405761837,1.1770073124636,0.498727923449553,0.625230023148811,1.07030489771777,2.34642193964374,4.30062688038858,0.0791580140456316,1.48073184135065,1.16339773485748,0.0790539210707201,1.75440343152832,0.518714451336009,1.99326285266597,1.30178029946612,-1.27980416362069,1.13649052586498,-0.305643808553167,0.290991196805738,0.28734779114784
"NON-PNS",0.404754770325693,1.02104884700611,1.51091536363207,1.1383651103007,0.981183714557444,1.1327668317644,0.419829997828172,0.74172084918468,1.2534631750372,1.79165821025061,1.42712577667063,0.526494606234504,0.982091506541996,0.650126642021331,1.13081972171915,0.58947404166365,1.08820758922421,0.637057359046993,0.77416326879072,0.665833076415876,1.10663320401075,1.84540554608612,0.2945235403105,0.801740590777037,0.815882288158726,0.131834658722867,1.01497831294121,0.570793996694537,1.10642791733078,0.46176764882237,0.376110729945528,0.411251702640404,0.769645107157622,0.219712270079568,0.299544904334881
"BR-PT",0.252739103236669,0.448648002443262,0.676586918648286,0.556043211121397,0.332015793104371,0.425887047957585,0.161733549133959,0.848228798836231,0.588378752007857,2.08737865871675,0.526494606234504,1.48637435370691,1.03599156614604,0.277390930090226,-0.136796809234215,-0.808347027434269,-0.021555813066377,0.021268050408859,-0.180715833679042,0.373005660422258,0.491851656243122,1.73408844809343,-0.0414288365563133,0.2801049693425,0.273211641741171,0.0474913044327601,0.618760785357751,0.232173980643286,0.865047742230668,0.698781029737473,-0.868600021070496,0.450979040905678,-0.848185813036734,0.120427171500453,0.0215758248183062
"BR-APET",0.32225076915862,0.644103897102912,1.19359996259131,1.00471861710083,0.906458741790083,0.872168626024867,0.493424935409445,0.85885050558874,1.02916135988063,2.02343866621516,0.982091506541996,1.03599156614604,1.44316332632431,0.866277241338661,0.741108506376558,0.205983318633373,0.776904240765525,0.498312341664404,0.374258575042401,0.378804214986893,0.857308093870917,1.8394902631401,0.306186913124003,0.660562681265138,0.420515778815878,0.207257006094854,0.848861390194873,0.263925317487189,1.06182194812554,0.852046440359271,-0.270945000649376,0.635636180195906,0.319129939077426,0.131910632531653,0.237844686673889
"PT-APET",0.156312248181157,0.331266024083739,0.724847202338782,0.596600641528819,0.585641152291361,0.577850378957012,0.383323344987188,0.209748447060144,0.594165460131608,0.967348697494444,0.650126642021331,0.277390930090226,0.866277241338661,0.967836672585931,0.906754451686993,0.713512838769148,0.783862497308114,0.556434060155973,0.601021182237882,0.116522296574807,0.508095499408994,0.909105428254986,0.340286507834035,0.407539317091364,0.0929916742040724,0.127943576267326,0.46250242432392,0.113277854607276,0.606010693415933,0.457139331987886,0.0800853554942544,0.439461548170995,0.90197352970988,0.264693651322233,0.228756095438961
"PT-BA",0.346325166488771,0.733129332137845,1.34442075127003,0.952573270777566,0.909803639072331,0.973979079197485,0.761679077753357,0.362522215466592,1.08564649722913,0.931508451776056,1.13081972171915,-0.136796809234215,0.741108506376558,0.906754451686993,2.06134413270314,1.79618241114774,1.65700755995433,1.03123743524534,1.01026772129017,0.330021882265433,1.16427956785751,1.05381330996106,0.535806289676127,0.875178699389874,0.987499766353753,0.0452069721848227,1.10082415749549,0.31565215512156,0.799975543541787,0.38422621468237,1.13020145381779,0.39613419267553,2.1323985483709,0.122504508257249,0.466581852577691
"PT-EAM",0.203340664898523,0.191333896841271,0.730962401336385,0.168237543161226,0.433897193069784,0.341269162721605,0.325830756098994,-0.493799135127276,0.320293918043861,-0.359210405761837,0.58947404166365,-0.808347027434269,0.205983318633373,0.713512838769148,1.79618241114774,2.51328132556052,1.23862292382964,0.946094328664174,0.938648818713841,-0.0982688679398123,0.62873256924886,-0.838771154494209,0.49943965507496,0.268709977347513,0.267019497747634,0.106572903275433,0.271151949420444,-0.229034687316559,-0.320538293096436,0.033889400697626,1.50424487921088,-0.0979128817228142,2.64758929314913,-0.320662841870449,0.576615021476371
"PT-ZYGI",0.325493708199486,0.908255114798627,1.09403762173729,1.18301060394005,0.9516554941347,1.0332720195439,0.79449425841493,0.425602968369414,1.14535919146479,1.1770073124636,1.08820758922421,-0.021555813066377,0.776904240765525,0.783862497308114,1.65700755995433,1.23862292382964,1.80316411550587,0.925288942934846,1.05283149934953,0.513118915438638,0.979607018610757,1.46505102113501,0.495116986184254,1.09040813527401,0.950544372262884,0.0447016708918279,1.06272868067218,0.713887050438551,1.19952550433114,0.442685414899052,0.9451939460301,0.438333900090891,1.47508193506484,0.193732824219086,0.305499647580353
"PT-TSP",0.21069280123947,0.359409441688228,0.73478556572033,0.606467904147545,0.675768267047474,0.533868664450308,0.167076657172022,0.248571316188947,0.735230883741652,0.498727923449553,0.637057359046993,0.021268050408859,0.498312341664404,0.556434060155973,1.03123743524534,0.946094328664174,0.925288942934846,1.09976338124766,0.626999077499611,0.260355314075177,0.263572760729852,0.521651093579147,0.236603368980165,0.438776753419118,0.31690109603885,0.072760326307907,0.462905470598443,0.285645296457199,0.436036248204475,0.430884786319005,0.374714662268638,0.379469249402493,1.13810050945526,-0.040721789113266,0.211595694620219
"ZS-ZI",0.193098886939423,0.818287138428083,0.575087662290642,0.837816885327746,0.410497059928206,0.519153182678938,0.565228514958984,-0.447143288641922,0.615906045707118,0.625230023148811,0.77416326879072,-0.180715833679042,0.374258575042401,0.601021182237882,1.01026772129017,0.938648818713841,1.05283149934953,0.626999077499611,1.53876040393237,0.325274945845757,0.714847435467368,0.877612387527622,0.346529092926386,0.53818135185079,0.338527013400099,0.137356189926551,0.415217890389297,0.391522750208622,0.548511984014102,-0.0829799189880544,0.63365144144233,0.196916984757696,1.32159986493086,0.661003069522099,0.152958809093644
"ZI-MT",0.22208004420572,0.789835173052957,0.729229695813884,0.742582028599866,0.477817299582677,0.730784602979688,0.306310999992066,0.438918793185416,0.649858779084365,1.07030489771777,0.665833076415876,0.373005660422258,0.378804214986893,0.116522296574807,0.330021882265433,-0.0982688679398123,0.513118915438638,0.260355314075177,0.325274945845757,0.80557197359752,0.801733849841119,1.45104367093986,0.0158897187680355,0.693709508017144,0.539949832495154,0.0125969764544333,0.611081018229968,0.576031606637224,0.692587054704446,0.193707564345996,0.0696829884080977,0.416830446000556,-0.0825070590584368,0.236041473511978,0.0464767432098534
"ZI-ZYGI",0.463788482476211,1.40341797809475,1.59870797989479,1.19683441591545,0.463290687869923,1.2301922891596,0.918866715565037,0.751917636290827,1.00876880849518,2.34642193964374,1.10663320401075,0.491851656243122,0.857308093870917,0.508095499408994,1.16427956785751,0.62873256924886,0.979607018610757,0.263572760729852,0.714847435467368,0.801733849841119,2.5403513615849,3.00651724039721,0.302518846279438,1.30271322499644,1.17777653177149,0.13150892761675,1.1107433888615,0.455585908992758,0.996115625315938,0.26551766228456,0.644206202726605,0.485286875110844,0.948219492782209,0.604586576361315,0.454821827685346
"ZI-TSP",0.773768771262167,2.31513782214663,2.63204622599135,2.48906875861853,1.26558346192863,2.27326670573593,1.85989135244725,2.04804667289252,2.20572647684693,4.30062688038858,1.84540554608612,1.73408844809343,1.8394902631401,0.909105428254986,1.05381330996106,-0.838771154494209,1.46505102113501,0.521651093579147,0.877612387527622,1.45104367093986,3.00651724039721,6.65877595312712,0.440053521730317,2.25242908132374,1.87747102872856,0.0908654583171097,1.90284780275396,1.70058082769636,2.87874503686339,1.12727220724874,-0.451389676693136,1.42689181896746,-0.220487253149643,1.53151397590381,0.294155526255043
"MT-PNS",0.145239511769258,0.211334293877368,0.411218944428281,0.336765070921005,0.283242792220748,0.23696716956763,0.428391643619679,0.0989254655180361,0.32388671455001,0.0791580140456316,0.2945235403105,-0.0414288365563133,0.306186913124003,0.340286507834035,0.535806289676127,0.49943965507496,0.495116986184254,0.236603368980165,0.346529092926386,0.0158897187680355,0.302518846279438,0.440053521730317,0.319140614701327,0.287452373460918,0.183120033746392,0.0797041599194753,0.241061145642654,0.189326404467991,0.292810275254528,0.159545354407062,0.409519703725245,0.1540458343424,0.619191435420206,0.109563873474635,0.167072504382462
"PNS-APET",0.425664719971023,1.21384438277024,1.11737482461785,1.21056567694066,0.853700143515915,1.13859758496135,0.86463888371095,0.855818906523756,1.13962757241817,1.48073184135065,0.801740590777037,0.2801049693425,0.660562681265138,0.407539317091364,0.875178699389874,0.268709977347513,1.09040813527401,0.438776753419118,0.53818135185079,0.693709508017144,1.30271322499644,2.25242908132374,0.287452373460918,1.6629935988656,0.792207241028227,0.0589756598478261,0.912546076745565,0.876988998819109,1.10278615611458,0.384291990193649,0.857394533354655,0.513951086942731,0.568972449642078,0.48105810851515,0.149964644244266
"APET-BA",0.308276134683008,0.84297947832621,1.09639184406984,0.92009416194636,0.584955199056949,0.877783111340304,0.764127743454789,0.830503177120278,0.96977931369665,1.16339773485748,0.815882288158726,0.273211641741171,0.420515778815878,0.0929916742040724,0.987499766353753,0.267019497747634,0.950544372262884,0.31690109603885,0.338527013400099,0.539949832495154,1.17777653177149,1.87747102872856,0.183120033746392,0.792207241028227,1.32736881269328,-0.0280566170498184,1.0572226591506,0.568240641977228,1.01125867984421,0.240656168219366,0.383886391102323,0.360500986048758,0.471265903814048,0.218761314298898,0.147660038735957
"APET-TS",0.122705341136455,0.0593747875579669,0.285022229179982,0.0440585505310223,0.145145326801008,0.0397090501231484,0.0421975916918983,0.0360342470959812,0.178493467025936,0.0790539210707201,0.131834658722867,0.0474913044327601,0.207257006094854,0.127943576267326,0.0452069721848227,0.106572903275433,0.0447016708918279,0.072760326307907,0.137356189926551,0.0125969764544333,0.13150892761675,0.0908654583171097,0.0797041599194753,0.0589756598478261,-0.0280566170498184,0.332832290121429,-0.0277495818923202,0.00903800582541995,-0.00391262944022538,0.0586509484716789,0.105929763013698,0.0760859852304127,0.0253183769187556,-0.0584389410796994,0.0531499557816149
"BA-EAM",0.288162450718512,0.821433820396739,1.15185059629992,1.11806102208642,0.826399462090644,1.00019874736872,0.569043100751076,0.915425073640651,1.09432508349782,1.75440343152832,1.01497831294121,0.618760785357751,0.848861390194873,0.46250242432392,1.10082415749549,0.271151949420444,1.06272868067218,0.462905470598443,0.415217890389297,0.611081018229968,1.1107433888615,1.90284780275396,0.241061145642654,0.912546076745565,1.0572226591506,-0.0277495818923202,1.26303373088932,0.504334666431189,1.19592964558689,0.501185410112558,0.316254289278504,0.547702031177284,0.473829893681008,0.168132828347987,0.162056570400587
"EAM-ZYGI",0.282113643844097,0.86272860561904,0.694719994360274,0.836663978665352,0.486251835382835,0.680609471547583,0.666941469771692,0.454790309824395,0.679179000806186,0.518714451336009,0.570793996694537,0.232173980643286,0.263925317487189,0.113277854607276,0.31565215512156,-0.229034687316559,0.713887050438551,0.285645296457199,0.391522750208622,0.576031606637224,0.455585908992758,1.70058082769636,0.189326404467991,0.876988998819109,0.568240641977228,0.00903800582541995,0.504334666431189,1.1210692566148,1.06804555154773,0.143080587649611,0.549355074648577,0.234940670639675,-0.0432510298582332,0.430274672685313,0.0275553254067984
"ZYGI-TSP",0.330149448829097,1.04382973271354,1.16466911114059,1.39822666545809,0.910389317346564,1.14051617684951,0.819112370600153,1.0628721617992,1.26459345938453,1.99326285266597,1.10642791733078,0.865047742230668,1.06182194812554,0.606010693415933,0.799975543541787,-0.320538293096436,1.19952550433114,0.436036248204475,0.548511984014102,0.692587054704446,0.996115625315938,2.87874503686339,0.292810275254528,1.10278615611458,1.01125867984421,-0.00391262944022538,1.19592964558689,1.06804555154773,1.88355232094396,0.62602123102076,0.00544788115666613,0.59243963254645,-0.0791126267287899,0.500077648864624,0.124602086743632
"LD-AS",0.219285962779183,0.0906622672602364,0.788874013532656,0.50317327229589,0.691544047082856,0.55616042613485,0.186327179572494,0.815194379706795,0.743943253368556,1.30178029946612,0.46176764882237,0.698781029737473,0.852046440359271,0.457139331987886,0.38422621468237,0.033889400697626,0.442685414899052,0.430884786319005,-0.0829799189880544,0.193707564345996,0.26551766228456,1.12727220724874,0.159545354407062,0.384291990193649,0.240656168219366,0.0586509484716789,0.501185410112558,0.143080587649611,0.62602123102076,1.01600931977346,-0.526199071019467,0.613205225588368,-0.12107613443002,-0.322262329391495,0.207425296956829
"BR-LD",0.145588196740766,0.795773475880946,0.690003293000801,0.611410945807885,0.421127223014615,0.36974501069104,0.782953436213863,-0.32506432414124,0.136006917108843,-1.27980416362069,0.376110729945528,-0.868600021070496,-0.270945000649376,0.0800853554942544,1.13020145381779,1.50424487921088,0.9451939460301,0.374714662268638,0.63365144144233,0.0696829884080977,0.644206202726605,-0.451389676693136,0.409519703725245,0.857394533354655,0.383886391102323,0.105929763013698,0.316254289278504,0.549355074648577,0.00544788115666613,-0.526199071019467,3.69348833531169,-0.687846547354684,2.06365981920163,0.13669230736799,0.259452876726303
"OPI-LD",0.111961343555786,0.342309727978519,0.641692410777494,0.7664625733651,0.653819973186493,0.710274497366815,0.494108842914955,0.682581597427563,0.761213387783478,1.13649052586498,0.411251702640404,0.450979040905678,0.635636180195906,0.439461548170995,0.39613419267553,-0.0979128817228142,0.438333900090891,0.379469249402493,0.196916984757696,0.416830446000556,0.485286875110844,1.42689181896746,0.1540458343424,0.513951086942731,0.360500986048758,0.0760859852304127,0.547702031177284,0.234940670639675,0.59243963254645,0.613205225588368,-0.687846547354684,1.13924392064131,-0.15021677659212,0.265368185242385,-0.225849253697654
"PT-AS",0.253837253790208,0.554467146126164,0.952365115728166,0.575272503287313,0.513599375944587,0.5462262249667,0.659234517267625,-0.488228668593372,0.480722478039933,-0.305643808553167,0.769645107157622,-0.848185813036734,0.319129939077426,0.90197352970988,2.1323985483709,2.64758929314913,1.47508193506484,1.13810050945526,1.32159986493086,-0.0825070590584368,0.948219492782209,-0.220487253149643,0.619191435420206,0.568972449642078,0.471265903814048,0.0253183769187556,0.473829893681008,-0.0432510298582332,-0.0791126267287899,-0.12107613443002,2.06365981920163,-0.15021677659212,3.4144252945562,0.288849045603629,0.606764731410305
"JP-AS",0.0368530615204357,0.77308137654716,0.16066487471662,0.531998549710766,-0.089444076995656,0.262632199857163,0.83912543834703,-0.150661683728113,0.171420090762033,0.290991196805738,0.219712270079568,0.120427171500453,0.131910632531653,0.264693651322233,0.122504508257249,-0.320662841870449,0.193732824219086,-0.040721789113266,0.661003069522099,0.236041473511978,0.604586576361315,1.53151397590381,0.109563873474635,0.48105810851515,0.218761314298898,-0.0584389410796994,0.168132828347987,0.430274672685313,0.500077648864624,-0.322262329391495,0.13669230736799,0.265368185242385,0.288849045603629,1.39787733684975,-0.243911688524654
"BA-OPI",0.198193701708232,0.124863931193235,0.452793381407547,-0.0283161970767101,0.0848786944080322,0.137258888716152,-0.000617405705473717,0.0346962447264043,0.178838363019821,0.28734779114784,0.299544904334881,0.0215758248183062,0.237844686673889,0.228756095438961,0.466581852577691,0.576615021476371,0.305499647580353,0.211595694620219,0.152958809093644,0.0464767432098534,0.454821827685346,0.294155526255043,0.167072504382462,0.149964644244266,0.147660038735957,0.0531499557816149,0.162056570400587,0.0275553254067984,0.124602086743632,0.207425296956829,0.259452876726303,-0.225849253697654,0.606764731410305,-0.243911688524654,0.553484273288836
