"","IS-PM","IS-NLE","IS-PNS","PM-ZS","PM-ZI","PM-MT","NLE-NON","NLE-ZS","NLE-ZI","NON-BR","NON-PNS","BR-PT","BR-APET","PT-APET","PT-BA","PT-EAM","PT-ZYGI","PT-TSP","ZS-ZI","ZI-MT","ZI-ZYGI","ZI-TSP","MT-PNS","PNS-APET","APET-BA","APET-TS","BA-EAM","EAM-ZYGI","ZYGI-TSP","LD-AS","BR-LD","OPI-LD","PT-AS","JP-AS","BA-OPI"
"IS-PM",2.55123750378492,3.52724189392054,4.30327956270741,1.19500656902454,2.04612082084543,1.44978109861791,2.26782439765238,1.6258594691432,2.43838973088412,0.844578087822954,2.15920847660101,2.18682989530109,1.64702304528877,-0.151935078969757,1.28197558235886,0.524862294531829,0.697800818560701,-1.25172102066118,1.0946018282141,0.656492064480681,0.937603077245121,0.472800589878889,0.906764683212622,1.59297408051889,1.37270557749391,0.342389597328496,1.03601921609121,0.989502687456936,0.62541569670895,0.692324135202704,2.66810344339522,0.445958473232034,0.992744721914375,1.3924930137959,0.374053225689268
"IS-NLE",3.52724189392054,15.3095561463679,10.8973505769351,7.6626281879134,7.25788912971407,8.01890249944861,3.31185351642311,3.71346367954749,4.58945892816913,5.00155251923245,6.01319340500033,4.47883179784246,8.82108861339188,3.34777027131007,6.87217537083945,4.7449124052301,6.09165392341153,-1.29036754585167,1.2454407317693,1.56825882537446,3.26445808345402,6.82698804436404,1.27062840932064,6.04485186007137,4.76854393245576,2.81066119416841,2.55854474012581,7.4608499432238,5.7713186798527,0.502510932385972,8.96752342592116,1.97421250771958,4.60741290979755,5.37919065778284,0.601528498545912
"IS-PNS",4.30327956270741,10.8973505769351,22.937307332184,9.31410630321082,11.2280766612642,11.8377676172555,6.12038869487908,6.35432845963244,8.3455826415614,6.25960715189545,12.7253531291888,6.15075891992069,9.42630954093459,2.48628733027827,6.7514226599954,2.35315399537593,7.02236627307593,-2.43257495262792,2.82257176142466,2.67006509021254,5.65353643418513,6.87442708920327,4.19847007279972,-0.655874227658312,7.01450145554747,3.01514015586471,3.560581752116,7.71064051444414,6.6026604550307,4.47624470239345,11.680548649456,4.66291232125465,3.75508606642752,3.33477497226596,1.41589145972689
"PM-ZS",1.19500656902454,7.6626281879134,9.31410630321082,8.49434080708811,7.85089165375824,7.4105543264185,3.74130115183143,5.1748795715837,5.83700240843998,5.80241314090994,7.3093928867932,2.71761594913077,6.80819193068452,3.13850706532929,5.77894967076573,4.09594688394107,5.49071703638202,0.414327548794039,0.914240550949894,1.72843706936067,1.77197372870485,5.55515542838408,2.17384068995185,3.12317236960101,3.91173029318684,2.40559179773399,2.40307881359252,6.20812079886732,5.34631606546778,1.85842523680272,6.18788976486769,3.45232351882283,4.15511471766705,3.1772294255972,0.485655241874777
"PM-ZI",2.04612082084543,7.25788912971407,11.2280766612642,7.85089165375824,11.5270446809445,7.73546828210132,4.47027818676054,6.61996018852373,9.23317811549728,4.19086349995079,7.49795323392214,4.95307811226114,7.55541900626934,2.18677442163859,4.82912856143586,3.553295369638,3.26921489450729,0.0874570217668365,2.45845070457092,3.83129397916927,-1.46566255084234,0.940652263599189,2.24202673523261,3.74017922856512,3.46601240999394,2.4097527536843,2.82197178694862,6.32036926647824,3.09903249249684,4.15217391227797,7.39868362844852,4.19518923228599,3.90118837379887,2.67663849942464,0.990790702460984
"PM-MT",1.44978109861791,8.01890249944861,11.8377676172555,7.4105543264185,7.73546828210132,9.71663214373999,3.86727143083649,3.43970535945718,4.53546168806642,3.77210172294357,7.17624155207004,3.44566943335971,6.85030369160939,2.56968817665081,4.24680057552806,1.90718384114006,4.13734520721169,-0.657488964762605,1.2412430645248,1.38681082542677,2.89987403655657,4.88378733986969,1.13092172915036,0.833613685957102,3.74122785904728,2.68391117649112,2.15715695334248,5.19887620540326,4.18493688600994,1.86806148911207,5.55481232583014,3.98308243688966,2.81329271244108,2.65605485472768,-0.0567694841649501
"NLE-NON",2.26782439765238,3.31185351642311,6.12038869487908,3.74130115183143,4.47027818676054,3.86727143083649,23.28757329742,7.0831522297535,6.71039277065952,-10.1440445296527,4.19132746541607,3.10664158447061,2.96532632416705,-0.315394236025651,0.939103912245145,1.05922223346584,1.63408942880211,-0.290217091330484,-0.313909521717289,-0.450562193470768,2.73093678897634,2.80666574985299,0.581252558060798,3.11433309987197,1.48228640752117,1.94382477685885,0.90684913636847,1.92591332378046,2.19002587939114,6.35180697096522,1.47499938281602,6.94590850806521,-0.603035664870288,2.34925952319545,-0.486646072562303
"NLE-ZS",1.6258594691432,3.71346367954749,6.35432845963244,5.1748795715837,6.61996018852373,3.43970535945718,7.0831522297535,7.46880929291115,7.73150905196514,1.63080233032637,5.54013247170114,3.39064261631194,5.21173906287966,1.41323919957942,3.1691387083572,3.01480926806016,3.78098352801988,0.194256916105281,0.506829670448699,1.6256534155535,-0.390408827823517,2.13831034809943,2.15161583356165,3.15755093495173,2.20773880388633,0.949484473402065,1.54933054993045,3.9811769967829,3.47648136467299,3.21113077058897,6.17735369288497,3.31180190000889,2.07629234721779,2.21549016932302,0.981324179744628
"NLE-ZI",2.43838973088412,4.58945892816913,8.3455826415614,5.83700240843998,9.23317811549728,4.53546168806642,6.71039277065952,7.73150905196514,10.8597186358309,3.57754749739067,7.10164085990031,4.49506642270988,5.88029521139751,1.19301244510583,3.94309036908444,3.34839561801002,3.91945997258001,0.26598632771512,3.25892400680968,3.10141323345912,-0.992861850733375,1.51556134631472,2.71433670443053,4.59689965438882,2.86491310100907,1.36862707676258,3.12280176317255,5.0636901920263,3.53312483049381,4.64631137551669,7.35948159741359,3.82088907655586,2.71149216411191,2.01155340420578,1.87785414642986
"NON-BR",0.844578087822954,5.00155251923245,6.25960715189545,5.80241314090994,4.19086349995079,3.77210172294357,-10.1440445296527,1.63080233032637,3.57754749739067,49.5653285790331,6.6582551863128,2.74656453526209,7.06185360714107,4.85995721262357,2.25138979035284,2.70817923215482,8.22872320420616,0.648253834244688,1.89528496839765,-0.040674993118473,6.77654859218919,13.7849752700728,4.46573005845918,6.33047467679019,2.32575737218289,0.66963035736051,1.13032923585999,5.08166296085459,6.82563608591675,-3.80024030566478,-17.2466330393904,-0.89165182778914,1.3885739980088,3.33650897451245,0.90099316268782
"NON-PNS",2.15920847660101,6.01319340500033,12.7253531291888,7.3093928867932,7.49795323392214,7.17624155207004,4.19132746541607,5.54013247170114,7.10164085990031,6.6582551863128,15.0341145784156,3.82482008452115,9.08550356726396,4.19024677092066,7.23935812796661,4.4155246834943,7.95148122162706,0.55699714092916,2.10311210807992,2.77851277094514,3.13731142045721,6.92994911733992,3.66175874872686,-0.0470566855443381,5.51431980643836,3.29441756146194,4.02910548044243,6.88861316900402,7.62113518617022,3.90487610126452,10.6904633759441,5.40599531806915,5.39912714432913,4.14425772237433,0.931113949887989
"BR-PT",2.18682989530109,4.47883179784246,6.15075891992069,2.71761594913077,4.95307811226114,3.44566943335971,3.10664158447061,3.39064261631194,4.49506642270988,2.74656453526209,3.82482008452115,10.7890531361454,7.73828065495107,-1.81755030433524,1.60184850684979,-0.418503019845272,-1.77381995180366,0.0041309967867929,1.59355131806394,1.55571443844683,1.21749313540373,-2.30761033324752,-0.162405924532977,1.87329637122552,2.62906304732993,0.342170603006253,2.16098747799784,-0.787775911944724,-1.84636460974276,4.70816185093838,8.02723236484739,3.69368885977022,2.3307782305791,1.13031795546519,0.291156364533406
"BR-APET",1.64702304528877,8.82108861339188,9.42630954093459,6.80819193068452,7.55541900626934,6.85030369160939,2.96532632416705,5.21173906287966,5.88029521139751,7.06185360714107,9.08550356726396,7.73828065495107,16.9284924026553,5.35391491663753,6.64671371461127,5.33157009443436,9.54295932396482,1.10613149006377,0.778856737915343,2.97274747596342,3.25283684665971,9.65312690068796,1.6254158837176,4.95512170726423,5.42058824866646,2.90721905503698,3.08977333714475,7.94918852972403,8.87370660579532,6.7059285494989,15.3682913692304,6.61785260370158,2.80982073559699,3.31636659688611,0.969781495777203
"PT-APET",-0.151935078969757,3.34777027131007,2.48628733027827,3.13850706532929,2.18677442163859,2.56968817665081,-0.315394236025651,1.41323919957942,1.19301244510583,4.85995721262357,4.19024677092066,-1.81755030433524,5.35391491663753,5.56931129024632,4.41669561458581,4.22350979615965,6.57979730772686,1.1509068515036,-0.261000059592218,0.955230320908005,0.908648130752649,6.43256888223467,1.5392076396514,1.59554217936791,1.52852897344034,1.8201503823776,0.814755899114219,5.28862869814289,5.81443386850827,0.417142797729052,3.76045804371697,0.705758106295352,1.73156356092725,2.21463560878097,0.678366793008544
"PT-BA",1.28197558235886,6.87217537083945,6.7514226599954,5.77894967076573,4.82912856143586,4.24680057552806,0.939103912245145,3.1691387083572,3.94309036908444,2.25138979035284,7.23935812796661,1.60184850684979,6.64671371461127,4.41669561458581,12.2179652281906,7.89973876753559,6.1326314996832,1.43889213153108,1.3783641995167,2.12793162713881,1.73659776837125,1.84264668903125,2.30100244709727,2.89417763973827,5.25251660326042,2.11543693940758,4.5053382177227,5.97131335787608,4.2290424912902,-0.174530410417277,9.70941220655576,-0.611695906956356,8.69126894543857,4.18195346939639,2.61798108620322
"PT-EAM",0.524862294531829,4.7449124052301,2.35315399537593,4.09594688394107,3.553295369638,1.90718384114006,1.05922223346584,3.01480926806016,3.34839561801002,2.70817923215482,4.4155246834943,-0.418503019845272,5.33157009443436,4.22350979615965,7.89973876753559,7.75590277612001,6.07880277605591,1.88479678809131,0.485372833393439,1.79779205725916,1.15935249524968,2.77121870049706,1.77093110227322,3.87619957371922,2.64248001251113,1.9667797861571,2.28333469324892,5.21050354013076,4.30275840208286,0.270784679010569,6.27472125379864,-0.283348695981697,6.34055624081797,3.21418000091901,1.89600895184865
"PT-ZYGI",0.697800818560701,6.09165392341153,7.02236627307593,5.49071703638202,3.26921489450729,4.13734520721169,1.63408942880211,3.78098352801988,3.91945997258001,8.22872320420616,7.95148122162706,-1.77381995180366,9.54295932396482,6.57979730772686,6.1326314996832,6.07880277605591,16.548880706199,0.314551146616879,0.303865394321211,1.80438477850915,4.75266645078823,17.6563325374394,3.90308037099017,5.27927295832648,4.46528229075192,2.2718503026504,2.31731252798829,12.7516620232215,16.0602301212109,2.96429209965177,9.9937572622342,3.15836632796194,0.45241946259371,2.28463664882012,1.45532324924896
"PT-TSP",-1.25172102066118,-1.29036754585167,-2.43257495262792,0.414327548794039,0.0874570217668365,-0.657488964762605,-0.290217091330484,0.194256916105281,0.26598632771512,0.648253834244688,0.55699714092916,0.0041309967867929,1.10613149006377,1.1509068515036,1.43889213153108,1.88479678809131,0.314551146616879,5.18702854734038,0.0782854736977744,0.416521048465576,-0.444894758818935,0.923023476731924,-0.580058435153183,0.354241597901299,-0.106618718331726,0.784035894973088,0.283550363293532,-0.978479682979203,-0.258686338247696,0.703330037009787,1.63842754960301,-0.669964652233912,1.77370180779721,-0.679011534515387,0.13794069838525
"ZS-ZI",1.0946018282141,1.2454407317693,2.82257176142466,0.914240550949894,2.45845070457092,1.2412430645248,-0.313909521717289,0.506829670448699,3.25892400680968,1.89528496839765,2.10311210807992,1.59355131806394,0.778856737915343,-0.261000059592218,1.3783641995167,0.485372833393439,0.303865394321211,0.0782854736977744,3.11418451987337,0.918114651499415,0.501727423589225,-0.422464038743298,0.961156847130017,1.04438793453848,1.0392902768064,0.0971528533546137,1.72751100699985,0.337696496896632,-0.130038387288639,1.10473407340397,1.97100825358537,0.244322650442504,0.834367748673398,0.0991773148200929,1.3477042950228
"ZI-MT",0.656492064480681,1.56825882537446,2.67006509021254,1.72843706936067,3.83129397916927,1.38681082542677,-0.450562193470768,1.6256534155535,3.10141323345912,-0.040674993118473,2.77851277094514,1.55571443844683,2.97274747596342,0.955230320908005,2.12793162713881,1.79779205725916,1.80438477850915,0.416521048465576,0.918114651499415,4.47497388473427,-3.19349307763358,-0.503303941659154,0.146515267940267,1.8794397921728,0.812812001691977,1.28022014293008,1.65284019913111,5.03961856072604,2.23287428286927,2.8123752891731,4.72114164604279,1.2253558245493,2.82183139303082,0.229046074178129,0.256914068137039
"ZI-ZYGI",0.937603077245121,3.26445808345402,5.65353643418513,1.77197372870485,-1.46566255084234,2.89987403655657,2.73093678897634,-0.390408827823517,-0.992861850733375,6.77654859218919,3.13731142045721,1.21749313540373,3.25283684665971,0.908648130752649,1.73659776837125,1.15935249524968,4.75266645078823,-0.444894758818935,0.501727423589225,-3.19349307763358,15.0381067496958,10.7488252188182,1.85337213651756,2.13630312514156,2.42806857737409,-0.642654554760583,0.805656696048852,-2.62464612811855,3.28171909412811,-0.0951846917102799,-0.780336490192737,1.22945725489518,-0.667390822220898,1.24038997099185,0.737743265298619
"ZI-TSP",0.472800589878889,6.82698804436404,6.87442708920327,5.55515542838408,0.940652263599189,4.88378733986969,2.80666574985299,2.13831034809943,1.51556134631472,13.7849752700728,6.92994911733992,-2.30761033324752,9.65312690068796,6.43256888223467,1.84264668903125,2.77121870049706,17.6563325374394,0.923023476731924,-0.422464038743298,-0.503303941659154,10.7488252188182,28.324563044138,3.84303379079921,7.78778094863763,3.93878583104494,1.58684985605908,0.869387033572569,11.6874449787029,18.900054832834,2.87682794860603,4.0797753081886,4.99113168855616,-4.34579687761124,1.54839251832937,-0.875939123625418
"MT-PNS",0.906764683212622,1.27062840932064,4.19847007279972,2.17384068995185,2.24202673523261,1.13092172915036,0.581252558060798,2.15161583356165,2.71433670443053,4.46573005845918,3.66175874872686,-0.162405924532977,1.6254158837176,1.5392076396514,2.30100244709727,1.77093110227322,3.90308037099017,-0.580058435153183,0.961156847130017,0.146515267940267,1.85337213651756,3.84303379079921,3.67925329292886,0.687583088766844,1.90271218332294,0.202678872722,0.99449000529342,3.09870340387984,3.62250233933256,0.910247829152758,2.3519958643978,0.341735681774161,0.847574743235885,1.04346166240023,0.513954834238628
"PNS-APET",1.59297408051889,6.04485186007137,-0.655874227658312,3.12317236960101,3.74017922856512,0.833613685957102,3.11433309987197,3.15755093495173,4.59689965438882,6.33047467679019,-0.0470566855443381,1.87329637122552,4.95512170726423,1.59554217936791,2.89417763973827,3.87619957371922,5.27927295832648,0.354241597901299,1.04438793453848,1.8794397921728,2.13630312514156,7.78778094863763,0.687583088766844,14.0184036211386,0.63415259283681,-0.385344032608183,2.31912353880673,6.14035254828798,5.31873409763701,1.74244740869699,-0.378836142306335,1.37596833664082,0.340299288319309,1.69349482465637,0.275734557159807
"APET-BA",1.37270557749391,4.76854393245576,7.01450145554747,3.91173029318684,3.46601240999394,3.74122785904728,1.48228640752117,2.20773880388633,2.86491310100907,2.32575737218289,5.51431980643836,2.62906304732993,5.42058824866646,1.52852897344034,5.25251660326042,2.64248001251113,4.46528229075192,-0.106618718331726,1.0392902768064,0.812812001691977,2.42806857737409,3.93878583104494,1.90271218332294,0.63415259283681,5.23962834947285,1.73620461031076,2.50452064681584,4.27221123286723,4.1529098718633,1.54743664286891,5.86930766891829,1.85407869554402,2.6506173858509,2.05136336158266,0.656911962275115
"APET-TS",0.342389597328496,2.81066119416841,3.01514015586471,2.40559179773399,2.4097527536843,2.68391117649112,1.94382477685885,0.949484473402065,1.36862707676258,0.66963035736051,3.29441756146194,0.342170603006253,2.90721905503698,1.8201503823776,2.11543693940758,1.9667797861571,2.2718503026504,0.784035894973088,0.0971528533546137,1.28022014293008,-0.642654554760583,1.58684985605908,0.202678872722,-0.385344032608183,1.73620461031076,2.91938938308636,0.667883065147501,3.59589346519104,2.44872358404356,1.51734642267402,3.1151556906847,1.19423742492631,2.32549303681478,1.26576931895027,-0.0256394498880379
"BA-EAM",1.03601921609121,2.55854474012581,3.560581752116,2.40307881359252,2.82197178694862,2.15715695334248,0.90684913636847,1.54933054993045,3.12280176317255,1.13032923585999,4.02910548044243,2.16098747799784,3.08977333714475,0.814755899114219,4.5053382177227,2.28333469324892,2.31731252798829,0.283550363293532,1.72751100699985,1.65284019913111,0.805656696048852,0.869387033572569,0.99449000529342,2.31912353880673,2.50452064681584,0.667883065147501,3.59535315964057,1.93605483561517,1.80438975267992,1.24527335613321,4.59581312677111,0.876161529752382,2.91021939611981,1.290634428567,0.833335727883533
"EAM-ZYGI",0.989502687456936,7.4608499432238,7.71064051444414,6.20812079886732,6.32036926647824,5.19887620540326,1.92591332378046,3.9811769967829,5.0636901920263,5.08166296085459,6.88861316900402,-0.787775911944724,7.94918852972403,5.28862869814289,5.97131335787608,5.21050354013076,12.7516620232215,-0.978479682979203,0.337696496896632,5.03961856072604,-2.62464612811855,11.6874449787029,3.09870340387984,6.14035254828798,4.27221123286723,3.59589346519104,1.93605483561517,18.9613124368707,14.3524664564844,3.48714984656565,8.19726444655864,2.64471265676133,3.55828892773253,2.46960700309387,0.259972017699215
"ZYGI-TSP",0.62541569670895,5.7713186798527,6.6026604550307,5.34631606546778,3.09903249249684,4.18493688600994,2.19002587939114,3.47648136467299,3.53312483049381,6.82563608591675,7.62113518617022,-1.84636460974276,8.87370660579532,5.81443386850827,4.2290424912902,4.30275840208286,16.0602301212109,-0.258686338247696,-0.130038387288639,2.23287428286927,3.28171909412811,18.900054832834,3.62250233933256,5.31873409763701,4.1529098718633,2.44872358404356,1.80438975267992,14.3524664564844,17.1796760677423,3.66492473354289,9.54950367667403,4.39137225330491,-0.587421612252678,1.90227465920456,0.200711233003022
"LD-AS",0.692324135202704,0.502510932385972,4.47624470239345,1.85842523680272,4.15217391227797,1.86806148911207,6.35180697096522,3.21113077058897,4.64631137551669,-3.80024030566478,3.90487610126452,4.70816185093838,6.7059285494989,0.417142797729052,-0.174530410417277,0.270784679010569,2.96429209965177,0.703330037009787,1.10473407340397,2.8123752891731,-0.0951846917102799,2.87682794860603,0.910247829152758,1.74244740869699,1.54743664286891,1.51734642267402,1.24527335613321,3.48714984656565,3.66492473354289,10.4612110454938,10.0379535953208,6.22875043711799,-1.49844654350534,-2.17246072952416,-0.166959222806772
"BR-LD",2.66810344339522,8.96752342592116,11.680548649456,6.18788976486769,7.39868362844852,5.55481232583014,1.47499938281602,6.17735369288497,7.35948159741359,-17.2466330393904,10.6904633759441,8.02723236484739,15.3682913692304,3.76045804371697,9.70941220655576,6.27472125379864,9.9937572622342,1.63842754960301,1.97100825358537,4.72114164604279,-0.780336490192737,4.0797753081886,2.3519958643978,-0.378836142306335,5.86930766891829,3.1151556906847,4.59581312677111,8.19726444655864,9.54950367667403,10.0379535953208,48.0797499289908,3.85822109971911,6.8934043937809,1.93428421607789,3.00260837508874
"OPI-LD",0.445958473232034,1.97421250771958,4.66291232125465,3.45232351882283,4.19518923228599,3.98308243688966,6.94590850806521,3.31180190000889,3.82088907655586,-0.89165182778914,5.40599531806915,3.69368885977022,6.61785260370158,0.705758106295352,-0.611695906956356,-0.283348695981697,3.15836632796194,-0.669964652233912,0.244322650442504,1.2253558245493,1.22945725489518,4.99113168855616,0.341735681774161,1.37596833664082,1.85407869554402,1.19423742492631,0.876161529752382,2.64471265676133,4.39137225330491,6.22875043711799,3.85822109971911,10.0624823676012,-1.85278953409407,1.55292539305638,-1.59026624707455
"PT-AS",0.992744721914375,4.60741290979755,3.75508606642752,4.15511471766705,3.90118837379887,2.81329271244108,-0.603035664870288,2.07629234721779,2.71149216411191,1.3885739980088,5.39912714432913,2.3307782305791,2.80982073559699,1.73156356092725,8.69126894543857,6.34055624081797,0.45241946259371,1.77370180779721,0.834367748673398,2.82183139303082,-0.667390822220898,-4.34579687761124,0.847574743235885,0.340299288319309,2.6506173858509,2.32549303681478,2.91021939611981,3.55828892773253,-0.587421612252678,-1.49844654350534,6.8934043937809,-1.85278953409407,12.4231681194956,4.06067804108659,1.97724088907783
"JP-AS",1.3924930137959,5.37919065778284,3.33477497226596,3.1772294255972,2.67663849942464,2.65605485472768,2.34925952319545,2.21549016932302,2.01155340420578,3.33650897451245,4.14425772237433,1.13031795546519,3.31636659688611,2.21463560878097,4.18195346939639,3.21418000091901,2.28463664882012,-0.679011534515387,0.0991773148200929,0.229046074178129,1.24038997099185,1.54839251832937,1.04346166240023,1.69349482465637,2.05136336158266,1.26576931895027,1.290634428567,2.46960700309387,1.90227465920456,-2.17246072952416,1.93428421607789,1.55292539305638,4.06067804108659,6.32517469118151,0.318234351648461
"BA-OPI",0.374053225689268,0.601528498545912,1.41589145972689,0.485655241874777,0.990790702460984,-0.0567694841649501,-0.486646072562303,0.981324179744628,1.87785414642986,0.90099316268782,0.931113949887989,0.291156364533406,0.969781495777203,0.678366793008544,2.61798108620322,1.89600895184865,1.45532324924896,0.13794069838525,1.3477042950228,0.256914068137039,0.737743265298619,-0.875939123625418,0.513954834238628,0.275734557159807,0.656911962275115,-0.0256394498880379,0.833335727883533,0.259972017699215,0.200711233003022,-0.166959222806772,3.00260837508874,-1.59026624707455,1.97724088907783,0.318234351648461,3.06986740483132
