"","IS-PM","IS-NLE","IS-PNS","PM-ZS","PM-ZI","PM-MT","NLE-NON","NLE-ZS","NLE-ZI","NON-BR","NON-PNS","BR-PT","BR-APET","PT-APET","PT-BA","PT-EAM","PT-ZYGI","PT-TSP","ZS-ZI","ZI-MT","ZI-ZYGI","ZI-TSP","MT-PNS","PNS-APET","APET-BA","APET-TS","BA-EAM","EAM-ZYGI","ZYGI-TSP","LD-AS","BR-LD","OPI-LD","PT-AS","JP-AS","BA-OPI"
"IS-PM",0.199672249204033,0.0861469633551023,0.368241376013589,0.11235313050279,0.0788380998054255,0.121857829778642,0.337682185440976,0.278667483338038,0.236342982160861,0.23791019854901,0.0814135593215517,0.0510308123418087,0.0803143864762564,0.0374145545547566,0.112915643401496,0.0278195089571939,0.0613130246668145,0.0695204354620846,-0.0447818450998562,-0.0105445665217926,0.141864100598615,0.278239084158308,0.0433238671763294,0.189902224554294,0.0402719871503601,-0.0141151955475499,0.102271685862762,0.0680502181021098,0.0890870047399611,-0.0150256305188912,0.158226800437724,0.0885331931112769,0.053819655067315,0.0474313675174953,-0.016754845354832
"IS-NLE",0.0861469633551023,0.267792278227472,0.256401826343434,0.18545521943583,0.162927587456569,0.172708463697448,0.255044096465934,0.193910771937257,0.188763061251858,0.162030431642976,0.0305030057603868,0.0791359817151172,0.0705434146762488,0.0281986443206287,0.116323191128931,0.00862314183429562,0.107893825831258,0.0748990715412109,-0.032469107131575,0.0387059123488727,0.122922453846605,0.276904138464903,0.0528075069445693,0.114156568357523,0.152379056079501,0.00968610691872469,0.164495330258194,-0.0341082575785266,0.128920346211345,0.140427243802017,-0.0768567422770833,0.15826527314028,0.0784247558960557,0.0408429283066905,-0.0935654014734998
"IS-PNS",0.368241376013589,0.256401826343434,1.88513993269929,0.46001245138078,0.714762023052972,0.629048581613699,1.12017464903441,0.849208675391267,0.961541918472187,0.764678100948118,0.854736351993882,0.0912388835055407,0.301075746885714,0.237067333802118,0.472216636960471,0.139375741582478,0.293833549137425,0.0512015567277635,0.0333557768849124,0.223888831367479,0.327590085276482,0.566707517308446,0.693370058746439,-0.133531597865908,0.231300549825923,0.0551681217568144,0.356766678172404,0.277416800321264,0.32785132978466,0.303150940793144,0.131611483752618,0.257434903632135,0.0686720176567582,0.0336232230924988,0.047276891135689
"PM-ZS",0.11235313050279,0.18545521943583,0.46001245138078,0.668060775379977,0.668897030128905,0.503152835660485,0.780976103182348,0.816645811070477,0.837673140216707,0.508915175254304,0.11187307862891,-0.0504003250924978,0.20672495071889,0.132352123036755,0.252582960061392,0.118823631185779,0.326681511437593,0.199314160535239,0.00514958400688364,0.120515610197389,0.164259754820566,0.539209094790388,-0.0653533519494039,0.544024263461406,0.231563541550573,-0.036702152748531,0.229073626077316,0.0825954600656744,0.306004627645892,0.328315808241301,0.186583299092956,0.0476774006183447,-0.012753194623088,-0.0420099153365667,0.172452240682962
"PM-ZI",0.0788380998054255,0.162927587456569,0.714762023052972,0.668897030128905,1.89363132243523,0.722443430458504,0.690225233388237,0.845798201005343,1.92018601788622,0.432327666465638,0.344000697223955,-0.105371234095953,0.167825383200736,0.149806247240692,0.210308654415048,0.0230633934432243,0.509704458088666,0.140727953903059,0.882263505460941,0.448998196792941,-0.909111655018473,-0.378805922624144,0.0781976599702492,0.321092696619286,0.320924697723986,-0.161222503260593,0.259234399556432,-0.0580551381531092,0.406837738915986,0.300779370811685,-0.139907087765137,0.221709952810752,-0.107489933686408,-0.184957948517517,-0.0409265120702125
"PM-MT",0.121857829778642,0.172708463697448,0.629048581613699,0.503152835660485,0.722443430458504,0.613501693346039,0.709256572859684,0.632638756094328,0.815312466587161,0.4347583373271,0.166424791907865,-0.0319192776150264,0.140597582608331,0.13855899804744,0.251459536721121,0.128368492392328,0.276422167672768,0.173090135333957,0.130337396590517,0.186082380052771,0.0169850223782361,0.326413476316676,-0.0591865301112505,0.277571708613713,0.22294723822676,-0.0570816028623897,0.218706785193144,-0.00735151526138409,0.250736299244145,0.256925908869433,0.10654338143976,0.0854834118098396,0.0391761139570491,-0.0200115847513868,0.0428984947873806
"NLE-NON",0.337682185440976,0.255044096465934,1.12017464903441,0.780976103182348,0.690225233388237,0.709256572859684,2.15301928423282,1.14505270934686,1.01646584733019,0.01074810374913,-0.0838388858942641,-0.0210481359839554,0.30861598070724,0.302051334355634,0.590958739142348,0.348923973459746,0.46267926539844,0.269177151935632,-0.157455503284739,0.13875055822119,0.551612035318542,0.933559597042868,0.126922769683438,0.597408870294475,0.3873160073545,0.0301882224568515,0.385132767193459,0.234432309823521,0.441330368831802,0.343840624958581,0.504178640795122,0.0741618398103583,0.270265897974978,-0.0282959292114648,0.156829884086505
"NLE-ZS",0.278667483338038,0.193910771937257,0.849208675391267,0.816645811070477,0.845798201005343,0.632638756094328,1.14505270934686,1.32383408845054,1.27446444576823,0.958076607746174,0.362003851948139,0.0349475948225326,0.348655377056297,0.188240316494741,0.426361220991645,0.17191220052799,0.390776210846319,0.258244505218983,-0.102761859170149,0.136092196520482,0.295125043730788,0.780601387379575,0.0480318418755687,0.802741856213525,0.301908773640625,-0.0406329566046509,0.341842154041031,0.238768986832991,0.377989259566493,0.436601075143329,0.295697259679179,0.147604586578197,-0.0234312607555123,-0.0627873540354293,0.276527256366606
"NLE-ZI",0.236342982160861,0.188763061251858,0.961541918472187,0.837673140216707,1.92018601788622,0.815312466587161,1.01646584733019,1.27446444576823,2.23960491824763,0.794398364655997,0.510162976875379,-0.0604317068859985,0.329825704010764,0.202290128032954,0.328672424129122,0.119838836937922,0.597653345127125,0.21340036248207,0.790750966962588,0.441456386677658,-0.693620158690446,-0.0143217252450636,0.0909432025528167,0.631686474653878,0.352714610236319,-0.20139092654951,0.302796514917201,0.110088534044598,0.496146624666106,0.357586600721853,0.00423459842908187,0.281642800782806,-0.127630816091586,-0.172494843114928,0.0441130207670276
"NON-BR",0.23791019854901,0.162030431642976,0.764678100948118,0.508915175254304,0.432327666465638,0.4347583373271,0.01074810374913,0.958076607746174,0.794398364655997,2.64212187828516,0.669073670010386,0.342436354760224,0.125243739967551,-0.015350223024232,0.186937093665284,-0.097270280202142,0.0546707312344706,0.218478396754797,-0.184685829617943,0.0270571654517213,0.512732701208984,1.03084369314679,0.132046504647444,0.842566202471286,0.0980766589073037,-0.134766835110793,0.268693106505393,0.211473187777918,0.158665437560677,0.220089850032937,-0.420598833132239,0.121448106997522,-0.150818946642184,0.0741921046643912,0.270505601168809
"NON-PNS",0.0814135593215517,0.0305030057603868,0.854736351993882,0.11187307862891,0.344000697223955,0.166424791907865,-0.0838388858942641,0.362003851948139,0.510162976875379,0.669073670010386,0.94135231621223,0.0417101785548477,0.27923301258542,0.0913423305084435,0.151171278342853,0.062380677536701,0.118597123948659,-0.126411275215022,0.0985407327444142,0.181798699982985,0.0380443340636254,-0.00456795058991446,0.485148425352237,-0.25925005118142,0.0464408326001206,0.0741294897762275,0.0679046899804134,0.294166320374883,0.12012593381322,0.211051665238044,0.00250063079777282,0.308744244450569,-0.0759424525779508,-0.0239555358070536,0.0359245684912212
"BR-PT",0.0510308123418087,0.0791359817151172,0.0912388835055407,-0.0504003250924978,-0.105371234095953,-0.0319192776150264,-0.0210481359839554,0.0349475948225326,-0.0604317068859985,0.342436354760224,0.0417101785548477,0.420803572358693,0.0729544695999515,-0.138558540848426,-0.00781974041144582,-0.150292462822979,-0.195471939486043,0.0591516146368429,-0.118706925888899,0.00282549953047031,0.141693899913532,0.132943227024053,0.0818203158052863,0.022895816261008,0.0334415902028726,0.0304974579776153,0.124530228564416,0.0336218292878896,-0.0902645514102953,0.0837700689724207,-0.0298700218193591,0.0225349094315999,0.057082973221535,0.0321506000388431,0.087409833470792
"BR-APET",0.0803143864762564,0.0705434146762488,0.301075746885714,0.20672495071889,0.167825383200736,0.140597582608331,0.30861598070724,0.348655377056297,0.329825704010764,0.125243739967551,0.27923301258542,0.0729544695999515,0.361557248487033,0.127619903447518,0.19271868117522,0.160207300028254,0.129949615863268,0.0415026195823688,-0.0340239891118083,0.100614029004524,0.194788960422976,0.260418119561225,0.108638608508848,0.188760461960768,0.0989865502636408,0.108280756559818,0.0788293963220354,0.324317542877485,0.164133593297685,0.210232115273878,0.3162459578253,0.273574337802556,0.059379991406524,-0.0366851603241407,0.0394942595086967
"PT-APET",0.0374145545547566,0.0281986443206287,0.237067333802118,0.132352123036755,0.149806247240692,0.13855899804744,0.302051334355634,0.188240316494741,0.202290128032954,-0.015350223024232,0.0913423305084435,-0.138558540848426,0.127619903447518,0.325209175084625,0.320397274094477,0.273741706422039,0.183308308123285,0.0321334159386217,-0.00408352000741611,0.0256831082835768,0.131406415473751,0.0109128881779806,0.0336953773590523,0.0611593991206152,0.0644046163282505,0.108916870907249,0.0799523741240351,-0.0252176503813238,0.0673717621946728,0.11206737163888,0.007322068281346,0.11969531926746,0.111285060088666,-0.0498206182366372,-0.0629221997841067
"PT-BA",0.112915643401496,0.116323191128931,0.472216636960471,0.252582960061392,0.210308654415048,0.251459536721121,0.590958739142348,0.426361220991645,0.328672424129122,0.186937093665284,0.151171278342853,-0.00781974041144582,0.19271868117522,0.320397274094477,0.690714480281617,0.365382060456414,0.220614409515104,0.0555031384118535,-0.148367376414178,0.127754464077001,0.419359385161567,0.166519658426558,0.0456893488796943,0.205982511927862,0.433935872645508,0.158430299329505,0.360787186156001,0.0729984956356692,0.0797410404626224,0.313448963430626,0.0640482394155198,0.483740439502375,0.202872037564629,0.0616788454079071,-0.23202111436848
"PT-EAM",0.0278195089571939,0.00862314183429562,0.139375741582478,0.118823631185779,0.0230633934432243,0.128368492392328,0.348923973459746,0.17191220052799,0.119838836937922,-0.097270280202142,0.062380677536701,-0.150292462822979,0.160207300028254,0.273741706422039,0.365382060456414,0.502526575236321,0.255118143018826,0.0178765144068695,-0.047701014603147,0.0846270574915075,0.257393080256388,-0.0159333301403922,-0.0197533060452617,0.0542084146087117,0.138548451231634,0.0644494504675513,-0.00804325513723557,0.1111090078681,0.0546606266286752,0.122537558164648,0.0219420597658516,0.32091107841224,0.180349252261578,-0.0310592748022596,-0.228919076124601
"PT-ZYGI",0.0613130246668145,0.107893825831258,0.293833549137425,0.326681511437593,0.509704458088666,0.276422167672768,0.46267926539844,0.390776210846319,0.597653345127125,0.0546707312344706,0.118597123948659,-0.195471939486043,0.129949615863268,0.183308308123285,0.220614409515104,0.255118143018826,0.560809970281075,0.0487062359210993,0.185205697678757,0.18894821541086,0.00166967874023587,0.222784362191349,0.0591916828980327,0.267788780214016,0.184132715143981,-0.0270478313864097,0.0680489655276872,0.249150795270068,0.43925280255246,0.206530792512058,0.0289358973375613,0.305932674837369,0.0864693947093192,-0.0953568040370807,-0.101801016000966
"PT-TSP",0.0695204354620846,0.0748990715412109,0.0512015567277635,0.199314160535239,0.140727953903059,0.173090135333957,0.269177151935632,0.258244505218983,0.21340036248207,0.218478396754797,-0.126411275215022,0.0591516146368429,0.0415026195823688,0.0321334159386217,0.0555031384118535,0.0178765144068695,0.0487062359210993,0.294114512340344,-0.0374531425857826,-0.0737917948951359,0.0707247867565313,0.361588456414634,-0.0579896893701774,0.272025627471356,0.0312628312789012,-0.0301309656611559,0.0564587690581824,-0.0165336182155255,0.0620194724155895,0.051289131075935,0.0836589686658933,-0.0918101880853659,0.107311412614385,0.0139830257293363,0.100546310362018
"ZS-ZI",-0.0447818450998562,-0.032469107131575,0.0333557768849124,0.00514958400688364,0.882263505460941,0.130337396590517,-0.157455503284739,-0.102761859170149,0.790750966962588,-0.184685829617943,0.0985407327444142,-0.118706925888899,-0.0340239891118083,-0.00408352000741611,-0.148367376414178,-0.047701014603147,0.185205697678757,-0.0374531425857826,0.818164399500118,0.247691544518704,-0.874022712539513,-0.686389942290138,0.00389182425901219,-0.159871849691084,-0.00997988857218316,-0.168181091889065,-0.0912315872359398,-0.121480418110239,0.100941016270088,-0.13580456487218,-0.221409427693965,0.050682127405308,-0.0987753490485711,-0.0931107530648749,-0.193112770466676
"ZI-MT",-0.0105445665217926,0.0387059123488727,0.223888831367479,0.120515610197389,0.448998196792941,0.186082380052771,0.13875055822119,0.136092196520482,0.441456386677658,0.0270571654517213,0.181798699982985,0.00282549953047031,0.100614029004524,0.0256831082835768,0.127754464077001,0.0846270574915075,0.18894821541086,-0.0737917948951359,0.247691544518704,0.302928118910009,-0.166914392963982,-0.192405304344074,0.0101300056685461,-0.0163603770142142,0.182044295118552,-0.0249750446253877,0.0826173065286745,0.147409607805764,0.141177909674632,0.122856117760571,-0.0248987273895231,0.283892884760744,0.0162727216915141,-0.0437714873694397,-0.141318320140805
"ZI-ZYGI",0.141864100598615,0.122922453846605,0.327590085276482,0.164259754820566,-0.909111655018473,0.0169850223782361,0.551612035318542,0.295125043730788,-0.693620158690446,0.512732701208984,0.0380443340636254,0.141693899913532,0.194788960422976,0.131406415473751,0.419359385161567,0.257393080256388,0.00166967874023587,0.0707247867565313,-0.874022712539513,-0.166914392963982,1.55428712123956,1.26265311159116,0.066499640163619,0.420739474733732,0.226864473009196,0.220572104234847,0.252358726970728,0.23069082130871,0.0350312576198922,0.312699004308279,0.19991912333367,0.186824787029919,0.170300457175308,0.249869292221825,0.138739334192584
"ZI-TSP",0.278239084158308,0.276904138464903,0.566707517308446,0.539209094790388,-0.378805922624144,0.326413476316676,0.933559597042868,0.780601387379575,-0.0143217252450636,1.03084369314679,-0.00456795058991446,0.132943227024053,0.260418119561225,0.0109128881779806,0.166519658426558,-0.0159333301403922,0.222784362191349,0.361588456414634,-0.686389942290138,-0.192405304344074,1.26265311159116,2.12657180716425,0.109062010886288,1.0718468798169,0.173982918980983,-0.00622855272027925,0.212075531427547,0.662409769527981,0.535555035731581,0.316349101756241,0.27332789627362,0.0607694431373067,-0.0239440596547861,0.187365123930328,0.3571033775718
"MT-PNS",0.0433238671763294,0.0528075069445693,0.693370058746439,-0.0653533519494039,0.0781976599702492,-0.0591865301112505,0.126922769683438,0.0480318418755687,0.0909432025528167,0.132046504647444,0.485148425352237,0.0818203158052863,0.108638608508848,0.0336953773590523,0.0456893488796943,-0.0197533060452617,0.0591916828980327,-0.0579896893701774,0.00389182425901219,0.0101300056685461,0.066499640163619,0.109062010886288,0.675268836091412,-0.370715672100337,0.000920413107614018,0.0784729134369469,0.00924603987341063,0.290450243967563,0.111228222769267,0.0785631346164438,-0.171497239631044,0.133743880190579,0.018958980112953,-0.043389904349307,0.00541840584768532
"PNS-APET",0.189902224554294,0.114156568357523,-0.133531597865908,0.544024263461406,0.321092696619286,0.277571708613713,0.597408870294475,0.802741856213525,0.631686474653878,0.842566202471286,-0.25925005118142,0.022895816261008,0.188760461960768,0.0611593991206152,0.205982511927862,0.0542084146087117,0.267788780214016,0.272025627471356,-0.159871849691084,-0.0163603770142142,0.420739474733732,1.0718468798169,-0.370715672100337,1.4227843976474,0.20662888795069,-0.0756920632591254,0.195561187869427,0.422393454463676,0.407801844158556,0.208217885273708,0.177496672321174,0.190378773013494,-0.0727443351480277,0.0299251792840932,0.121089519989985
"APET-BA",0.0402719871503601,0.152379056079501,0.231300549825923,0.231563541550573,0.320924697723986,0.22294723822676,0.3873160073545,0.301908773640625,0.352714610236319,0.0980766589073037,0.0464408326001206,0.0334415902028726,0.0989865502636408,0.0644046163282505,0.433935872645508,0.138548451231634,0.184132715143981,0.0312628312789012,-0.00997988857218316,0.182044295118552,0.226864473009196,0.173982918980983,0.000920413107614018,0.20662888795069,0.509693553118818,0.0346345132125086,0.334464477271013,0.0852705939200839,0.131387894620848,0.291774463663111,-0.0662675644958417,0.491351597931499,0.0764032955273616,0.10179516391045,-0.260221639522356
"APET-TS",-0.0141151955475499,0.00968610691872469,0.0551681217568144,-0.036702152748531,-0.161222503260593,-0.0570816028623897,0.0301882224568515,-0.0406329566046509,-0.20139092654951,-0.134766835110793,0.0741294897762275,0.0304974579776153,0.108280756559818,0.108916870907249,0.158430299329505,0.0644494504675513,-0.0270478313864097,-0.0301309656611559,-0.168181091889065,-0.0249750446253877,0.220572104234847,-0.00622855272027925,0.0784729134369469,-0.0756920632591254,0.0346345132125086,0.221848610851144,0.101740163160257,0.0135870778459226,-0.0413387990320704,0.122961432760903,0.194618224136141,0.106080192601205,0.123213117933455,-0.00315405585160048,0.0252884533553045
"BA-EAM",0.102271685862762,0.164495330258194,0.356766678172404,0.229073626077316,0.259234399556432,0.218706785193144,0.385132767193459,0.341842154041031,0.302796514917201,0.268693106505393,0.0679046899804134,0.124530228564416,0.0788293963220354,0.0799523741240351,0.360787186156001,-0.00804325513723557,0.0680489655276872,0.0564587690581824,-0.0912315872359398,0.0826173065286745,0.252358726970728,0.212075531427547,0.00924603987341063,0.195561187869427,0.334464477271013,0.101740163160257,0.394608645517863,-0.117748292123286,0.0576458777995492,0.231349164808856,0.0703201199181722,0.184202487253455,0.0819159477550395,0.0834169081009956,-0.0246773980588644
"EAM-ZYGI",0.0680502181021098,-0.0341082575785266,0.277416800321264,0.0825954600656744,-0.0580551381531092,-0.00735151526138409,0.234432309823521,0.238768986832991,0.110088534044598,0.211473187777918,0.294166320374883,0.0336218292878896,0.324317542877485,-0.0252176503813238,0.0729984956356692,0.1111090078681,0.249150795270068,-0.0165336182155255,-0.121480418110239,0.147409607805764,0.23069082130871,0.662409769527981,0.290450243967563,0.422393454463676,0.0852705939200839,0.0135870778459226,-0.117748292123286,1.17679524827928,0.477828140997879,0.122919845636766,0.231880222331982,0.620187384930175,0.0148998924813359,-0.0512712177863336,-0.10599197638458
"ZYGI-TSP",0.0890870047399611,0.128920346211345,0.32785132978466,0.306004627645892,0.406837738915986,0.250736299244145,0.441330368831802,0.377989259566493,0.496146624666106,0.158665437560677,0.12012593381322,-0.0902645514102953,0.164133593297685,0.0673717621946728,0.0797410404626224,0.0546606266286752,0.43925280255246,0.0620194724155895,0.100941016270088,0.141177909674632,0.0350312576198922,0.535555035731581,0.111228222769267,0.407801844158556,0.131387894620848,-0.0413387990320704,0.0576458777995492,0.477828140997879,0.525244867409826,0.180319003599067,0.114520531446014,0.252502070582981,0.00674606135468481,-0.0679663484014836,0.00924236223912524
"LD-AS",-0.0150256305188912,0.140427243802017,0.303150940793144,0.328315808241301,0.300779370811685,0.256925908869433,0.343840624958581,0.436601075143329,0.357586600721853,0.220089850032937,0.211051665238044,0.0837700689724207,0.210232115273878,0.11206737163888,0.313448963430626,0.122537558164648,0.206530792512058,0.051289131075935,-0.13580456487218,0.122856117760571,0.312699004308279,0.316349101756241,0.0785631346164438,0.208217885273708,0.291774463663111,0.122961432760903,0.231349164808856,0.122919845636766,0.180319003599067,0.623349721448893,-0.029345875527809,0.308210510174678,-0.049380612687746,0.0735306764399891,0.148025115678914
"BR-LD",0.158226800437724,-0.0768567422770833,0.131611483752618,0.186583299092956,-0.139907087765137,0.10654338143976,0.504178640795122,0.295697259679179,0.00423459842908187,-0.420598833132239,0.00250063079777282,-0.0298700218193591,0.3162459578253,0.007322068281346,0.0640482394155198,0.0219420597658516,0.0289358973375613,0.0836589686658933,-0.221409427693965,-0.0248987273895231,0.19991912333367,0.27332789627362,-0.171497239631044,0.177496672321174,-0.0662675644958417,0.194618224136141,0.0703201199181722,0.231880222331982,0.114520531446014,-0.029345875527809,1.540871420888,-0.327888279270731,0.239360361755209,-0.0600450677604597,0.369657615520931
"OPI-LD",0.0885331931112769,0.15826527314028,0.257434903632135,0.0476774006183447,0.221709952810752,0.0854834118098396,0.0741618398103583,0.147604586578197,0.281642800782806,0.121448106997522,0.308744244450569,0.0225349094315999,0.273574337802556,0.11969531926746,0.483740439502375,0.32091107841224,0.305932674837369,-0.0918101880853659,0.050682127405308,0.283892884760744,0.186824787029919,0.0607694431373067,0.133743880190579,0.190378773013494,0.491351597931499,0.106080192601205,0.184202487253455,0.620187384930175,0.252502070582981,0.308210510174678,-0.327888279270731,1.5497578686064,0.0892472652793092,0.11073180985715,-0.804499233230754
"PT-AS",0.053819655067315,0.0784247558960557,0.0686720176567582,-0.012753194623088,-0.107489933686408,0.0391761139570491,0.270265897974978,-0.0234312607555123,-0.127630816091586,-0.150818946642184,-0.0759424525779508,0.057082973221535,0.059379991406524,0.111285060088666,0.202872037564629,0.180349252261578,0.0864693947093192,0.107311412614385,-0.0987753490485711,0.0162727216915141,0.170300457175308,-0.0239440596547861,0.018958980112953,-0.0727443351480277,0.0764032955273616,0.123213117933455,0.0819159477550395,0.0148998924813359,0.00674606135468481,-0.049380612687746,0.239360361755209,0.0892472652793092,0.501385795713075,0.00323762120038293,-0.132959745134093
"JP-AS",0.0474313675174953,0.0408429283066905,0.0336232230924988,-0.0420099153365667,-0.184957948517517,-0.0200115847513868,-0.0282959292114648,-0.0627873540354293,-0.172494843114928,0.0741921046643912,-0.0239555358070536,0.0321506000388431,-0.0366851603241407,-0.0498206182366372,0.0616788454079071,-0.0310592748022596,-0.0953568040370807,0.0139830257293363,-0.0931107530648749,-0.0437714873694397,0.249869292221825,0.187365123930328,-0.043389904349307,0.0299251792840932,0.10179516391045,-0.00315405585160048,0.0834169081009956,-0.0512712177863336,-0.0679663484014836,0.0735306764399891,-0.0600450677604597,0.11073180985715,0.00323762120038293,0.273263919276617,0.0028762681997841
"BA-OPI",-0.016754845354832,-0.0935654014734998,0.047276891135689,0.172452240682962,-0.0409265120702125,0.0428984947873806,0.156829884086505,0.276527256366606,0.0441130207670276,0.270505601168809,0.0359245684912212,0.087409833470792,0.0394942595086967,-0.0629221997841067,-0.23202111436848,-0.228919076124601,-0.101801016000966,0.100546310362018,-0.193112770466676,-0.141318320140805,0.138739334192584,0.3571033775718,0.00541840584768532,0.121089519989985,-0.260221639522356,0.0252884533553045,-0.0246773980588644,-0.10599197638458,0.00924236223912524,0.148025115678914,0.369657615520931,-0.804499233230754,-0.132959745134093,0.0028762681997841,0.829343881211777
