"","IS-PM","IS-NLE","IS-PNS","PM-ZS","PM-ZI","PM-MT","NLE-NON","NLE-ZS","NLE-ZI","NON-BR","NON-PNS","BR-PT","BR-APET","PT-APET","PT-BA","PT-EAM","PT-ZYGI","PT-TSP","ZS-ZI","ZI-MT","ZI-ZYGI","ZI-TSP","MT-PNS","PNS-APET","APET-BA","APET-TS","BA-EAM","EAM-ZYGI","ZYGI-TSP","LD-AS","BR-LD","OPI-LD","PT-AS","JP-AS","BA-OPI"
"IS-PM",1.54349737143488,2.12938511514269,2.67680389156905,0.966359180858712,0.913594211123082,0.304736778803732,-0.771161221278455,1.65873946993293,1.62208232568058,0.928283289061953,2.17176500311819,0.26590662066906,0.340118200569544,0.791291149922808,1.45478647655468,0.122745581308622,0.834580771463232,0.312974075664703,0.0789603414632424,1.09346411648133,1.53813592763531,2.1097309208232,1.21424789503782,1.74372661252737,0.560033260267669,-0.522700206940516,1.62122972291524,0.863202813135619,0.643148505507983,0.823644156549764,1.70116773363295,0.223139469427286,1.34292080836668,0.859305383043713,0.574378521322739
"IS-NLE",2.12938511514269,5.61235178063155,5.26778042678424,2.7011155348051,2.25839469995473,1.85853306068268,-2.09399944553156,3.27491126480792,2.83530219892381,2.05092337665721,4.22372404735653,0.619918799336738,0.676025508139281,1.44039742339725,2.54638127447848,0.500238033103119,1.73092812949655,0.524468992509439,-0.149907311854788,2.31580933366716,3.53475368404224,4.42744973516639,1.98025351780623,3.2290796546269,0.905021611331561,-0.490065191442251,2.64300022982817,1.52869655168183,1.39806404382882,1.31152893798014,1.86510163586062,0.751870850758742,2.61624258221363,1.42721182920931,0.92752261690988
"IS-PNS",2.67680389156905,5.26778042678424,7.33231264209245,2.68275666150075,2.84818774957448,1.7204550469592,-2.1894688467459,3.73874210648613,3.84965823641267,1.48195602138738,5.42708017972758,0.707157200883307,0.848814244290563,1.65898155866278,3.18503828945207,-0.146083959542833,1.61621549713435,0.443035100883263,0.431737343202695,2.7688568550864,3.61161223552299,4.89844905300927,3.03383985340853,2.82276869641211,1.39621771448903,-0.660970930920239,3.80722418580836,1.41883069689203,1.3414094490959,1.92465867176781,4.13085273395842,0.752422461404572,2.66956464294974,1.99715760912158,1.31114060022011
"PM-ZS",0.966359180858712,2.7011155348051,2.68275666150075,2.20226346172156,1.88167111875514,1.26280652210516,-0.623396570924803,2.39845126234176,1.95085037926206,1.93881064502449,2.54018086973979,0.915887488391599,0.80349638632061,0.898603270815969,1.3956965346347,0.245996189845015,1.01826754772019,0.0417313374760696,-0.500995382477164,1.32228770181333,1.43018833572409,2.05502864114703,1.1440536054583,1.8575505613809,0.357102545504444,-0.151584844297859,1.59928198637322,0.935766624531306,1.06791708295329,1.10038947396588,0.668359910606248,0.133696948424003,1.13016650093411,0.634188295863913,0.669855028906304
"PM-ZI",0.913594211123082,2.25839469995473,2.84818774957448,1.88167111875514,3.16110490039216,1.42890117791355,-0.31518274605892,2.24447217252955,3.31363134135032,1.95089657031475,2.89422331367062,0.583579795437486,0.207885798223021,0.566091573062985,1.53078728042893,-0.184969072020339,0.652637088616216,-0.300064633079986,1.02893391164772,1.4360314843239,0.0865751348002154,1.06235306698142,1.12025724512836,1.42944635389673,1.11364945968774,0.262251029337689,1.93235298342256,1.00785965372792,0.895962667476497,1.01856401986008,0.853411832512617,0.0941827201965589,0.840978351688516,0.867360251529063,0.509452816931044
"PM-MT",0.304736778803732,1.85853306068268,1.7204550469592,1.26280652210516,1.42890117791355,1.93071450284869,-0.56445342321779,1.25112014570769,1.32267579465051,2.21484419112055,1.47661806734493,0.948497668989429,0.25459902627339,0.293694817848994,0.681726181844377,-0.0944837563825429,0.13010795386349,-0.0120823405494115,0.122836452620773,0.762043663766966,0.731977287240074,0.992087593064129,0.138321496209771,0.967801513828868,0.426782236681874,0.305230455563168,0.83444879632117,0.305930915266621,0.0831173588099811,0.63228859379878,-0.161415301978672,0.00895851479340782,0.503959108344944,0.26456707383685,0.129223458634688
"NLE-NON",-0.771161221278455,-2.09399944553156,-2.1894688467459,-0.623396570924803,-0.31518274605892,-0.56445342321779,4.735988325942,-0.280617403642834,0.624307006685524,-0.237245112765078,-1.08943219718663,0.508167570575593,-0.767227909576255,-1.30866344550773,-1.22829772564991,-0.309985596818379,0.172284540135197,-1.27082953544703,0.0446999308057707,-0.877969042650446,-2.18552901734284,-2.35827011718252,-0.93235008287941,-1.32051537837302,0.264397610468292,1.04718600228881,-0.208796491782766,-0.0273899256030562,0.870004978372137,0.305517403943102,-2.40286931251842,-0.218166208365225,-1.45025419112079,-0.707388554313062,-0.0627727964669568
"NLE-ZS",1.65873946993293,3.27491126480792,3.73874210648613,2.39845126234176,2.24447217252955,1.25112014570769,-0.280617403642834,4.17906865215298,3.18144079395995,1.55688032485168,3.79556871708816,1.14042553537503,0.841022807608902,0.953660011796426,1.78751395090482,-0.148749149267958,1.07580945815959,-0.112603928926079,-1.07463241205153,1.53574285575867,1.5696665023032,2.8879656044284,1.70737190815911,2.74732389617717,0.738363206625165,-0.349564976670993,2.38348317708909,1.32768136693799,1.24095667759683,2.04875733977124,2.34868230637322,-0.138742091739499,1.45036462120839,0.952401316853476,1.42842227423854
"NLE-ZI",1.62208232568058,2.83530219892381,3.84965823641267,1.95085037926206,3.31363134135032,1.32267579465051,0.624307006685524,3.18144079395995,5.03596190544512,2.01096468228258,4.07586787369038,0.378396211430107,-0.38971307309774,0.472983818787266,1.89205330159442,-0.60520497308951,0.979252038595986,-0.619385446110278,1.51339845248222,1.71838603876036,0.571394398998377,2.2075285590804,1.69694625525468,2.07252857741476,1.77225406809936,0.191031312129485,2.84906761090026,1.68837366050446,1.48048745841136,1.36028574815816,2.13245460955199,-0.123132723232552,0.876477908064434,1.12219054358154,0.912299746691104
"NON-BR",0.928283289061953,2.05092337665721,1.48195602138738,1.93881064502449,1.95089657031475,2.21484419112055,-0.237245112765078,1.55688032485168,2.01096468228258,13.3026235792636,3.12309245716152,3.74965501649407,0.542982647483943,0.176749129161215,2.2521260465456,1.18170606291009,1.43903384199176,-0.979256311233854,-0.356122045809328,1.6102423219919,1.99394633423913,1.44710792013711,0.314049765271934,1.08787005959444,2.57444692508721,0.20272813568519,1.81921392304015,1.5614445820059,1.75199175524319,0.334008692836094,-5.84821434048212,1.04693717576673,1.27618854055634,0.551889385278718,-0.980046228008496
"NON-PNS",2.17176500311819,4.22372404735653,5.42708017972758,2.54018086973979,2.89422331367062,1.47661806734493,-1.08943219718663,3.79556871708816,4.07586787369038,3.12309245716152,5.88653311466491,0.862511990528626,0.509009629268249,1.19873185282216,2.74595070503205,0.17768103924681,1.65940405329835,-0.0619380866210143,0.0911246255013638,2.16571559189366,2.56711889016288,3.7230365526488,2.54118870071223,2.71100353496116,1.49687712263932,-0.706914985393111,3.26595692715411,1.87742810100328,1.7198221159373,1.59331845235214,3.12699450922225,0.430503827781472,2.03882089957606,1.89632622601514,1.20184637185881
"BR-PT",0.26590662066906,0.619918799336738,0.707157200883307,0.915887488391599,0.583579795437486,0.948497668989429,0.508167570575593,1.14042553537503,0.378396211430107,3.74965501649407,0.862511990528626,3.75749629897801,1.91738891324905,-0.0981212566563157,0.28540935060864,-0.317003409321076,-0.479746334868506,-0.452962881842044,-0.786943342451824,0.309775687020439,-0.287435878581725,-0.456560101560494,0.0665673191134951,0.0561278920140804,0.149063178611756,0.0160127376388169,0.578891640395893,0.103182902506577,-0.271623645112771,1.88616081530433,-1.43108566248022,0.668464063986322,0.503746987320625,-0.186516524641265,0.668630452800236
"BR-APET",0.340118200569544,0.676025508139281,0.848814244290563,0.80349638632061,0.207885798223021,0.25459902627339,-0.767227909576255,0.841022807608902,-0.38971307309774,0.542982647483943,0.509009629268249,1.91738891324905,2.49880591348319,0.878494270354035,0.679082040428462,0.213000770678384,-0.244587197976153,0.0296786155601979,-0.892337458423407,0.0507350735852964,0.320502045015624,-0.00619904007351561,0.399649605374632,1.11377241882526,-0.634262413336259,-0.776226975353287,0.595267343066894,-0.171136754110898,-0.319239524928038,1.44528939378358,0.678772478661669,0.71788249315083,0.931410600846447,-0.219408520264838,0.742935891536895
"PT-APET",0.791291149922808,1.44039742339725,1.65898155866278,0.898603270815969,0.566091573062985,0.293694817848994,-1.30866344550773,0.953660011796426,0.472983818787266,0.176749129161215,1.19873185282216,-0.0981212566563157,0.878494270354035,1.79496805703917,1.82516682839781,1.16116449740335,0.92739811714612,0.717214072717755,-0.161968948785982,0.612202022972991,1.24048211806011,1.44074606759549,1.01081593702653,2.03454471711616,-0.360687397936926,-0.774494281105153,1.05421748163562,0.710412953412981,0.614696295937058,0.261741179602771,1.48057392636799,0.213927357168708,1.77595570831817,0.389346603643046,0.552932492328631
"PT-BA",1.45478647655468,2.54638127447848,3.18503828945207,1.3956965346347,1.53078728042893,0.681726181844377,-1.22829772564991,1.78751395090482,1.89205330159442,2.2521260465456,2.74595070503205,0.28540935060864,0.679082040428462,1.82516682839781,3.48234959411874,1.72239085705741,1.99534460254179,0.48443531640404,0.281430489594429,1.52828764679926,2.17630844563279,2.10339396527871,1.6036074862489,2.16922028157253,1.53147877159438,-0.527255793905005,2.68766423792638,1.35600008259756,1.72955534559169,0.340524315541884,0.429524810615516,0.863426985744143,3.05539457990263,1.16187931766177,0.281685203729189
"PT-EAM",0.122745581308622,0.500238033103119,-0.146083959542833,0.245996189845015,-0.184969072020339,-0.0944837563825429,-0.309985596818379,-0.148749149267958,-0.60520497308951,1.18170606291009,0.17768103924681,-0.317003409321076,0.213000770678384,1.16116449740335,1.72239085705741,3.14921081610579,2.03365735200039,0.746540738080796,-0.429690209783455,0.263650013218908,1.17513778041537,0.0736491350399705,0.156902816414665,0.691440620011369,0.132981830993426,-0.0788111283216027,0.145231591436461,0.522293030876225,1.51524361644914,-0.902688473785347,-1.1851865864381,0.575359137773638,2.47827139734461,-0.207396910535143,-0.150877116602279
"PT-ZYGI",0.834580771463232,1.73092812949655,1.61621549713435,1.01826754772019,0.652637088616216,0.13010795386349,0.172284540135197,1.07580945815959,0.979252038595986,1.43903384199176,1.65940405329835,-0.479746334868506,-0.244587197976153,0.92739811714612,1.99534460254179,2.03365735200039,2.94675895320883,0.20562087224371,-0.396603813559469,1.39185571026098,2.01144454991947,1.84237202995261,0.909644755895327,1.11804159929912,0.963211856374161,0.116307895177888,1.67192385888623,1.27369813041655,2.73349160104806,-0.539084612595431,-0.599423294508794,0.373016182797702,2.03682582561339,0.743546514875698,0.108300633444095
"PT-TSP",0.312974075664703,0.524468992509439,0.443035100883263,0.0417313374760696,-0.300064633079986,-0.0120823405494115,-1.27082953544703,-0.112603928926079,-0.619385446110278,-0.979256311233854,-0.0619380866210143,-0.452962881842044,0.0296786155601979,0.717214072717755,0.48443531640404,0.746540738080796,0.20562087224371,1.28830352550885,-0.155344371716616,0.27373811356216,0.623649341053139,0.824557145361545,0.199370960399557,0.410096981891292,-0.553335210050908,-0.248594540383638,-0.349546494773331,0.0345565744266083,-0.415130875620315,-0.442900547835394,0.920951121232971,-0.0281848505087511,0.966877334926565,0.116798772943887,0.141625085336168
"ZS-ZI",0.0789603414632424,-0.149907311854788,0.431737343202695,-0.500995382477164,1.02893391164772,0.122836452620773,0.0446999308057707,-1.07463241205153,1.51339845248222,-0.356122045809328,0.0911246255013638,-0.786943342451824,-0.892337458423407,-0.161968948785982,0.281430489594429,-0.429690209783455,-0.396603813559469,-0.155344371716616,2.75179026345132,0.137742033582386,-0.946679187236963,-0.715467383437688,0.0715501647970327,-0.53266681293875,0.729880812092691,0.259675278512101,0.322279935038766,0.186025445237876,-0.246333231447947,-0.446347604324303,0.381217371632215,0.211389582085326,-0.243550444990213,0.194870214238812,-0.3863187633249
"ZI-MT",1.09346411648133,2.31580933366716,2.7688568550864,1.32228770181333,1.4360314843239,0.762043663766966,-0.877969042650446,1.53574285575867,1.71838603876036,1.6102423219919,2.16571559189366,0.309775687020439,0.0507350735852964,0.612202022972991,1.52828764679926,0.263650013218908,1.39185571026098,0.27373811356216,0.137742033582386,2.01611209163208,1.57793524988442,2.37471787592085,0.973257912496939,0.676607227616215,1.04374474087127,0.09932668785804,1.70552037126635,0.83860923688214,1.24923589732176,0.423472867856052,0.392162456208286,0.42702370524145,1.11978425259014,0.903603884516841,0.464388411507132
"ZI-ZYGI",1.53813592763531,3.53475368404224,3.61161223552299,1.43018833572409,0.0865751348002154,0.731977287240074,-2.18552901734284,1.5696665023032,0.571394398998377,1.99394633423913,2.56711889016288,-0.287435878581725,0.320502045015624,1.24048211806011,2.17630844563279,1.17513778041537,2.01144454991947,0.623649341053139,-0.946679187236963,1.57793524988442,5.47252017010794,5.11261432228745,1.5410490576737,2.82622072635739,1.08773522126054,-0.356783908743063,2.0441131480907,0.618969005188445,1.52826916052473,-0.145717830346758,2.09660497074896,0.0751476248270609,2.37311204153045,0.940217484796929,0.174664283054826
"ZI-TSP",2.1097309208232,4.42744973516639,4.89844905300927,2.05502864114703,1.06235306698142,0.992087593064129,-2.35827011718252,2.8879656044284,2.2075285590804,1.44710792013711,3.7230365526488,-0.456560101560494,-0.00619904007351561,1.44074606759549,2.10339396527871,0.0736491350399705,1.84237202995261,0.824557145361545,-0.715467383437688,2.37471787592085,5.11261432228745,6.83385676826425,2.26910079804057,3.61435252786077,0.943380324686831,-0.517248864640807,2.59689855009275,1.37021589678492,1.55198641500293,0.274619217041908,3.69852462202474,-0.375077601365007,1.81894768318108,1.37158158064246,0.989643503139535
"MT-PNS",1.21424789503782,1.98025351780623,3.03383985340853,1.1440536054583,1.12025724512836,0.138321496209771,-0.93235008287941,1.70737190815911,1.69694625525468,0.314049765271934,2.54118870071223,0.0665673191134951,0.399649605374632,1.01081593702653,1.6036074862489,0.156902816414665,0.909644755895327,0.199370960399557,0.0715501647970327,0.973257912496939,1.5410490576737,2.26910079804057,1.8834691550326,1.48497955737119,0.430056729477656,-0.645816783443808,1.74935354410945,1.0229968374332,0.92433131698332,0.693304741667808,2.32339833914267,0.159612375808726,1.34349392832829,1.04638529686449,0.780666340486575
"PNS-APET",1.74372661252737,3.2290796546269,2.82276869641211,1.8575505613809,1.42944635389673,0.967801513828868,-1.32051537837302,2.74732389617717,2.07252857741476,1.08787005959444,2.71100353496116,0.0561278920140804,1.11377241882526,2.03454471711616,2.16922028157253,0.691440620011369,1.11804159929912,0.410096981891292,-0.53266681293875,0.676607227616215,2.82622072635739,3.61435252786077,1.48497955737119,5.93516176158742,-0.289851788966033,-1.24256461765297,2.32858218424569,1.45186148629896,1.00807381673124,0.842246913694877,3.45690266372543,-0.703593701742894,2.45432253023909,0.563945767517908,0.752153646182126
"APET-BA",0.560033260267669,0.905021611331561,1.39621771448903,0.357102545504444,1.11364945968774,0.426782236681874,0.264397610468292,0.738363206625165,1.77225406809936,2.57444692508721,1.49687712263932,0.149063178611756,-0.634262413336259,-0.360687397936926,1.53147877159438,0.132981830993426,0.963211856374161,-0.553335210050908,0.729880812092691,1.04374474087127,1.08773522126054,0.943380324686831,0.430056729477656,-0.289851788966033,2.65136423421408,0.711939057166334,1.74772235168228,0.565958205619016,1.1609772395462,-0.107491196554819,-1.53532490026169,0.496819971945749,0.687768146978135,0.788009546326347,-0.492304937251361
"APET-TS",-0.522700206940516,-0.490065191442251,-0.660970930920239,-0.151584844297859,0.262251029337689,0.305230455563168,1.04718600228881,-0.349564976670993,0.191031312129485,0.20272813568519,-0.706914985393111,0.0160127376388169,-0.776226975353287,-0.774494281105153,-0.527255793905005,-0.0788111283216027,0.116307895177888,-0.248594540383638,0.259675278512101,0.09932668785804,-0.356783908743063,-0.517248864640807,-0.645816783443808,-1.24256461765297,0.711939057166334,1.86492875662062,-0.265799187370821,-0.559546988818784,0.12698208097399,-0.412521525950813,-1.52493362504734,-0.276009393378822,-0.488831755568775,-0.368186929433936,-0.357548313910692
"BA-EAM",1.62122972291524,2.64300022982817,3.80722418580836,1.59928198637322,1.93235298342256,0.83444879632117,-0.208796491782766,2.38348317708909,2.84906761090026,1.81921392304015,3.26595692715411,0.578891640395893,0.595267343066894,1.05421748163562,2.68766423792638,0.145231591436461,1.67192385888623,-0.349546494773331,0.322279935038766,1.70552037126635,2.0441131480907,2.59689855009275,1.74935354410945,2.32858218424569,1.74772235168228,-0.265799187370821,3.63350741321517,1.02300082577235,1.81280626280102,1.08529516113498,1.13823398009959,0.490027305002137,1.88427504587201,1.44890684037773,0.419881477210993
"EAM-ZYGI",0.863202813135619,1.52869655168183,1.41883069689203,0.935766624531306,1.00785965372792,0.305930915266621,-0.0273899256030562,1.32768136693799,1.68837366050446,1.5614445820059,1.87742810100328,0.103182902506577,-0.171136754110898,0.710412953412981,1.35600008259756,0.522293030876225,1.27369813041655,0.0345565744266083,0.186025445237876,0.83860923688214,0.618969005188445,1.37021589678492,1.0229968374332,1.45186148629896,0.565958205619016,-0.559546988818784,1.02300082577235,2.40574073071003,1.55315919159493,0.265585320788747,0.384635976381474,-0.124965324547381,1.04311277963286,0.859863779937483,0.681954074665108
"ZYGI-TSP",0.643148505507983,1.39806404382882,1.3414094490959,1.06791708295329,0.895962667476497,0.0831173588099811,0.870004978372137,1.24095667759683,1.48048745841136,1.75199175524319,1.7198221159373,-0.271623645112771,-0.319239524928038,0.614696295937058,1.72955534559169,1.51524361644914,2.73349160104806,-0.415130875620315,-0.246333231447947,1.24923589732176,1.52826916052473,1.55198641500293,0.92433131698332,1.00807381673124,1.1609772395462,0.12698208097399,1.81280626280102,1.55315919159493,3.00843361225947,-0.312223975738398,-0.869629234362553,0.217963012422391,1.40781937392667,0.724347791599724,0.214022227960354
"LD-AS",0.823644156549764,1.31152893798014,1.92465867176781,1.10038947396588,1.01856401986008,0.63228859379878,0.305517403943102,2.04875733977124,1.36028574815816,0.334008692836094,1.59331845235214,1.88616081530433,1.44528939378358,0.261741179602771,0.340524315541884,-0.902688473785347,-0.539084612595431,-0.442900547835394,-0.446347604324303,0.423472867856052,-0.145717830346758,0.274619217041908,0.693304741667808,0.842246913694877,-0.107491196554819,-0.412521525950813,1.08529516113498,0.265585320788747,-0.312223975738398,3.195368490329,1.20206437938607,0.520335122914755,0.0027493643025759,0.165214428854444,1.32899741088259
"BR-LD",1.70116773363295,1.86510163586062,4.13085273395842,0.668359910606248,0.853411832512617,-0.161415301978672,-2.40286931251842,2.34868230637322,2.13245460955199,-5.84821434048212,3.12699450922225,-1.43108566248022,0.678772478661669,1.48057392636799,0.429524810615516,-1.1851865864381,-0.599423294508794,0.920951121232971,0.381217371632215,0.392162456208286,2.09660497074896,3.69852462202474,2.32339833914267,3.45690266372543,-1.53532490026169,-1.52493362504734,1.13823398009959,0.384635976381474,-0.869629234362553,1.20206437938607,12.0995744288585,-1.84054437264079,1.03386426847768,0.967098674625127,2.24252835255533
"OPI-LD",0.223139469427286,0.751870850758742,0.752422461404572,0.133696948424003,0.0941827201965589,0.00895851479340782,-0.218166208365225,-0.138742091739499,-0.123132723232552,1.04693717576673,0.430503827781472,0.668464063986322,0.71788249315083,0.213927357168708,0.863426985744143,0.575359137773638,0.373016182797702,-0.0281848505087511,0.211389582085326,0.42702370524145,0.0751476248270609,-0.375077601365007,0.159612375808726,-0.703593701742894,0.496819971945749,-0.276009393378822,0.490027305002137,-0.124965324547381,0.217963012422391,0.520335122914755,-1.84054437264079,2.49009438929396,0.962379918391789,0.217052989204055,-0.271452037916489
"PT-AS",1.34292080836668,2.61624258221363,2.66956464294974,1.13016650093411,0.840978351688516,0.503959108344944,-1.45025419112079,1.45036462120839,0.876477908064434,1.27618854055634,2.03882089957606,0.503746987320625,0.931410600846447,1.77595570831817,3.05539457990263,2.47827139734461,2.03682582561339,0.966877334926565,-0.243550444990213,1.11978425259014,2.37311204153045,1.81894768318108,1.34349392832829,2.45432253023909,0.687768146978135,-0.488831755568775,1.88427504587201,1.04311277963286,1.40781937392667,0.0027493643025759,1.03386426847768,0.962379918391789,4.2595419295994,0.761563013336081,0.441768395906253
"JP-AS",0.859305383043713,1.42721182920931,1.99715760912158,0.634188295863913,0.867360251529063,0.26456707383685,-0.707388554313062,0.952401316853476,1.12219054358154,0.551889385278718,1.89632622601514,-0.186516524641265,-0.219408520264838,0.389346603643046,1.16187931766177,-0.207396910535143,0.743546514875698,0.116798772943887,0.194870214238812,0.903603884516841,0.940217484796929,1.37158158064246,1.04638529686449,0.563945767517908,0.788009546326347,-0.368186929433936,1.44890684037773,0.859863779937483,0.724347791599724,0.165214428854444,0.967098674625127,0.217052989204055,0.761563013336081,1.47904954489978,0.210808042046124
"BA-OPI",0.574378521322739,0.92752261690988,1.31114060022011,0.669855028906304,0.509452816931044,0.129223458634688,-0.0627727964669568,1.42842227423854,0.912299746691104,-0.980046228008496,1.20184637185881,0.668630452800236,0.742935891536895,0.552932492328631,0.281685203729189,-0.150877116602279,0.108300633444095,0.141625085336168,-0.3863187633249,0.464388411507132,0.174664283054826,0.989643503139535,0.780666340486575,0.752153646182126,-0.492304937251361,-0.357548313910692,0.419881477210993,0.681954074665108,0.214022227960354,1.32899741088259,2.24252835255533,-0.271452037916489,0.441768395906253,0.210808042046124,1.57050285048519
