"","IS-PM","IS-NLE","IS-PNS","PM-ZS","PM-ZI","PM-MT","NLE-NON","NLE-ZS","NLE-ZI","NON-BR","NON-PNS","BR-PT","BR-APET","PT-APET","PT-BA","PT-EAM","PT-ZYGI","PT-TSP","ZS-ZI","ZI-MT","ZI-ZYGI","ZI-TSP","MT-PNS","PNS-APET","APET-BA","APET-TS","BA-EAM","EAM-ZYGI","ZYGI-TSP","LD-AS","BR-LD","OPI-LD","PT-AS","JP-AS","BA-OPI"
"IS-PM",0.22216500431092,0.206749253576682,0.539847489550952,0.0664484147903991,0.0860867706902633,0.155577196524807,0.105180136652859,0.220707375186132,0.371944852641549,0.329000168806527,0.478930878312511,0.0812679209798754,0.164302385275638,0.0397050157804425,0.311275069911527,-0.11207426935899,0.363084880491165,0.107319876810332,0.16848258471234,0.159301974508937,0.263839014996149,0.458256882649361,0.212045461230609,0.0210262495148727,0.296463242797078,0.0526166675649005,0.539348988696181,0.0529706870335119,0.391148540299061,0.2472335455092,0.151586043897502,0.0385371133534491,0.0534317565643395,-0.0430779556872113,0.118019658508033
"IS-NLE",0.206749253576682,1.11200392215467,1.47398882007455,0.65363185465732,0.655246442431198,0.932367938648268,0.277908855636309,0.61897965619753,0.794025125861151,0.632903568562644,1.19369711721128,-0.172528000210983,0.167092262773402,0.227784262152109,0.816076293400714,0.220198565753298,0.787078060504248,0.147589863541891,0.13936896332125,0.509924315542792,0.792572002264267,1.00272821120687,0.519639524203546,-0.154868742948071,0.667570693864095,0.0933216637841666,0.88747022059779,0.296451519157153,0.768671117121233,0.315817166101807,0.0352763861942572,0.17327464622745,0.663555608436731,0.0167716735369362,0.27821440165492
"IS-PNS",0.539847489550952,1.47398882007455,5.32990624920575,2.19474213791128,2.27175309554606,2.92924278353196,0.919947438193262,2.20826862502689,2.4270661646073,3.93754812736934,3.78905834388433,-0.338793587989681,0.645989868015021,1.28952016604137,2.74376348870408,0.509660022404768,2.21460812361465,0.195784531577854,0.146188842574184,1.60746466377293,3.49343162154121,3.84477459450668,2.27935435675985,0.479553191894025,1.81332536910328,0.495022663055994,3.42640692572148,0.193305164253811,1.96959282317596,2.11325362539352,0.509013779881762,0.970645960808325,1.0713105023963,-0.303742059179595,0.917039916440781
"PM-ZS",0.0664484147903991,0.65363185465732,2.19474213791128,1.70888942758593,1.31345584634913,1.37199296903809,0.316612566658028,1.65016833225261,1.12165355137628,1.43855543245607,1.60734466969544,-0.464147027534428,-0.00517263754350361,0.653356620332937,1.15526429266494,0.504419559999206,0.977769752924352,0.151243217468154,-0.512201607907123,0.71999939646594,1.10740384137363,1.42610294367927,0.980037680282803,-0.13770930324434,0.745119040568724,0.425824699146897,1.21307412402784,0.325932726771387,0.872332031326259,0.72811425281401,0.186902945312152,0.466778480358301,0.815848311505976,-0.0106408399142393,0.351799496616284
"PM-ZI",0.0860867706902633,0.655246442431198,2.27175309554606,1.31345584634913,2.53389261756265,1.66892987437461,0.256809932800385,1.13729767425866,1.93124066576025,2.41895445892553,1.54685065313401,-0.449513188839896,-0.0286599234059821,0.810035033373685,1.45148348993184,0.598166767177059,1.33846730563247,-0.379220869484656,0.584209661627976,1.25039839609574,0.427447075531593,0.745165947893357,0.738858740878819,0.256309879276822,0.9777145628765,0.34567112738305,1.64451114060777,-0.109498453511311,0.969724055111561,0.81739085996052,0.400054292834068,0.128000105925089,0.709777016349982,-0.256969909485953,0.251778043630126
"PM-MT",0.155577196524807,0.932367938648268,2.92924278353196,1.37199296903809,1.66892987437461,2.4503004242541,0.117665611522803,1.12023506807127,1.26624142317478,2.84473251932573,2.02556183403318,-0.147838489182888,0.233795262369811,0.92075391740109,1.51726388922904,0.566694673396422,1.10770530846712,0.080042053948974,0.032034381683092,1.55904440568738,2.17231663650762,2.21496579760452,0.709777112773619,0.468616572057097,0.800232091974944,0.297954619995465,1.92133786498104,-0.209398769828794,0.837261286038152,1.200236140008,0.0519703249767935,0.313459162865894,0.467768254339196,-0.410856996707184,0.531208242426339
"NLE-NON",0.105180136652859,0.277908855636309,0.919947438193262,0.316612566658028,0.256809932800385,0.117665611522803,2.18130885256128,0.38154851648264,0.515687277721192,-1.73212537324025,-0.0304856069705776,-0.431926964706764,0.113549545400336,-0.0198445260695533,0.0501304164293052,0.00486626237912885,0.176766991277809,-0.306320427112245,0.212065786412337,-0.516402832989009,0.609664505623127,0.36462152949825,0.85252927474725,0.0486234227158833,0.085620162778499,0.149949152396657,0.0990186606384181,0.085965090765673,0.196875837381439,0.247875721612738,0.638473390531347,0.577902867260582,0.635914965881516,0.419196086708855,0.0306235209430701
"NLE-ZS",0.220707375186132,0.61897965619753,2.20826862502689,1.65016833225261,1.13729767425866,1.12023506807127,0.38154851648264,2.41070611045905,1.54131566258748,1.17337346859399,1.98356790708951,-0.891988787643789,-0.150527894040728,0.385618984832694,1.14804136868497,-0.0198519075213767,1.23551818959412,-0.0509388426321291,-0.890010952614551,0.571463442262643,0.911103930269104,1.58520317083369,1.10764758079625,-0.197355728510622,1.09500125922519,0.632924268250364,1.61088212027678,0.401635363194749,1.21490773992579,0.605469477592454,0.717938773899221,0.31024870747291,0.676014592548391,0.0536997979495705,0.378874757339441
"NLE-ZI",0.371944852641549,0.794025125861151,2.4270661646073,1.12165355137628,1.93124066576025,1.26624142317478,0.515687277721192,1.54131566258748,2.2600321214761,1.73092123638295,1.99627621009331,-0.600278302010064,0.0447771467475925,0.631695954845974,1.57081707497798,0.136537366839215,1.48640458799951,-0.190575569988289,0.598662107062426,0.835256693239958,0.597843838627387,1.18499328728308,0.991022407027525,0.255159328198349,1.20042006218585,0.51406720756475,2.05563001921298,0.0453814225931884,1.26845241189823,0.926425218525709,0.880418058151354,0.21934166583491,0.782589976710699,-0.157103483340233,0.476656276329971
"NON-BR",0.329000168806527,0.632903568562644,3.93754812736934,1.43855543245607,2.41895445892553,2.84473251932573,-1.73212537324025,1.17337346859399,1.73092123638295,8.8780646877847,3.37020553953353,1.14016472331909,0.974213942582194,1.35624720791117,2.94330095591298,0.602351398677956,1.93697911006939,0.748524485808201,0.135440393602181,2.80010048325252,3.32828779502822,3.90840786145299,0.970251626402574,0.561198509510963,2.20128295083006,-0.00395260460312197,3.85671333512113,-0.759790207688517,1.45424430169937,2.37135774628882,-1.00180459608961,0.150538428903259,-0.506398127558007,-1.19088219507412,0.864097233997687
"NON-PNS",0.478930878312511,1.19369711721128,3.78905834388433,1.60734466969544,1.54685065313401,2.02556183403318,-0.0304856069705776,1.98356790708951,1.99627621009331,3.37020553953353,3.37839299164504,-0.367458586239852,0.348937135320722,0.817874329523538,2.1855027736479,0.0947499539653801,1.69109626905206,0.289633073771353,-0.075140784096094,1.31452942436411,2.32424920752192,2.99229453763454,1.58250502106121,0.107822187567426,1.68294004118978,0.465256459455203,2.83548012179573,0.351414826886605,1.637169083135,1.39930344457977,0.528637065148671,0.503267355893322,0.658084365271646,-0.258694992568547,0.814384124729383
"BR-PT",0.0812679209798754,-0.172528000210983,-0.338793587989681,-0.464147027534428,-0.449513188839896,-0.147838489182888,-0.431926964706764,-0.891988787643789,-0.600278302010064,1.14016472331909,-0.367458586239852,1.77464216290477,0.945815605549355,-0.318597272672662,-0.0842840210885495,0.100884419088392,-0.147681648799817,0.641267278897043,0.296006610116109,0.295717378444129,0.486671603573266,0.354023387057754,-0.261807716282646,-0.0491395466335871,0.0381960905947,-0.195741313696487,-0.0561360251320584,0.0758496553996454,-0.00607789904538085,0.438971743071717,-0.613662721153326,0.255907201834735,-0.363228680337109,0.0196350248610269,-0.120826907586394
"BR-APET",0.164302385275638,0.167092262773402,0.645989868015021,-0.00517263754350361,-0.0286599234059821,0.233795262369811,0.113549545400336,-0.150527894040728,0.0447771467475925,0.974213942582194,0.348937135320722,0.945815605549355,1.0485850514002,0.0358303490021232,0.136467273063718,0.153662746830228,0.496474683786979,0.279788622380348,0.156596344972548,0.43542965424023,1.04539952589944,1.0252357045602,0.321086390517345,0.163128221598896,0.0842024921001378,-0.0238041309910955,0.385144503929384,0.0284128528738304,0.513715924797067,0.935179295204828,-0.100939602838668,0.407704817417327,-0.103147461450404,-0.0958679990414264,0.0952564642516481
"PT-APET",0.0397050157804425,0.227784262152109,1.28952016604137,0.653356620332937,0.810035033373685,0.92075391740109,-0.0198445260695533,0.385618984832694,0.631695954845974,1.35624720791117,0.817874329523538,-0.318597272672662,0.0358303490021232,1.89897098717592,1.61169523302861,1.4654848570955,0.631735345244232,0.438145085290065,0.283867654752613,0.101626029129236,0.655460029731965,0.471155375463658,0.433983420458523,1.05589696951149,-0.356481609056702,0.161636828278682,0.924860193568945,-0.284004752601601,0.106213565791517,0.694436891140345,-0.47933607296149,0.0743519972086732,1.17872827559306,-0.649255544500818,0.526102757577174
"PT-BA",0.311275069911527,0.816076293400714,2.74376348870408,1.15526429266494,1.45148348993184,1.51726388922904,0.0501304164293052,1.14804136868497,1.57081707497798,2.94330095591298,2.1855027736479,-0.0842840210885495,0.136467273063718,1.61169523302861,2.99787004709767,1.36152419189123,1.569727331377,0.485756355638622,0.373803922386063,0.655200624182407,1.54933297159307,1.34697075371652,1.13172682904684,0.700738503395247,1.32712776081432,0.226579120395316,2.50031627621903,0.193184619033789,1.03338045738852,1.07440071993257,0.0120346941008691,0.421015018009616,1.56735041308666,-0.455469605308331,0.769719816347974
"PT-EAM",-0.11207426935899,0.220198565753298,0.509660022404768,0.504419559999206,0.598166767177059,0.566694673396422,0.00486626237912885,-0.0198519075213767,0.136537366839215,0.602351398677956,0.0947499539653801,0.100884419088392,0.153662746830228,1.4654848570955,1.36152419189123,2.56462864972529,0.906752674503644,0.85032200274882,0.199565213927957,0.0910834876340969,0.716997351826597,0.0572304479126463,0.197350323334801,0.523647175788269,-0.369609920255443,-0.0955507639306964,-0.131480100158355,0.146768128809967,0.149500245768055,0.636250498007283,-0.664596960493817,0.275438678634118,1.69949571131464,-0.354489740415466,0.336803982320042
"PT-ZYGI",0.363084880491165,0.787078060504248,2.21460812361465,0.977769752924352,1.33846730563247,1.10770530846712,0.176766991277809,1.23551818959412,1.48640458799951,1.93697911006939,1.69109626905206,-0.147681648799817,0.496474683786979,0.631735345244232,1.569727331377,0.906752674503644,2.35529966120991,0.138665750459662,0.10655255933379,1.11076711165726,1.40170607510679,1.45225555501366,0.928461985914072,0.147754532467539,1.12389827662856,0.247963059994446,1.64323503032389,0.304969514541752,1.86138876212628,1.09483515868641,0.238297963253147,0.33061900226237,0.881396966355497,-0.193262937305235,0.348828555939952
"PT-TSP",0.107319876810332,0.147589863541891,0.195784531577854,0.151243217468154,-0.379220869484656,0.080042053948974,-0.306320427112245,-0.0509388426321291,-0.190575569988289,0.748524485808201,0.289633073771353,0.641267278897043,0.279788622380348,0.438145085290065,0.485756355638622,0.85032200274882,0.138665750459662,1.2740613737378,0.0164478153309992,-0.104775297114664,0.504384860837448,0.909221537348884,0.0501394982565124,-0.102687725653682,-0.0639109976496573,-0.0469501798781874,0.0935817480383966,0.18060600426041,0.111524670875642,0.372048712653941,-0.809557636005922,0.179182630618262,0.562671350690294,-0.136043164958872,0.334798015894267
"ZS-ZI",0.16848258471234,0.13936896332125,0.146188842574184,-0.512201607907123,0.584209661627976,0.032034381683092,0.212065786412337,-0.890010952614551,0.598662107062426,0.135440393602181,-0.075140784096094,0.296006610116109,0.156596344972548,0.283867654752613,0.373803922386063,0.199565213927957,0.10655255933379,0.0164478153309992,1.498090633595,-0.0126649263690989,-0.459858000042614,-0.461736848996032,-0.0995593653807357,0.439053068449887,-0.0456374784508987,-0.102925339719053,0.291873648576461,-0.245910108110039,-0.0109862111133694,0.262846965601706,0.115884524427055,-0.0394122074701073,0.277633822117941,-0.137753448639687,0.120483001081366
"ZI-MT",0.159301974508937,0.509924315542792,1.60746466377293,0.71999939646594,1.25039839609574,1.55904440568738,-0.516402832989009,0.571463442262643,0.835256693239958,2.80010048325252,1.31452942436411,0.295717378444129,0.43542965424023,0.101626029129236,0.655200624182407,0.0910834876340969,1.11076711165726,-0.104775297114664,-0.0126649263690989,1.95925020611749,1.60407002468429,1.60595955595219,0.109698047763327,0.00521679567213977,0.840768498182167,0.128318656654693,1.36855015875027,-0.328980215597874,0.878906758828279,1.01517795715403,0.177466107080938,0.0256639647215448,-0.459530829436484,-0.379973807180199,0.186019099704386
"ZI-ZYGI",0.263839014996149,0.792572002264267,3.49343162154121,1.10740384137363,0.427447075531593,2.17231663650762,0.609664505623127,0.911103930269104,0.597843838627387,3.32828779502822,2.32424920752192,0.486671603573266,1.04539952589944,0.655460029731965,1.54933297159307,0.716997351826597,1.40170607510679,0.504384860837448,-0.459858000042614,1.60407002468429,5.36149703701232,4.14317807467388,1.41346933630415,0.684240513405673,0.923975381370481,0.201360432443629,1.90980922089977,-0.263804363990015,1.02909677848022,2.27721196896108,0.17979424257871,1.05796051477282,0.0596613401012628,-0.27156881400643,0.934463824002195
"ZI-TSP",0.458256882649361,1.00272821120687,3.84477459450668,1.42610294367927,0.745165947893357,2.21496579760452,0.36462152949825,1.58520317083369,1.18499328728308,3.90840786145299,2.99229453763454,0.354023387057754,1.0252357045602,0.471155375463658,1.34697075371652,0.0572304479126463,1.45225555501366,0.909221537348884,-0.461736848996032,1.60595955595219,4.14317807467388,4.82002877712328,1.52646194191775,0.111984688385093,1.29490876239604,0.24998200439617,2.50879200872875,-0.174579784591888,1.44978449860099,2.16450149183792,0.0436771970456558,0.76140384988509,-0.123255702232903,-0.31900109858989,0.94534762720799
"MT-PNS",0.212045461230609,0.519639524203546,2.27935435675985,0.980037680282803,0.738858740878819,0.709777112773619,0.85252927474725,1.10764758079625,0.991022407027525,0.970251626402574,1.58250502106121,-0.261807716282646,0.321086390517345,0.433983420458523,1.13172682904684,0.197350323334801,0.928461985914072,0.0501394982565124,-0.0995593653807357,0.109698047763327,1.41346933630415,1.52646194191775,1.47801248196497,0.0232455922796216,0.840266420549166,0.197340535620515,1.22530206224534,0.408111045340407,0.900009011012776,0.839603822467327,0.391184338673847,0.660623355008522,0.690886862277892,0.13879540038357,0.362299605429096
"PNS-APET",0.0210262495148727,-0.154868742948071,0.479553191894025,-0.13770930324434,0.256309879276822,0.468616572057097,0.0486234227158833,-0.197355728510622,0.255159328198349,0.561198509510963,0.107822187567426,-0.0491395466335871,0.163128221598896,1.05589696951149,0.700738503395247,0.523647175788269,0.147754532467539,-0.102687725653682,0.439053068449887,0.00521679567213977,0.684240513405673,0.111984688385093,0.0232455922796216,1.46298974967295,-0.628534224488633,0.174831731168458,0.412494913037584,-0.21768753700889,-0.104331611833477,0.497816006558662,0.196756111156671,0.0933300093098723,0.381196094006569,-0.375760479035561,0.34037338594211
"APET-BA",0.296463242797078,0.667570693864095,1.81332536910328,0.745119040568724,0.9777145628765,0.800232091974944,0.085620162778499,1.09500125922519,1.20042006218585,2.20128295083006,1.68294004118978,0.0381960905947,0.0842024921001378,-0.356481609056702,1.32712776081432,-0.369609920255443,1.12389827662856,-0.0639109976496573,-0.0456374784508987,0.840768498182167,0.923975381370481,1.29490876239604,0.840266420549166,-0.628534224488633,1.98439604847766,0.0634509204377094,1.91277694745667,0.279450537523058,1.1163303420528,0.4822951895458,0.412023527781585,0.185730762767746,0.0801281053368489,0.125580108208455,0.246442398906621
"APET-TS",0.0526166675649005,0.0933216637841666,0.495022663055994,0.425824699146897,0.34567112738305,0.297954619995465,0.149949152396657,0.632924268250364,0.51406720756475,-0.00395260460312197,0.465256459455203,-0.195741313696487,-0.0238041309910955,0.161636828278682,0.226579120395316,-0.0955507639306964,0.247963059994446,-0.0469501798781874,-0.102925339719053,0.128318656654693,0.201360432443629,0.24998200439617,0.197340535620515,0.174831731168458,0.0634509204377094,0.462629424905145,0.368762938373174,0.142175634995068,0.325038613203043,0.164979009140071,0.371399976566337,0.148974984002976,0.294261567295816,0.0524669100019205,0.126369107834118
"BA-EAM",0.539348988696181,0.88747022059779,3.42640692572148,1.21307412402784,1.64451114060777,1.92133786498104,0.0990186606384181,1.61088212027678,2.05563001921298,3.85671333512113,2.83548012179573,-0.0561360251320584,0.385144503929384,0.924860193568945,2.50031627621903,-0.131480100158355,1.64323503032389,0.0935817480383966,0.291873648576461,1.36855015875027,1.90980922089977,2.50879200872875,1.22530206224534,0.412494913037584,1.91277694745667,0.368762938373174,3.60871703272295,-0.414322594563903,1.39672894015042,1.49198271830045,0.417277034946687,0.242035439192671,0.266775415742589,-0.631849338702041,0.691973918964623
"EAM-ZYGI",0.0529706870335119,0.296451519157153,0.193305164253811,0.325932726771387,-0.109498453511311,-0.209398769828794,0.085965090765673,0.401635363194749,0.0453814225931884,-0.759790207688517,0.351414826886605,0.0758496553996454,0.0284128528738304,-0.284004752601601,0.193184619033789,0.146768128809967,0.304969514541752,0.18060600426041,-0.245910108110039,-0.328980215597874,-0.263804363990015,-0.174579784591888,0.408111045340407,-0.21768753700889,0.279450537523058,0.142175634995068,-0.414322594563903,1.5515242235953,0.62907305873985,-0.480420156197684,0.304556538477428,0.336335335598688,0.802107793973433,0.668075623342709,0.0757837741678919
"ZYGI-TSP",0.391148540299061,0.768671117121233,1.96959282317596,0.872332031326259,0.969724055111561,0.837261286038152,0.196875837381439,1.21490773992579,1.26845241189823,1.45424430169937,1.637169083135,-0.00607789904538085,0.513715924797067,0.106213565791517,1.03338045738852,0.149500245768055,1.86138876212628,0.111524670875642,-0.0109862111133694,0.878906758828279,1.02909677848022,1.44978449860099,0.900009011012776,-0.104331611833477,1.1163303420528,0.325038613203043,1.39672894015042,0.62907305873985,1.82276970537993,0.790336142793398,0.422428237770523,0.3477316860354,0.593477860654951,0.10454127854954,0.259544638271581
"LD-AS",0.2472335455092,0.315817166101807,2.11325362539352,0.72811425281401,0.81739085996052,1.200236140008,0.247875721612738,0.605469477592454,0.926425218525709,2.37135774628882,1.39930344457977,0.438971743071717,0.935179295204828,0.694436891140345,1.07440071993257,0.636250498007283,1.09483515868641,0.372048712653941,0.262846965601706,1.01517795715403,2.27721196896108,2.16450149183792,0.839603822467327,0.497816006558662,0.4822951895458,0.164979009140071,1.49198271830045,-0.480420156197684,0.790336142793398,2.11363965398286,0.318007726248935,0.629242829012925,0.126424986606143,-0.531812682901872,0.510094598584944
"BR-LD",0.151586043897502,0.0352763861942572,0.509013779881762,0.186902945312152,0.400054292834068,0.0519703249767935,0.638473390531347,0.717938773899221,0.880418058151354,-1.00180459608961,0.528637065148671,-0.613662721153326,-0.100939602838668,-0.47933607296149,0.0120346941008691,-0.664596960493817,0.238297963253147,-0.809557636005922,0.115884524427055,0.177466107080938,0.17979424257871,0.0436771970456558,0.391184338673847,0.196756111156671,0.412023527781585,0.371399976566337,0.417277034946687,0.304556538477428,0.422428237770523,0.318007726248935,2.28270358981526,0.224329501457074,0.129100217248126,0.37578422220086,-0.0295153622974319
"OPI-LD",0.0385371133534491,0.17327464622745,0.970645960808325,0.466778480358301,0.128000105925089,0.313459162865894,0.577902867260582,0.31024870747291,0.21934166583491,0.150538428903259,0.503267355893322,0.255907201834735,0.407704817417327,0.0743519972086732,0.421015018009616,0.275438678634118,0.33061900226237,0.179182630618262,-0.0394122074701073,0.0256639647215448,1.05796051477282,0.76140384988509,0.660623355008522,0.0933300093098723,0.185730762767746,0.148974984002976,0.242035439192671,0.336335335598688,0.3477316860354,0.629242829012925,0.224329501457074,0.834301507221002,0.497552660468003,0.159776901213415,0.10568813223721
"PT-AS",0.0534317565643395,0.663555608436731,1.0713105023963,0.815848311505976,0.709777016349982,0.467768254339196,0.635914965881516,0.676014592548391,0.782589976710699,-0.506398127558007,0.658084365271646,-0.363228680337109,-0.103147461450404,1.17872827559306,1.56735041308666,1.69949571131464,0.881396966355497,0.562671350690294,0.277633822117941,-0.459530829436484,0.0596613401012628,-0.123255702232903,0.690886862277892,0.381196094006569,0.0801281053368489,0.294261567295816,0.266775415742589,0.802107793973433,0.593477860654951,0.126424986606143,0.129100217248126,0.497552660468003,2.42411587617985,0.248666057280779,0.374650679415682
"JP-AS",-0.0430779556872113,0.0167716735369362,-0.303742059179595,-0.0106408399142393,-0.256969909485953,-0.410856996707184,0.419196086708855,0.0536997979495705,-0.157103483340233,-1.19088219507412,-0.258694992568547,0.0196350248610269,-0.0958679990414264,-0.649255544500818,-0.455469605308331,-0.354489740415466,-0.193262937305235,-0.136043164958872,-0.137753448639687,-0.379973807180199,-0.27156881400643,-0.31900109858989,0.13879540038357,-0.375760479035561,0.125580108208455,0.0524669100019205,-0.631849338702041,0.668075623342709,0.10454127854954,-0.531812682901872,0.37578422220086,0.159776901213415,0.248666057280779,0.746247948889084,-0.145858511646294
"BA-OPI",0.118019658508033,0.27821440165492,0.917039916440781,0.351799496616284,0.251778043630126,0.531208242426339,0.0306235209430701,0.378874757339441,0.476656276329971,0.864097233997687,0.814384124729383,-0.120826907586394,0.0952564642516481,0.526102757577174,0.769719816347974,0.336803982320042,0.348828555939952,0.334798015894267,0.120483001081366,0.186019099704386,0.934463824002195,0.94534762720799,0.362299605429096,0.34037338594211,0.246442398906621,0.126369107834118,0.691973918964623,0.0757837741678919,0.259544638271581,0.510094598584944,-0.0295153622974319,0.10568813223721,0.374650679415682,-0.145858511646294,0.646740119618692
