"","IS-PM","IS-NLE","IS-PNS","PM-ZS","PM-ZI","PM-MT","NLE-NON","NLE-ZS","NLE-ZI","NON-BR","NON-PNS","BR-PT","BR-APET","PT-APET","PT-BA","PT-EAM","PT-ZYGI","PT-TSP","ZS-ZI","ZI-MT","ZI-ZYGI","ZI-TSP","MT-PNS","PNS-APET","APET-BA","APET-TS","BA-EAM","EAM-ZYGI","ZYGI-TSP","LD-AS","BR-LD","OPI-LD","PT-AS","JP-AS","BA-OPI"
"IS-PM",0.563031818463464,0.725134651253247,1.27773374695866,0.496233002237675,0.644917079583969,0.676786425828743,0.437971636353779,0.512029500227821,0.690686218824527,0.91103387957646,0.593239543751139,0.561146481917181,0.558223959168972,0.347313337280333,0.592023929996863,0.094228257791479,0.332845238887286,0.126057669882894,0.184426890438944,0.376293489508235,0.538590662050778,0.733921427589561,0.188606564560606,0.662951796630844,0.243155672194394,0.35351740102667,0.634987917304222,0.294700106347304,0.407336054881167,0.64859973571606,0.722129422823712,0.464302212131048,0.357039169694387,0.195374241053817,0.164751729876572
"IS-NLE",0.725134651253247,2.19262634438481,2.4795674742967,1.47914036816316,1.9623940065885,1.92112002358624,1.13958942414143,0.679633371747679,1.39385772491401,0.960656073592181,1.07882320684067,0.608500618645942,0.610873174440232,0.926304464687324,1.52926810205059,0.695597366918045,0.836034550382209,0.00880659261357209,0.756115846545008,0.722174681721263,0.444182473361762,0.868664769488488,0.302667069094402,1.47933449849378,0.522224971596613,0.324019328774066,1.33042161985753,0.762459681981511,0.972558214614206,1.18429041976295,1.4345801307507,0.864899038857992,1.25637128398752,0.326278280350039,0.515048350969075
"IS-PNS",1.27773374695866,2.4795674742967,6.53317903050523,2.98370922259372,3.69538587831074,4.63668520006485,2.37997905573357,2.30672202400578,2.91992213709206,3.95307631766428,2.92508131678036,0.986221466879427,1.78597884389182,1.50414949073335,2.95246413582538,0.824154917899808,1.05027350352675,0.572220037605165,0.746852867738786,1.09721134154925,2.74767193712978,3.62013344775478,1.1494191769149,2.91506078597141,1.49770381890462,0.859655236599736,2.75026337166209,1.54617836812735,1.69315133235427,1.55905871822589,2.37577282826842,1.84561515195216,1.66901082028754,0.813395821869644,0.859494549976054
"PM-ZS",0.496233002237675,1.47914036816316,2.98370922259372,2.24060810731994,2.52706804428768,2.5811128112714,1.64327198733417,1.44125598983313,1.83889144539474,2.01174534962817,1.49645204131856,0.602917411605356,0.924140186799868,1.12110253145256,1.93977086235088,0.993318209206377,0.732086362692506,0.271977490768909,0.503461085657666,0.684898496459829,0.712588567941048,1.15513246173977,0.368203247558717,1.53816124879545,0.788608438863985,0.602271432231454,1.54167367045907,0.950711806395616,1.07808003029305,0.684859942492869,1.25044457694954,1.04107662376264,1.53759754957498,0.559482840021299,0.493681845526373
"PM-ZI",0.644917079583969,1.9623940065885,3.69538587831074,2.52706804428768,3.94429005347042,3.28399352329757,1.93413723468461,1.74980353356413,2.97696652053666,2.84573725143867,1.93327595700257,0.66663387425082,1.17961592110951,1.36963048399579,2.30992928222088,0.949335647454929,1.18045939709674,0.211984806642244,1.23638316107274,1.07261751532049,0.450387822449388,1.08887181760205,0.349360309810099,2.25112863737527,0.943739326650846,0.501077595778433,2.00961274494591,1.18687654088115,1.45914276015192,1.32474264077703,1.94177682391262,1.42097111506815,1.62391938758416,0.55795211332456,0.681849477873409
"PM-MT",0.676786425828743,1.92112002358624,4.63668520006485,2.5811128112714,3.28399352329757,4.41338388567323,2.33914582933342,1.72211543695172,2.46930645907285,3.05254372078618,2.1607685812951,1.22207104590621,1.26774892431638,1.17350078498287,2.43729543296991,0.973685601461598,0.665472372993761,0.222566934227812,0.91417221896775,0.933269997638638,1.71957225898931,1.92538884037775,0.24234991993038,2.17431101148807,1.18996596151569,0.71518946656834,2.00820313281785,0.984857761410899,0.959818861310962,1.11084114531614,1.09940776805069,1.18008217910804,1.58991894799051,0.479336314747883,0.833359554021531
"NLE-NON",0.437971636353779,1.13958942414143,2.37997905573357,1.64327198733417,1.93413723468461,2.33914582933342,4.01702442051551,0.994517098659575,1.53990692338199,-0.0198623226973859,0.50720227568148,0.210471489879908,0.0329424975084719,0.992159131022413,1.20122624072568,0.906442417767809,0.724884960171035,0.359472942080957,0.654754990529107,0.763249510724802,0.640420643412213,1.22821409503142,0.0721875685531604,1.22825584305316,0.170252571658378,0.281661225642344,0.975503702882079,0.549420740399332,0.767758831937201,0.544315051257215,-0.643467853290265,0.524932465622356,0.759049425528762,0.143141444116272,0.385917125559744
"NLE-ZS",0.512029500227821,0.679633371747679,2.30672202400578,1.44125598983313,1.74980353356413,1.72211543695172,0.994517098659575,2.06506060742444,1.78225558702667,2.03758155841659,1.21827828419708,0.747690189153187,1.37855026855462,0.587084037278835,1.11561464349166,0.0250457075908673,0.901529088455533,0.448128432634743,-0.39897713260468,0.849841505454963,1.18549935593168,1.89887196893438,0.344606344823807,1.43919176898818,0.648652319024191,0.483291571974814,1.3989962473814,1.10815345295602,1.44500929079295,0.322065657518755,1.54108179332773,0.86049395977241,0.514319839516298,0.769320474703276,0.150640445277773
"NLE-ZI",0.690686218824527,1.39385772491401,2.91992213709206,1.83889144539474,2.97696652053666,2.46930645907285,1.53990692338199,1.78225558702667,2.75406744518418,2.55105660610979,1.64584330608084,0.869955564660373,1.2821021347152,1.04316619463973,1.81405798926596,0.642565363522826,1.34602045576619,0.285971086671333,0.964582079803972,1.09626789341595,0.672458728939456,1.23759651987751,0.266157135750654,1.90633974977568,0.809269332903308,0.469101921583158,1.74428956549399,1.0916943559911,1.58670541018928,1.34865031873844,1.71431821604316,1.42404616568105,1.18536160197292,0.60232861757239,0.410734718997229
"NON-BR",0.91103387957646,0.960656073592181,3.95307631766428,2.01174534962817,2.84573725143867,3.05254372078618,-0.0198623226973859,2.03758155841659,2.55105660610979,9.95989923851332,3.13571949217181,3.44447986982851,1.82557343723555,1.1437095946123,2.57057423662425,0.434960667358097,-0.319556750539252,0.522656686587804,0.472262846487084,0.486208653602741,0.208537224838389,2.03891818562678,0.37232628968094,2.29526578220697,1.30229572214534,1.07103878880009,2.57993981867884,1.30861028399838,0.455302032068745,1.35839611846975,0.876555424945802,1.48814256594777,2.04515039497187,1.02804355204061,0.645145236740511
"NON-PNS",0.593239543751139,1.07882320684067,2.92508131678036,1.49645204131856,1.93327595700257,2.1607685812951,0.50720227568148,1.21827828419708,1.64584330608084,3.13571949217181,2.24174798688876,1.20568219316032,1.3931114987627,0.775423962282966,1.37644764334322,0.23422537396781,0.632645661707006,0.0494571170523365,0.432226926217117,0.779031723944246,1.11132481570263,1.35562613100292,0.473419232281723,1.32643947152598,0.617797688472969,0.506104432016975,1.46433961592066,0.833645690078454,1.0321872267296,1.15871912192315,1.55713702647258,1.18549920319749,0.745331582652612,0.436088527117321,0.397019200102393
"BR-PT",0.561146481917181,0.608500618645942,0.986221466879427,0.602917411605356,0.66663387425082,1.22207104590621,0.210471489879908,0.747690189153187,0.869955564660373,3.44447986982851,1.20568219316032,4.84602276455333,2.52239850534915,0.578683264134159,0.786119450195659,0.465374017956484,-0.131371520717854,-0.127568411822657,0.0891242063823526,0.646556424599997,0.375285879501039,-0.329529326431814,-0.296799660060329,0.585536537510538,-0.240508276280299,0.777322617833079,0.698787592619604,-0.278601562949054,-0.375835492890141,1.28971494456415,0.307104241924673,0.656984208718342,1.74873537283537,0.17667093449184,0.205495943569765
"BR-APET",0.558223959168972,0.610873174440232,1.78597884389182,0.924140186799868,1.17961592110951,1.26774892431638,0.0329424975084719,1.37855026855462,1.2821021347152,1.82557343723555,1.3931114987627,2.52239850534915,3.49065628210181,0.524523226649416,0.809940702142392,-0.0655456942384953,0.661795800680609,0.101481917581433,-0.202507468141702,0.798144114162007,1.08534026537421,1.25173570127732,0.239313653396472,1.12544873839902,0.418192925113012,0.501471325033403,0.981942504403355,0.735797704578414,0.876238807791652,0.935316978837943,3.00932938213698,1.13711912832086,0.497137060559947,0.709041934518826,0.12340052703483
"PT-APET",0.347313337280333,0.926304464687324,1.50414949073335,1.12110253145256,1.36963048399579,1.17350078498287,0.992159131022413,0.587084037278835,1.04316619463973,1.1437095946123,0.775423962282966,0.578683264134159,0.524523226649416,2.83180810744434,3.31400236686591,2.12969569034568,0.640107093838334,0.273955351417747,0.499236978286411,0.868851331803495,-0.210585162767825,-0.773602222991411,0.1958308286579,1.13183158183155,0.255893785516225,0.0554624551293854,1.16407321367551,0.720459486587781,0.479950964546491,1.45536256988985,0.167793938984406,1.26365335487906,2.75094990374839,-0.0489767717127996,0.37866671935896
"PT-BA",0.592023929996863,1.52926810205059,2.95246413582538,1.93977086235088,2.30992928222088,2.43729543296991,1.20122624072568,1.11561464349166,1.81405798926596,2.57057423662425,1.37644764334322,0.786119450195659,0.809940702142392,3.31400236686591,5.13148550718059,2.97884051203208,1.09990882917183,0.492115561773705,0.862085795538658,0.97229939625187,0.46843268891813,-0.274935630638319,0.286269767122271,1.91159840992845,1.53769402787393,0.0707304941138419,2.17876643259935,1.17026382265127,1.0042402963718,1.92763623929862,1.18607579914033,1.57780815870189,4.11964456477302,0.0221335643729684,0.691076435592241
"PT-EAM",0.094228257791479,0.695597366918045,0.824154917899808,0.993318209206377,0.949335647454929,0.973685601461598,0.906442417767809,0.0250457075908673,0.642565363522826,0.434960667358097,0.23422537396781,0.465374017956484,-0.0655456942384953,2.12969569034568,2.97884051203208,3.22333457701671,1.26290648481018,0.187326037947297,0.816624199171849,0.375178315091125,-0.0118117392337465,-1.22990179054083,0.145965983747127,0.574365557200815,0.490764357593989,-0.273934228781032,0.576874157490558,0.295623218613384,0.673148005301547,1.16831207943417,-0.25952370819271,0.888383184708688,3.44640683880582,-0.301779854954677,0.436907001272692
"PT-ZYGI",0.332845238887286,0.836034550382209,1.05027350352675,0.732086362692506,1.18045939709674,0.665472372993761,0.724884960171035,0.901529088455533,1.34602045576619,-0.319556750539252,0.632645661707006,-0.131371520717854,0.661795800680609,0.640107093838334,1.09990882917183,1.26290648481018,3.73265089987591,0.102994844201116,0.398230513183138,1.23648337933806,0.583374630963652,0.685807679295688,0.406770150637756,0.432214232279748,0.497986000591103,-0.414791361995716,1.23590940227285,1.1402002608387,3.54822537534393,1.00509017783344,0.823486174057936,0.974443230078928,0.919332687829418,0.500189228702349,0.236252018530867
"PT-TSP",0.126057669882894,0.00880659261357209,0.572220037605165,0.271977490768909,0.211984806642244,0.222566934227812,0.359472942080957,0.448128432634743,0.285971086671333,0.522656686587804,0.0494571170523365,-0.127568411822657,0.101481917581433,0.273955351417747,0.492115561773705,0.187326037947297,0.102994844201116,0.883341289211925,-0.174608293382178,0.308047387858289,0.355859491678638,1.0824445613689,0.138888947583965,0.398323978631142,0.25253338635102,0.122884420680949,0.273415501609855,0.649911056235881,0.506113296177197,-0.301482783706444,0.271721476097469,0.266089310828811,0.317739947336712,0.476581109410388,-0.0448826672532171
"ZS-ZI",0.184426890438944,0.756115846545008,0.746852867738786,0.503461085657666,1.23638316107274,0.91417221896775,0.654754990529107,-0.39897713260468,0.964582079803972,0.472262846487084,0.432226926217117,0.0891242063823526,-0.202507468141702,0.499236978286411,0.862085795538658,0.816624199171849,0.398230513183138,-0.174608293382178,1.59017369514157,0.132881044888767,-0.48811526538942,-0.788695112512316,-0.103615292668435,0.424939758753787,0.252351718905327,0.0701154664589322,0.357441879271558,-0.118055296310562,0.0244101341334473,1.10597732677439,0.0148892517230862,0.62827725660366,0.827493711120279,-0.231579762853774,0.283466805111466
"ZI-MT",0.376293489508235,0.722174681721263,1.09721134154925,0.684898496459829,1.07261751532049,0.933269997638638,0.763249510724802,0.849841505454963,1.09626789341595,0.486208653602741,0.779031723944246,0.646556424599997,0.798144114162007,0.868851331803495,0.97229939625187,0.375178315091125,1.23648337933806,0.308047387858289,0.132881044888767,1.42135951476569,0.308015838780681,0.502079611012227,-0.0424761176341431,0.538658720909969,0.049459303183413,0.226498345323899,0.962835767164741,0.668910884740783,1.33398307388404,0.474384039790992,0.489012506444818,0.641031801988969,0.543072280626591,0.605072344452059,0.221745787529977
"ZI-ZYGI",0.538590662050778,0.444182473361762,2.74767193712978,0.712588567941048,0.450387822449388,1.71957225898931,0.640420643412213,1.18549935593168,0.672458728939456,0.208537224838389,1.11132481570263,0.375285879501039,1.08534026537421,-0.210585162767825,0.46843268891813,-0.0118117392337465,0.583374630963652,0.355859491678638,-0.48811526538942,0.308015838780681,4.13501906204977,2.87873246099544,0.717510897944371,1.05852448775865,0.909955358111092,0.114527060636376,0.544603669007326,0.207856451730268,0.758453799691012,-0.135248112621477,1.71566562223721,0.0172991721585925,0.0104143109992049,0.226682027349609,0.266584159608239
"ZI-TSP",0.733921427589561,0.868664769488488,3.62013344775478,1.15513246173977,1.08887181760205,1.92538884037775,1.22821409503142,1.89887196893438,1.23759651987751,2.03891818562678,1.35562613100292,-0.329529326431814,1.25173570127732,-0.773602222991411,-0.274935630638319,-1.22990179054083,0.685807679295688,1.0824445613689,-0.788695112512316,0.502079611012227,2.87873246099544,5.69988965304062,1.12877858783066,2.18398572810585,0.94615041026357,0.353224403015393,1.39764879091598,1.72615817602393,1.9232026203961,-0.643574828732451,2.26564135370188,0.275807045024227,-1.32773593739986,1.3449677717035,0.109075994154608
"MT-PNS",0.188606564560606,0.302667069094402,1.1494191769149,0.368203247558717,0.349360309810099,0.24234991993038,0.0721875685531604,0.344606344823807,0.266157135750654,0.37232628968094,0.473419232281723,-0.296799660060329,0.239313653396472,0.1958308286579,0.286269767122271,0.145965983747127,0.406770150637756,0.138888947583965,-0.103615292668435,-0.0424761176341431,0.717510897944371,1.12877858783066,0.783067434531565,0.485397906546717,0.152824844096844,-0.0790508439215692,0.442181755541076,0.37540341409744,0.62804129521738,0.211973589811897,0.716600847283024,0.335187105496871,0.173242560603079,0.135301767560847,0.105542938913473
"PNS-APET",0.662951796630844,1.47933449849378,2.91506078597141,1.53816124879545,2.25112863737527,2.17431101148807,1.22825584305316,1.43919176898818,1.90633974977568,2.29526578220697,1.32643947152598,0.585536537510538,1.12544873839902,1.13183158183155,1.91159840992845,0.574365557200815,0.432214232279748,0.398323978631142,0.424939758753787,0.538658720909969,1.05852448775865,2.18398572810585,0.485397906546717,2.96969420348718,0.812667066012323,0.179472882979782,1.59421965293214,1.19582958699353,0.958573314311986,1.09868824317535,1.8357287058935,0.790179802240574,1.28060249264664,0.242386630017359,0.321120909541088
"APET-BA",0.243155672194394,0.522224971596613,1.49770381890462,0.788608438863985,0.943739326650846,1.18996596151569,0.170252571658378,0.648652319024191,0.809269332903308,1.30229572214534,0.617797688472969,-0.240508276280299,0.418192925113012,0.255893785516225,1.53769402787393,0.490764357593989,0.497986000591103,0.25253338635102,0.252351718905327,0.049459303183413,0.909955358111092,0.94615041026357,0.152824844096844,0.812667066012323,1.4271492932933,-0.00426008798042144,0.974651643849888,0.660467027970076,0.687807696915145,0.228475646663074,1.42775309254114,0.283594706847777,0.8075648627054,0.261955538068983,0.255475433058626
"APET-TS",0.35351740102667,0.324019328774066,0.859655236599736,0.602271432231454,0.501077595778433,0.71518946656834,0.281661225642344,0.483291571974814,0.469101921583158,1.07103878880009,0.506104432016975,0.777322617833079,0.501471325033403,0.0554624551293854,0.0707304941138419,-0.273934228781032,-0.414791361995716,0.122884420680949,0.0701154664589322,0.226498345323899,0.114527060636376,0.353224403015393,-0.0790508439215692,0.179472882979782,-0.00426008798042144,1.21379954297526,0.522823300602594,0.165072703232359,-0.234710363731993,-0.162374796934116,0.307249237884533,0.179963341229351,-0.00238444171945082,0.411570638320341,0.0530268333200372
"BA-EAM",0.634987917304222,1.33042161985753,2.75026337166209,1.54167367045907,2.00961274494591,2.00820313281785,0.975503702882079,1.3989962473814,1.74428956549399,2.57993981867884,1.46433961592066,0.698787592619604,0.981942504403355,1.16407321367551,2.17876643259935,0.576874157490558,1.23590940227285,0.273415501609855,0.357441879271558,0.962835767164741,0.544603669007326,1.39764879091598,0.442181755541076,1.59421965293214,0.974651643849888,0.522823300602594,2.44034737674513,0.95988910327815,1.64447055393526,0.916257379530246,1.11605940651716,0.883670633761118,1.29033991225499,0.696455295281772,0.535335659794692
"EAM-ZYGI",0.294700106347304,0.762459681981511,1.54617836812735,0.950711806395616,1.18687654088115,0.984857761410899,0.549420740399332,1.10815345295602,1.0916943559911,1.30861028399838,0.833645690078454,-0.278601562949054,0.735797704578414,0.720459486587781,1.17026382265127,0.295623218613384,1.1402002608387,0.649911056235881,-0.118055296310562,0.668910884740783,0.207856451730268,1.72615817602393,0.37540341409744,1.19582958699353,0.660467027970076,0.165072703232359,0.95988910327815,2.3319437333591,1.86038051164746,0.309807934371229,1.73031701520931,0.966682020211206,0.343145192513452,0.856824248484094,-0.0461764961333712
"ZYGI-TSP",0.407336054881167,0.972558214614206,1.69315133235427,1.07808003029305,1.45914276015192,0.959818861310962,0.767758831937201,1.44500929079295,1.58670541018928,0.455302032068745,1.0321872267296,-0.375835492890141,0.876238807791652,0.479950964546491,1.0042402963718,0.673148005301547,3.54822537534393,0.506113296177197,0.0244101341334473,1.33398307388404,0.758453799691012,1.9232026203961,0.62804129521738,0.958573314311986,0.687807696915145,-0.234710363731993,1.64447055393526,1.86038051164746,4.04668250668943,0.770459164213933,1.38213057138759,1.0548397086237,0.447840365143403,0.89601152996933,0.198130432504858
"LD-AS",0.64859973571606,1.18429041976295,1.55905871822589,0.684859942492869,1.32474264077703,1.11084114531614,0.544315051257215,0.322065657518755,1.34865031873844,1.35839611846975,1.15871912192315,1.28971494456415,0.935316978837943,1.45536256988985,1.92763623929862,1.16831207943417,1.00509017783344,-0.301482783706444,1.10597732677439,0.474384039790992,-0.135248112621477,-0.643574828732451,0.211973589811897,1.09868824317535,0.228475646663074,-0.162374796934116,0.916257379530246,0.309807934371229,0.770459164213933,3.14010056756481,1.09535423582736,1.77561573904796,1.72589285581745,-0.682082959178343,0.372500035562188
"BR-LD",0.722129422823712,1.4345801307507,2.37577282826842,1.25044457694954,1.94177682391262,1.09940776805069,-0.643467853290265,1.54108179332773,1.71431821604316,0.876555424945802,1.55713702647258,0.307104241924673,3.00932938213698,0.167793938984406,1.18607579914033,-0.25952370819271,0.823486174057936,0.271721476097469,0.0148892517230862,0.489012506444818,1.71566562223721,2.26564135370188,0.716600847283024,1.8357287058935,1.42775309254114,0.307249237884533,1.11605940651716,1.73031701520931,1.38213057138759,1.09535423582736,8.42575757614021,1.25051422116145,0.387137034218736,0.861089147613938,-0.0804534572119592
"OPI-LD",0.464302212131048,0.864899038857992,1.84561515195216,1.04107662376264,1.42097111506815,1.18008217910804,0.524932465622356,0.86049395977241,1.42404616568105,1.48814256594777,1.18549920319749,0.656984208718342,1.13711912832086,1.26365335487906,1.57780815870189,0.888383184708688,0.974443230078928,0.266089310828811,0.62827725660366,0.641031801988969,0.0172991721585925,0.275807045024227,0.335187105496871,0.790179802240574,0.283594706847777,0.179963341229351,0.883670633761118,0.966682020211206,1.0548397086237,1.77561573904796,1.25051422116145,2.51037335494081,1.40280777766311,0.467996213252048,-0.0641903138790657
"PT-AS",0.357039169694387,1.25637128398752,1.66901082028754,1.53759754957498,1.62391938758416,1.58991894799051,0.759049425528762,0.514319839516298,1.18536160197292,2.04515039497187,0.745331582652612,1.74873537283537,0.497137060559947,2.75094990374839,4.11964456477302,3.44640683880582,0.919332687829418,0.317739947336712,0.827493711120279,0.543072280626591,0.0104143109992049,-1.32773593739986,0.173242560603079,1.28060249264664,0.8075648627054,-0.00238444171945082,1.29033991225499,0.343145192513452,0.447840365143403,1.72589285581745,0.387137034218736,1.40280777766311,4.96307977448389,-0.147987180431134,0.522820933393011
"JP-AS",0.195374241053817,0.326278280350039,0.813395821869644,0.559482840021299,0.55795211332456,0.479336314747883,0.143141444116272,0.769320474703276,0.60232861757239,1.02804355204061,0.436088527117321,0.17667093449184,0.709041934518826,-0.0489767717127996,0.0221335643729684,-0.301779854954677,0.500189228702349,0.476581109410388,-0.231579762853774,0.605072344452059,0.226682027349609,1.3449677717035,0.135301767560847,0.242386630017359,0.261955538068983,0.411570638320341,0.696455295281772,0.856824248484094,0.89601152996933,-0.682082959178343,0.861089147613938,0.467996213252048,-0.147987180431134,1.55707663286891,-0.0683169568595573
"BA-OPI",0.164751729876572,0.515048350969075,0.859494549976054,0.493681845526373,0.681849477873409,0.833359554021531,0.385917125559744,0.150640445277773,0.410734718997229,0.645145236740511,0.397019200102393,0.205495943569765,0.12340052703483,0.37866671935896,0.691076435592241,0.436907001272692,0.236252018530867,-0.0448826672532171,0.283466805111466,0.221745787529977,0.266584159608239,0.109075994154608,0.105542938913473,0.321120909541088,0.255475433058626,0.0530268333200372,0.535335659794692,-0.0461764961333712,0.198130432504858,0.372500035562188,-0.0804534572119592,-0.0641903138790657,0.522820933393011,-0.0683169568595573,0.570738472645784
