"","IS-PM","IS-NLE","IS-PNS","PM-ZS","PM-ZI","PM-MT","NLE-NON","NLE-ZS","NLE-ZI","NON-BR","NON-PNS","BR-PT","BR-APET","PT-APET","PT-BA","PT-EAM","PT-ZYGI","PT-TSP","ZS-ZI","ZI-MT","ZI-ZYGI","ZI-TSP","MT-PNS","PNS-APET","APET-BA","APET-TS","BA-EAM","EAM-ZYGI","ZYGI-TSP","LD-AS","BR-LD","OPI-LD","PT-AS","JP-AS","BA-OPI"
"IS-PM",0.134522939516758,0.0968931630842003,0.322036808396237,0.0938259170656943,0.0693269358525573,0.153407525663537,-0.014206557470091,0.202136287260325,0.173941202252936,0.261578350219512,0.235327332220487,0.0596081179702668,0.141794442554376,0.102979700009464,0.142944027570632,0.065606090685966,0.18006272139377,-0.0010022123948287,-0.0309020003101659,0.158286199408641,0.182591893328263,0.185567871474971,0.0374180537042098,0.0882354497276706,0.0467660944626808,0.0328705620742529,0.161710523574146,0.0906654310876125,0.192725457761703,0.146392393969259,0.164880609952603,0.145049790880082,0.129396797310935,0.0924645356935949,0.0579720029315152
"IS-NLE",0.0968931630842003,0.419305598152092,0.618853191833066,0.332767267710786,0.302334371503588,0.411632175206838,0.161173586064539,0.480931273762435,0.42338890764217,0.481869954838734,0.493596240903625,0.177669638868922,0.190756225620305,0.202767437532953,0.355747392724953,0.186563270202268,0.327755281340208,0.156745180344648,-0.0732301407976848,0.287838366086856,0.278661741499668,0.387257189913893,0.124136389989314,0.151336620170006,0.128759569518507,0.0602948953617061,0.284679415739262,0.26519711915959,0.351838022448111,0.330034832182643,0.123125184176926,0.221953607616905,0.353523257056981,0.0898145862718799,0.112771723435903
"IS-PNS",0.322036808396237,0.618853191833066,2.65088050872937,1.00556716618742,1.11730965593126,1.44189383204647,0.251615344088945,1.49479820963603,1.5035065433295,1.88635502575121,1.89925122309568,0.235480051552011,0.367994944374791,0.273717732130525,0.698730990846757,0.280945710116114,1.01710845509645,0.160971807568682,-0.0438267474917592,0.892544294413448,0.924666497297441,1.19376565918667,0.667860987922417,-0.0673478749522461,0.381362433553603,0.255759194242527,0.714211856054577,0.678995402330645,1.08703866097138,0.548601965933641,0.911009055430268,0.477440589531343,0.852183441623793,0.465259925114316,0.402136940157716
"PM-ZS",0.0938259170656943,0.332767267710786,1.00556716618742,0.798660965796195,0.743753046813434,0.786619939358766,0.289503338443431,0.964530325029231,0.815485274058131,1.06579817287057,0.7395893793348,0.224575269853657,0.238374323597598,0.0733270127206356,0.392774866101618,0.198625073202382,0.516193172218452,0.21257663712507,-0.149960486339703,0.414371224981303,0.424771412432601,0.559268786028524,0.152324387736804,0.241017625258795,0.28960621486143,0.203770832566438,0.360293246055193,0.23807012993323,0.487627397027874,0.289250587623208,0.543057980357589,0.182230405881314,0.621083194901153,0.250364269262588,0.185748547461634
"PM-ZI",0.0693269358525573,0.302334371503588,1.11730965593126,0.743753046813434,1.3915166160216,0.865419309152939,0.415416001262897,1.05100934222161,1.37405794677593,0.897047282948771,0.73461489926347,0.150780385372214,0.0388434672529107,-0.0194464643280551,0.178743784979134,-0.0269814122646924,0.132899733766395,0.0137267171811156,0.188701069452496,0.374963349278835,-0.504994757400264,0.182353133472886,0.236072168898104,0.223612115146536,0.214641618327824,0.161643133080849,0.172843240737623,0.578028996091851,0.407463869546121,0.22554896417363,0.514755399443359,0.0366189228341834,0.37178487589198,0.265369532819043,0.320588464140124
"PM-MT",0.153407525663537,0.411632175206838,1.44189383204647,0.786619939358766,0.865419309152939,1.31680865324688,0.194404751498671,0.938543705334809,0.967199081246963,1.27405933074641,0.96880350129425,0.179945849856347,0.206821899650924,0.156915475855498,0.428625876378216,0.237083044681387,0.644482330392019,0.0512970032034426,0.0151671966037604,0.7438215206599,0.411574611806368,0.62380422171412,-0.0100116558641628,0.204274218951908,0.198998152930958,0.065674009033425,0.385541464443868,0.483601694306138,0.672940657409034,0.352285482893857,0.721207123168291,0.266281482904617,0.599671724984102,0.35648754958065,0.264437789583415
"NLE-NON",-0.014206557470091,0.161173586064539,0.251615344088945,0.289503338443431,0.415416001262897,0.194404751498671,2.19998841457001,0.332980368527253,0.407539596661494,-1.68111140776056,-0.228839326383753,0.0687568782647999,0.188052682148834,0.237420903980818,0.167529357415362,0.0916514492463014,-0.177848671169341,-0.090264677828492,0.117888802720981,-0.135765920940076,-0.258341167366666,0.275611507848912,0.161029019977462,0.352682322017891,0.043331690357055,0.338258039598573,0.0649252761208586,0.423548222393682,0.147157127293641,0.169085697890116,0.312639742053836,0.122924194125188,0.227245458732585,0.203810919704193,0.144186694399837
"NLE-ZS",0.202136287260325,0.480931273762435,1.49479820963603,0.964530325029231,1.05100934222161,0.938543705334809,0.332980368527253,1.77381156338648,1.41947634321608,1.410155551694,1.27350866363513,0.338813001380795,0.369852579389053,0.204681026220359,0.443172628360369,0.158659244646258,0.671541667346807,0.19730524919626,-0.499812117218743,0.585794547136958,0.546307356712857,0.678060704443247,0.355995944061975,0.327964742102557,0.200730397770635,0.29306842063867,0.460181227648789,0.261337607144218,0.688068063161602,0.554217131730038,0.716356272002819,0.271207145705156,0.713492313244658,0.153737882805655,0.316386531535316
"NLE-ZI",0.173941202252936,0.42338890764217,1.5035065433295,0.815485274058131,1.37405794677593,0.967199081246963,0.407539596661494,1.41947634321608,1.6864321701384,1.30841609572193,1.2108818019905,0.206491510064075,0.227385918637971,0.150429097591682,0.328449775061,0.00572180538632252,0.407267116867128,0.0414858091616446,0.129782663090282,0.557226303443899,-0.0464266759553343,0.564157944874984,0.417481576339695,0.266974428631339,0.218210593939441,0.184614806015235,0.368558369828398,0.563243193176993,0.650890504548528,0.475930662756838,0.703080037417762,0.268396465752041,0.467085049773458,0.29918754433463,0.335512423720123
"NON-BR",0.261578350219512,0.481869954838734,1.88635502575121,1.06579817287057,0.897047282948771,1.27405933074641,-1.68111140776056,1.410155551694,1.30841609572193,5.56339507897923,2.02676001634452,0.813528588830216,0.293543215037502,-0.244598074054461,0.400107540621442,0.0122657658401352,1.1927849325101,0.305310954149722,-0.0462384452180697,0.740966532081573,1.47040173742724,1.11937561167645,0.367417563204448,0.0582864789146225,0.529335370300232,0.0860275827966782,0.656094182443534,0.0229114799589773,0.891643912783794,0.279472852666949,0.057365217708889,0.302527363900633,0.867734570804868,0.683288579326528,0.163981344433124
"NON-PNS",0.235327332220487,0.493596240903625,1.89925122309568,0.7395893793348,0.73461489926347,0.96880350129425,-0.228839326383753,1.27350866363513,1.2108818019905,2.02676001634452,1.86584685762324,0.264871674853449,0.401895234219856,0.316450440384699,0.605639017122287,0.224011426177769,0.843688020244268,0.291321964695252,-0.0976547197233283,0.759454171887127,0.880921724440233,0.949610794237917,0.569653871578694,-0.124808765328199,0.267245749314901,0.169050008814963,0.606702540966415,0.374358044917074,0.813759620340836,0.56663763241064,0.580040628820955,0.47648650336071,0.637831292271749,0.347309768658677,0.261165400398271
"BR-PT",0.0596081179702668,0.177669638868922,0.235480051552011,0.224575269853657,0.150780385372214,0.179945849856347,0.0687568782647999,0.338813001380795,0.206491510064075,0.813528588830216,0.264871674853449,0.579506357931944,0.257973915488436,0.0784550898042181,0.20403299497124,0.0720069369744046,0.0715679630973224,0.0947120432049835,-0.0848673989683095,0.00630239083731923,0.206413960256938,0.0245299283024039,0.0667259455183782,0.135658417782194,0.0796922408540858,0.118130153782889,0.130322571577576,0.0159865096624899,0.0403673879927753,0.147374398658383,-0.409335124352604,0.155193777303464,0.329767488552513,0.155536024530683,0.124000070228799
"BR-APET",0.141794442554376,0.190756225620305,0.367994944374791,0.238374323597598,0.0388434672529107,0.206821899650924,0.188052682148834,0.369852579389053,0.227385918637971,0.293543215037502,0.401895234219856,0.257973915488436,0.553433821932553,0.382985819518336,0.399338598545378,0.211200924836672,0.330862577208812,0.0966111200102671,-0.0768374253023504,0.231771872243475,0.507485529704153,0.430285324704734,0.0963845348172535,0.260842277999838,0.0851976284964276,0.0501191406094508,0.296534491480913,0.167081791195139,0.299292661099628,0.351544864046654,0.410445573003287,0.374865924678115,0.313550661279389,0.214016619259737,0.0884420840029049
"PT-APET",0.102979700009464,0.202767437532953,0.273717732130525,0.0733270127206356,-0.0194464643280551,0.156915475855498,0.237420903980818,0.204681026220359,0.150429097591682,-0.244598074054461,0.316450440384699,0.0784550898042181,0.382985819518336,0.789537107743235,0.536132262862852,0.394599074171461,-0.0427287181247033,0.180946873471902,-0.00373334711448036,0.141529182203757,-0.0530122945082237,0.156068278457255,0.0326514694998695,0.199453591685305,-0.189004696993655,0.0844097711994251,0.094315796454456,0.415845661233462,0.0533172738062199,0.255948873672913,0.175603802380798,0.334418011113279,0.293460459118037,0.120587415525684,0.0311143292002859
"PT-BA",0.142944027570632,0.355747392724953,0.698730990846757,0.392774866101618,0.178743784979134,0.428625876378216,0.167529357415362,0.443172628360369,0.328449775061,0.400107540621442,0.605639017122287,0.20403299497124,0.399338598545378,0.536132262862852,0.794048964096273,0.485738098681098,0.37431046908024,0.354580222272424,-0.0425766673846073,0.356763512794928,0.404398146827247,0.416447155255252,0.145848292420421,0.124588518829921,0.234367035299457,0.103044156406597,0.449965176125061,0.276697267487674,0.301042776969689,0.325767015617092,0.372989984055755,0.372863653585404,0.657972410496954,0.191590561209429,0.0988971767291465
"PT-EAM",0.065606090685966,0.186563270202268,0.280945710116114,0.198625073202382,-0.0269814122646924,0.237083044681387,0.0916514492463014,0.158659244646258,0.00572180538632252,0.0122657658401352,0.224011426177769,0.0720069369744046,0.211200924836672,0.394599074171461,0.485738098681098,0.599732706237313,0.307105236558643,0.378850362341185,-0.086770128160306,0.213469076372614,0.162639237643888,0.115818866824438,-0.0387126259812911,0.0354247996826252,-0.0138077521254269,0.0643909677114086,0.0577723630957391,0.203131145704267,0.180272548332575,0.139736543535598,0.0741701661135683,0.180588824661888,0.587107957300645,0.0887994084434726,0.0651305575020245
"PT-ZYGI",0.18006272139377,0.327755281340208,1.01710845509645,0.516193172218452,0.132899733766395,0.644482330392019,-0.177848671169341,0.671541667346807,0.407267116867128,1.1927849325101,0.843688020244268,0.0715679630973224,0.330862577208812,-0.0427287181247033,0.37431046908024,0.307105236558643,1.34373221289513,0.231199821239746,-0.247341929899195,0.673350787454318,1.14642493651234,0.93306133957112,0.169109320561712,0.10282263039908,0.311467498517718,-0.0140142300571726,0.554035834887634,0.178355666383151,1.05556718225907,0.3488925251248,0.849105129172948,0.322172522662081,0.574222612841333,0.187791886031375,0.123781563187846
"PT-TSP",-0.0010022123948287,0.156745180344648,0.160971807568682,0.21257663712507,0.0137267171811156,0.0512970032034426,-0.090264677828492,0.19730524919626,0.0414858091616446,0.305310954149722,0.291321964695252,0.0947120432049835,0.0966111200102671,0.180946873471902,0.354580222272424,0.378850362341185,0.231199821239746,0.644106594205321,-0.100901843846731,0.109564057806148,0.105645333351784,0.243948086962753,0.0703997275947437,-0.0766454664192032,0.119962277804983,0.169272717783679,0.131978222578632,0.0697232815438759,0.122419060005409,0.0651509481531016,-0.181646559449621,0.0394277743902223,0.417021867102872,0.0165506784943057,0.00978512363154086
"ZS-ZI",-0.0309020003101659,-0.0732301407976848,-0.0438267474917592,-0.149960486339703,0.188701069452496,0.0151671966037604,0.117888802720981,-0.499812117218743,0.129782663090282,-0.0462384452180697,-0.0976547197233283,-0.0848673989683095,-0.0768374253023504,-0.00373334711448036,-0.0425766673846073,-0.086770128160306,-0.247341929899195,-0.100901843846731,0.733332721239702,-0.0761604954601353,-0.413758398198675,-0.0323048783713311,0.044816116924444,-0.0536265084517984,0.0436395497598397,-0.0919352926856908,-0.0657266746364467,0.226832383999139,-0.0813808583461891,-0.0852364780117602,-0.0535733726804234,0.0596712511103941,-0.182240631033588,0.223999744043651,-0.016190721964312
"ZI-MT",0.158286199408641,0.287838366086856,0.892544294413448,0.414371224981303,0.374963349278835,0.7438215206599,-0.135765920940076,0.585794547136958,0.557226303443899,0.740966532081573,0.759454171887127,0.00630239083731923,0.231771872243475,0.141529182203757,0.356763512794928,0.213469076372614,0.673350787454318,0.109564057806148,-0.0761604954601353,0.778910668838221,0.350012161956336,0.528572237645382,-0.017659806636035,0.0801956366295893,0.16013472733946,-0.0326079564169124,0.424120738197891,0.384592730375433,0.674797060401015,0.357588819228419,0.763876630524231,0.192869525462474,0.370614905874587,0.160686193489224,0.178603664531899
"ZI-ZYGI",0.182591893328263,0.278661741499668,0.924666497297441,0.424771412432601,-0.504994757400264,0.411574611806368,-0.258341167366666,0.546307356712857,-0.0464266759553343,1.47040173742724,0.880921724440233,0.206413960256938,0.507485529704153,-0.0530122945082237,0.404398146827247,0.162639237643888,1.14642493651234,0.105645333351784,-0.413758398198675,0.350012161956336,2.98334076700168,1.60661707871627,0.322141384245482,0.283253055321067,0.449710511401679,0.0689590130671728,0.638018066237211,-0.952549505890537,0.472758273358006,0.450427407717433,0.800954355743452,0.719324704627187,0.497828159221703,0.211939842603557,-0.191792341435314
"ZI-TSP",0.185567871474971,0.387257189913893,1.19376565918667,0.559268786028524,0.182353133472886,0.62380422171412,0.275611507848912,0.678060704443247,0.564157944874984,1.11937561167645,0.949610794237917,0.0245299283024039,0.430285324704734,0.156068278457255,0.416447155255252,0.115818866824438,0.93306133957112,0.243948086962753,-0.0323048783713311,0.528572237645382,1.60661707871627,1.73880368432952,0.368248892751851,0.488135848377053,0.378427526709221,0.0750365831113669,0.616964457081692,0.29304340767507,0.896747942667556,0.421555166209511,0.910685020589007,0.592483910140902,0.390987240246288,0.327053333996969,-0.0939957785743476
"MT-PNS",0.0374180537042098,0.124136389989314,0.667860987922417,0.152324387736804,0.236072168898104,-0.0100116558641628,0.161029019977462,0.355995944061975,0.417481576339695,0.367417563204448,0.569653871578694,0.0667259455183782,0.0963845348172535,0.0326514694998695,0.145848292420421,-0.0387126259812911,0.169109320561712,0.0703997275947437,0.044816116924444,-0.017659806636035,0.322141384245482,0.368248892751851,0.54504636495555,-0.187348222825749,0.167400052253117,0.130853399922869,0.19288041727193,0.0774529294756504,0.195912467336233,0.124902516164539,0.0766724647042911,0.141719149209248,0.126778302390752,0.0775462186497507,0.0862995704437769
"PNS-APET",0.0882354497276706,0.151336620170006,-0.0673478749522461,0.241017625258795,0.223612115146536,0.204274218951908,0.352682322017891,0.327964742102557,0.266974428631339,0.0582864789146225,-0.124808765328199,0.135658417782194,0.260842277999838,0.199453591685305,0.124588518829921,0.0354247996826252,0.10282263039908,-0.0766454664192032,-0.0536265084517984,0.0801956366295893,0.283253055321067,0.488135848377053,-0.187348222825749,0.988154101408607,-0.0486579014758338,-0.0060773934067151,0.0877510575832474,0.362778967125911,0.235904198755645,0.225590079741528,0.400531244005665,0.330927049486248,0.195435832101351,0.12595926496101,-0.0450697705950598
"APET-BA",0.0467660944626808,0.128759569518507,0.381362433553603,0.28960621486143,0.214641618327824,0.198998152930958,0.043331690357055,0.200730397770635,0.218210593939441,0.529335370300232,0.267245749314901,0.0796922408540858,0.0851976284964276,-0.189004696993655,0.234367035299457,-0.0138077521254269,0.311467498517718,0.119962277804983,0.0436395497598397,0.16013472733946,0.449710511401679,0.378427526709221,0.167400052253117,-0.0486579014758338,0.467402910298514,0.0368127549272147,0.382509853790817,-0.123475473575485,0.214318605516354,0.0730858358118801,0.284219597889853,0.0864298480710947,0.213782883903753,0.128757375663504,-0.00083115725165105
"APET-TS",0.0328705620742529,0.0602948953617061,0.255759194242527,0.203770832566438,0.161643133080849,0.065674009033425,0.338258039598573,0.29306842063867,0.184614806015235,0.0860275827966782,0.169050008814963,0.118130153782889,0.0501191406094508,0.0844097711994251,0.103044156406597,0.0643909677114086,-0.0140142300571726,0.169272717783679,-0.0919352926856908,-0.0326079564169124,0.0689590130671728,0.0750365831113669,0.130853399922869,-0.0060773934067151,0.0368127549272147,0.399149632987138,0.0861641205930014,-0.0849281230185841,-0.03600011302128,0.0789394030837588,-0.0556089446096332,0.0416646810923027,0.193921127096818,0.118176152087809,0.08251495288903
"BA-EAM",0.161710523574146,0.284679415739262,0.714211856054577,0.360293246055193,0.172843240737623,0.385541464443868,0.0649252761208586,0.460181227648789,0.368558369828398,0.656094182443534,0.606702540966415,0.130322571577576,0.296534491480913,0.094315796454456,0.449965176125061,0.0577723630957391,0.554035834887634,0.131978222578632,-0.0657266746364467,0.424120738197891,0.638018066237211,0.616964457081692,0.19288041727193,0.0877510575832474,0.382509853790817,0.0861641205930014,0.654585593630475,0.0851405684907223,0.501498625402318,0.340844971878597,0.53184529931923,0.311816490968247,0.344476902856149,0.208554451312821,0.0920146828395951
"EAM-ZYGI",0.0906654310876125,0.26519711915959,0.678995402330645,0.23807012993323,0.578028996091851,0.483601694306138,0.423548222393682,0.261337607144218,0.563243193176993,0.0229114799589773,0.374358044917074,0.0159865096624899,0.167081791195139,0.415845661233462,0.276697267487674,0.203131145704267,0.178355666383151,0.0697232815438759,0.226832383999139,0.384592730375433,-0.952549505890537,0.29304340767507,0.0774529294756504,0.362778967125911,-0.123475473575485,-0.0849281230185841,0.0851405684907223,1.66323919551588,0.758420644825766,0.194965641754803,0.313066502257728,0.125524364560349,0.259940185883069,0.202735305721484,0.263043709726466
"ZYGI-TSP",0.192725457761703,0.351838022448111,1.08703866097138,0.487627397027874,0.407463869546121,0.672940657409034,0.147157127293641,0.688068063161602,0.650890504548528,0.891643912783794,0.813759620340836,0.0403673879927753,0.299292661099628,0.0533172738062199,0.301042776969689,0.180272548332575,1.05556718225907,0.122419060005409,-0.0813808583461891,0.674797060401015,0.472758273358006,0.896747942667556,0.195912467336233,0.235904198755645,0.214318605516354,-0.03600011302128,0.501498625402318,0.758420644825766,1.14433269095588,0.362943923426624,0.812165552836746,0.265903911636854,0.421735825959141,0.237937650757434,0.204900915320853
"LD-AS",0.146392393969259,0.330034832182643,0.548601965933641,0.289250587623208,0.22554896417363,0.352285482893857,0.169085697890116,0.554217131730038,0.475930662756838,0.279472852666949,0.56663763241064,0.147374398658383,0.351544864046654,0.255948873672913,0.325767015617092,0.139736543535598,0.3488925251248,0.0651509481531016,-0.0852364780117602,0.357588819228419,0.450427407717433,0.421555166209511,0.124902516164539,0.225590079741528,0.0730858358118801,0.0789394030837588,0.340844971878597,0.194965641754803,0.362943923426624,0.742676300375447,0.369432622307925,0.524879704006248,0.224161796829321,0.0652125574311075,0.221692190394107
"BR-LD",0.164880609952603,0.123125184176926,0.911009055430268,0.543057980357589,0.514755399443359,0.721207123168291,0.312639742053836,0.716356272002819,0.703080037417762,0.057365217708889,0.580040628820955,-0.409335124352604,0.410445573003287,0.175603802380798,0.372989984055755,0.0741701661135683,0.849105129172948,-0.181646559449621,-0.0535733726804234,0.763876630524231,0.800954355743452,0.910685020589007,0.0766724647042911,0.400531244005665,0.284219597889853,-0.0556089446096332,0.53184529931923,0.313066502257728,0.812165552836746,0.369432622307925,2.59732488976612,0.128618054411362,0.284466697919577,0.144815015579264,0.236975049382884
"OPI-LD",0.145049790880082,0.221953607616905,0.477440589531343,0.182230405881314,0.0366189228341834,0.266281482904617,0.122924194125188,0.271207145705156,0.268396465752041,0.302527363900633,0.47648650336071,0.155193777303464,0.374865924678115,0.334418011113279,0.372863653585404,0.180588824661888,0.322172522662081,0.0394277743902223,0.0596712511103941,0.192869525462474,0.719324704627187,0.592483910140902,0.141719149209248,0.330927049486248,0.0864298480710947,0.0416646810923027,0.311816490968247,0.125524364560349,0.265903911636854,0.524879704006248,0.128618054411362,0.931022460351525,0.207972353380148,0.217875205514804,-0.106090001056271
"PT-AS",0.129396797310935,0.353523257056981,0.852183441623793,0.621083194901153,0.37178487589198,0.599671724984102,0.227245458732585,0.713492313244658,0.467085049773458,0.867734570804868,0.637831292271749,0.329767488552513,0.313550661279389,0.293460459118037,0.657972410496954,0.587107957300645,0.574222612841333,0.417021867102872,-0.182240631033588,0.370614905874587,0.497828159221703,0.390987240246288,0.126778302390752,0.195435832101351,0.213782883903753,0.193921127096818,0.344476902856149,0.259940185883069,0.421735825959141,0.224161796829321,0.284466697919577,0.207972353380148,1.10763010728287,0.297548837279624,0.210482582443745
"JP-AS",0.0924645356935949,0.0898145862718799,0.465259925114316,0.250364269262588,0.265369532819043,0.35648754958065,0.203810919704193,0.153737882805655,0.29918754433463,0.683288579326528,0.347309768658677,0.155536024530683,0.214016619259737,0.120587415525684,0.191590561209429,0.0887994084434726,0.187791886031375,0.0165506784943057,0.223999744043651,0.160686193489224,0.211939842603557,0.327053333996969,0.0775462186497507,0.12595926496101,0.128757375663504,0.118176152087809,0.208554451312821,0.202735305721484,0.237937650757434,0.0652125574311075,0.144815015579264,0.217875205514804,0.297548837279624,0.489475008127765,0.061249546964957
"BA-OPI",0.0579720029315152,0.112771723435903,0.402136940157716,0.185748547461634,0.320588464140124,0.264437789583415,0.144186694399837,0.316386531535316,0.335512423720123,0.163981344433124,0.261165400398271,0.124000070228799,0.0884420840029049,0.0311143292002859,0.0988971767291465,0.0651305575020245,0.123781563187846,0.00978512363154086,-0.016190721964312,0.178603664531899,-0.191792341435314,-0.0939957785743476,0.0862995704437769,-0.0450697705950598,-0.00083115725165105,0.08251495288903,0.0920146828395951,0.263043709726466,0.204900915320853,0.221692190394107,0.236975049382884,-0.106090001056271,0.210482582443745,0.061249546964957,0.39436763804334
