"","IS-PM","IS-NLE","IS-PNS","PM-ZS","PM-ZI","PM-MT","NLE-NON","NLE-ZS","NLE-ZI","NON-BR","NON-PNS","BR-PT","BR-APET","PT-APET","PT-BA","PT-EAM","PT-ZYGI","PT-TSP","ZS-ZI","ZI-MT","ZI-ZYGI","ZI-TSP","MT-PNS","PNS-APET","APET-BA","APET-TS","BA-EAM","EAM-ZYGI","ZYGI-TSP","LD-AS","BR-LD","OPI-LD","PT-AS","JP-AS","BA-OPI"
"IS-PM",1.34607143565037,2.09484224568862,3.31245299794955,1.84964734477326,2.32679493503242,1.86837397699886,1.55449573396691,1.26972117877044,2.73628889345733,2.73894269398577,2.98617349037009,0.827055980482498,1.81513282918176,0.843436774133755,2.28369748135876,1.08301589616435,2.371333131407,0.346214662398503,1.58402493428388,0.926449171339691,2.20626390388959,3.11067971977662,1.0760106277875,2.34004018876026,2.05632963591195,0.684493744569932,1.7558633374883,2.24494303991632,2.34359058105919,1.34326899656004,0.961325734089685,1.99421992905007,1.64265575758724,0.622067530086851,0.440889155647483
"IS-NLE",2.09484224568862,5.76499533914585,6.6872472068149,4.47238841810199,5.51010599277904,4.36778268513916,1.60201826570753,2.47430773517003,5.5606102308275,5.97185225496558,5.69354586025644,1.96200285072934,4.21749709570817,1.74986150939528,4.95265104677819,2.30899652591545,4.62734610112054,0.87054960432912,3.13091887671993,1.96934220487333,4.28220272337998,6.27765047078258,2.08195467980641,5.19195444187476,4.28764267340121,1.20205674817996,3.63511174027659,4.48590064922752,4.40267168928406,2.9516529985918,1.69852398792388,4.90131876184152,3.83485342155989,1.41560910170445,0.570761988006888
"IS-PNS",3.31245299794955,6.6872472068149,12.779459631128,7.34108067949256,9.63753459677148,8.31972933603451,5.48335348260479,4.98568664154596,10.3969556446099,9.88721632249804,10.4030635221215,3.45813097347523,6.14632182157118,1.75320189237313,7.06875820136137,2.93322308031541,6.94032039137279,1.61257975657235,5.70914335728573,2.94504341474483,6.50757031544913,10.5416361157846,3.90887486195524,6.24041880062852,7.48214651660797,2.09165882795022,5.70085146969887,7.1852540684039,6.69279211031756,3.86220900850469,4.241040360958,6.25629738243296,4.72088611526923,2.14317804585244,0.471181876068722
"PM-ZS",1.84964734477326,4.47238841810199,7.34108067949256,5.75254834598906,6.45224842200651,5.67763332437091,3.70750750876434,3.44750493602037,6.844244225563,6.57771625819004,6.38164927564443,2.11684699047218,4.14169777010353,1.57499061717655,4.64137616972201,2.36484598751428,4.52251575993847,1.17017232237314,3.74756177116393,1.7933502576493,3.89326749869879,6.41053115651046,2.05058027283882,4.67219285691858,4.4231325923011,1.28442011690509,3.36249903557989,4.18175911615132,4.23010982221071,2.48647219565091,2.39603516394651,4.14203558460221,2.75558481570238,1.21646518386521,-0.0698536268539549
"PM-ZI",2.32679493503242,5.51010599277904,9.63753459677148,6.45224842200651,9.76839592256981,7.4380032657583,4.54137188893018,3.94248305160563,9.66407234862696,8.16265384143446,8.07526637068262,2.80475092078038,5.29449821204811,2.0356060079592,6.41339002259445,3.12201823472933,5.58822287896034,1.63494962379791,5.91775093287576,3.17142961479285,3.63236563765496,6.99982718096275,2.78567072339169,5.9055543564915,5.76681598916208,1.49561676514069,4.47628736896088,5.4004942813479,5.19836393324029,4.29037339934863,3.30425119499598,5.7810178288225,3.36114792062506,1.59224134474339,0.215335323452188
"PM-MT",1.86837397699886,4.36778268513916,8.31972933603451,5.67763332437091,7.4380032657583,7.65804720119739,4.02546350650671,3.86224608252806,7.7572862440927,7.2427218917227,6.53689004503229,2.56795926291654,4.32748572673267,1.00843509459767,4.29060196447081,1.68418281292659,4.34677638439985,1.30352243361073,4.15922553084382,1.39012757649358,4.04131721916069,6.93624774039917,2.43010201419365,4.96298093355306,4.56843711379699,1.34300590094832,3.38792152524421,4.65305970475284,4.11627277080646,3.45435240364663,2.64600208744326,4.74462148376862,2.50521008637931,1.19447906925866,0.0240802555966392
"NLE-NON",1.55449573396691,1.60201826570753,5.48335348260479,3.70750750876434,4.54137188893018,4.02546350650671,8.18814523581901,3.66108714779252,6.29221415129774,3.36463609277552,4.52904901459705,1.40455288223214,2.28884287501392,1.01585999013952,2.72901953852438,1.34796306130023,3.03526377927282,0.830595725716003,3.08034146946707,1.38550961738461,2.80121223897415,5.02799633279005,1.29263604610231,3.323892768458,2.90649944079673,1.09515877803212,2.11398839975704,3.24241936740254,2.98484121894373,1.80743891325254,1.10648235630347,2.20395833421071,1.28575607040832,0.612278196773624,0.188404757393105
"NLE-ZS",1.26972117877044,2.47430773517003,4.98568664154596,3.44750493602037,3.94248305160563,3.86224608252806,3.66108714779252,4.01833958205625,5.33705078811313,5.52249516223313,4.51619569089297,1.71482442603735,2.74858786716389,0.938974849877892,2.69444113325851,1.00559419583617,3.07354541179925,0.528256858035233,1.56686094094803,0.821174825400436,3.16905925039428,5.34006559090545,1.23197593719011,3.50541753538423,2.86506139079937,0.817595359436641,2.27383016949731,2.94096821956155,3.06595234601517,1.81760778170674,0.33412750389479,3.27579648523781,1.91097661970973,0.703490543316166,0.034377872550627
"NLE-ZI",2.73628889345733,5.5606102308275,10.3969556446099,6.844244225563,9.66407234862696,7.7572862440927,6.29221415129774,5.33705078811313,11.0927096037839,10.3145016939927,9.29379037369814,2.91038785142394,5.64806353523628,2.76788917030188,7.02178858728232,3.43860039619342,6.59412170157487,1.52310646137051,6.08604376869762,2.9959445710307,4.92597299867891,9.00423740642766,2.99516081924697,6.61472851690214,6.25608171504614,1.86761054769729,4.97583165308298,5.91784445783913,6.31318909910528,4.58167694561426,2.18568701490175,6.4179245640653,3.75810562075904,1.49178212176808,0.303718376948009
"NON-BR",2.73894269398577,5.97185225496558,9.88721632249804,6.57771625819004,8.16265384143446,7.2427218917227,3.36463609277552,5.52249516223313,10.3145016939927,21.8643531792914,10.3284223433113,2.73372917346655,4.14145500263402,3.37838835359664,6.76224185394406,2.63595983520639,6.60103745933288,1.06534597632147,5.12601126405199,1.92532260257635,7.6139388459504,13.0173313590932,2.75858073483159,8.38805230067681,6.67189606899317,1.92815645545311,5.78504062753159,5.23898240505019,6.38834828089018,3.57481270541178,-5.4190616792442,6.21442005195588,2.58512987311204,1.01748157711441,0.917642175964702
"NON-PNS",2.98617349037009,5.69354586025644,10.4030635221215,6.38164927564443,8.07526637068262,6.53689004503229,4.52904901459705,4.51619569089297,9.29379037369814,10.3284223433113,11.1739331757721,3.07168673810521,5.90575723617904,2.63758060043533,6.73623845796328,3.03479646052509,6.86725995423634,1.11629705075332,5.16838387803382,3.01224584575262,6.27694042507451,9.99123543807333,3.50249232437442,6.10895774137481,6.34271530516378,2.06767688349929,5.32178516132296,6.47671611513955,6.85081773841369,3.66513531879218,2.74401378532166,5.70283435729926,4.31429882970989,1.67953796353647,0.3978274847886
"BR-PT",0.827055980482498,1.96200285072934,3.45813097347523,2.11684699047218,2.80475092078038,2.56795926291654,1.40455288223214,1.71482442603735,2.91038785142394,2.73372917346655,3.07168673810521,2.79283931449794,2.82320838037167,-0.629864218798712,1.34274377753845,0.0114852504887731,1.5293375300769,0.482976938564,1.34173768132695,0.715318033485535,2.46091170142281,2.1676581110467,1.20159989717895,2.2153062088541,1.80546577293767,0.667572720212255,1.5678626600698,2.25338173798886,1.44919006692029,1.7556195882996,1.81706182860829,1.92805069088012,1.63820804036222,0.559544124292343,0.186192008017524
"BR-APET",1.81513282918176,4.21749709570817,6.14632182157118,4.14169777010353,5.29449821204811,4.32748572673267,2.28884287501392,2.74858786716389,5.64806353523628,4.14145500263402,5.90575723617904,2.82320838037167,5.79864003871142,1.86008759323634,4.90041142309859,2.53905811432281,4.33223610247361,0.869862499458146,3.07173137679756,1.82945426569378,3.61304786892185,5.06917425561545,2.13988679361421,4.98201587328702,3.5259237788971,1.22492700424054,3.33881050256529,4.54322392409255,4.25355107477013,3.55356034735544,4.30194173216406,4.45037569517515,3.90095784903457,1.32974145252336,0.223213650611015
"PT-APET",0.843436774133755,1.74986150939528,1.75320189237313,1.57499061717655,2.0356060079592,1.00843509459767,1.01585999013952,0.938974849877892,2.76788917030188,3.37838835359664,2.63758060043533,-0.629864218798712,1.86008759323634,4.03342129033282,4.29503342935973,3.4033750140105,2.89828217261435,0.234611457390995,1.87629401804215,1.08138604694395,0.779949690379843,2.61184589392755,0.39502933930112,2.64722902694381,1.11738418314547,0.617507649367236,1.39010692337946,1.45749014068632,2.87774537699148,1.1291847960972,-0.096409824914782,1.92360867924846,2.55219318571423,0.732928798973683,0.193093722222815
"PT-BA",2.28369748135876,4.95265104677819,7.06875820136137,4.64137616972201,6.41339002259445,4.29060196447081,2.72901953852438,2.69444113325851,7.02178858728232,6.76224185394406,6.73623845796328,1.34274377753845,4.90041142309859,4.29503342935973,9.47963782606584,5.42180697258406,6.47898123997814,1.31712357886333,4.47828996633956,2.73341871126232,3.98797976699352,6.11164961304879,2.39429727649922,5.35238659814167,6.28180214607974,1.9620357622258,5.05055387175513,4.92348597813706,6.00048795819012,3.75512303807562,3.0819184200828,5.77451838654096,6.05153162459309,1.5730270481727,0.216067434765375
"PT-EAM",1.08301589616435,2.30899652591545,2.93322308031541,2.36484598751428,3.12201823472933,1.68418281292659,1.34796306130023,1.00559419583617,3.43860039619342,2.63595983520639,3.03479646052509,0.0114852504887731,2.53905811432281,3.4033750140105,5.42180697258406,4.38091888843509,3.49425303955945,0.887951022856872,2.55853510969588,1.47732915860332,1.12413484213683,1.75062663051132,0.980348083219152,2.37615907961457,2.25602153148132,0.893975540404781,1.7681319651461,2.07286586116069,3.08426154201792,1.95167528792633,1.73894776389487,2.58837201921337,3.814951518365,0.924134632820586,0.0641034547385351
"PT-ZYGI",2.371333131407,4.62734610112054,6.94032039137279,4.52251575993847,5.58822287896034,4.34677638439985,3.03526377927282,3.07354541179925,6.59412170157487,6.60103745933288,6.86725995423634,1.5293375300769,4.33223610247361,2.89828217261435,6.47898123997814,3.49425303955945,6.86094702296109,0.713591198817915,3.72331758408009,2.43447873375106,5.26124652082907,7.57899817219931,2.46653582591022,5.46288094148932,5.14075053279951,1.84603557749133,4.18266070181411,5.31092569836409,6.72765108101134,3.34297820940338,1.97786114016225,4.93887195064283,3.79679233591226,0.612985534648397,0.428475477578923
"PT-TSP",0.346214662398503,0.87054960432912,1.61257975657235,1.17017232237314,1.63494962379791,1.30352243361073,0.830595725716003,0.528256858035233,1.52310646137051,1.06534597632147,1.11629705075332,0.482976938564,0.869862499458146,0.234611457390995,1.31712357886333,0.887951022856872,0.713591198817915,1.23098147326331,1.07081740205539,0.463995726569127,0.958762739089733,0.876252269093855,0.560303627575608,0.888050435096978,0.94453554515901,0.289806211538349,0.63913549143611,0.812037522784922,0.188246939509312,0.913730551640703,0.607341782710678,0.947845599795368,0.893609817658728,0.348886333155301,-0.0468744481444479
"ZS-ZI",1.58402493428388,3.13091887671993,5.70914335728573,3.74756177116393,5.91775093287576,4.15922553084382,3.08034146946707,1.56686094094803,6.08604376869762,5.12601126405199,5.16838387803382,1.34173768132695,3.07173137679756,1.87629401804215,4.47828996633956,2.55853510969588,3.72331758408009,1.07081740205539,4.7253542350435,2.18322686565851,1.99799018144878,4.00402173462303,1.82136211436843,3.32089804916128,3.54743709918027,1.13953790113578,2.82502042179897,3.14105357069274,3.42293307329092,2.65578403867145,2.28118986927112,3.10714737554459,1.93777342586905,0.823755486059028,0.204935204107939
"ZI-MT",0.926449171339691,1.96934220487333,2.94504341474483,1.7933502576493,3.17142961479285,1.39012757649358,1.38550961738461,0.821174825400436,2.9959445710307,1.92532260257635,3.01224584575262,0.715318033485535,1.82945426569378,1.08138604694395,2.73341871126232,1.47732915860332,2.43447873375106,0.463995726569127,2.18322686565851,2.26341898514052,1.10933395794134,2.24683077729723,0.69152563237028,1.91622458675829,2.12866739616462,0.740815922463355,1.8395014273139,2.15499643831343,2.40186881292628,1.34673313600764,1.16794357340096,1.92704507338721,1.5923928373142,0.629021203236102,0.307848012670311
"ZI-ZYGI",2.20626390388959,4.28220272337998,6.50757031544913,3.89326749869879,3.63236563765496,4.04131721916069,2.80121223897415,3.16905925039428,4.92597299867891,7.6139388459504,6.27694042507451,2.46091170142281,3.61304786892185,0.779949690379843,3.98797976699352,1.12413484213683,5.26124652082907,0.958762739089733,1.99799018144878,1.10933395794134,8.3115842607271,8.90838370073735,2.58946505275726,5.66440583715506,4.81728820363333,1.74345059550455,3.74734987045233,5.00489585171062,4.95215806469183,2.11278034474052,-0.34853513138145,4.11976700364655,2.96284747950647,0.759905692754557,0.532060227782118
"ZI-TSP",3.11067971977662,6.27765047078258,10.5416361157846,6.41053115651046,6.99982718096275,6.93624774039917,5.02799633279005,5.34006559090545,9.00423740642766,13.0173313590932,9.99123543807333,2.1676581110467,5.06917425561545,2.61184589392755,6.11164961304879,1.75062663051132,7.57899817219931,0.876252269093855,4.00402173462303,2.24683077729723,8.90838370073735,15.8199057640551,3.32709207201086,8.18326634537372,7.62670280633892,2.3156723247318,6.06946917563119,7.60535663111171,7.81605694169103,3.02701640950804,-0.461440568225922,6.42797909957181,2.40262058681458,1.20149940269248,0.615934537996497
"MT-PNS",1.0760106277875,2.08195467980641,3.90887486195524,2.05058027283882,2.78567072339169,2.43010201419365,1.29263604610231,1.23197593719011,2.99516081924697,2.75858073483159,3.50249232437442,1.20159989717895,2.13988679361421,0.39502933930112,2.39429727649922,0.980348083219152,2.46653582591022,0.560303627575608,1.82136211436843,0.69152563237028,2.58946505275726,3.32709207201086,1.99796025116669,1.75295903533741,2.64650100882776,0.859075556896097,1.88498649824636,2.58140622448438,2.31405893107465,1.98241650096541,1.50117014315714,2.36345543484937,1.31154214924346,0.301087826196764,0.185531284517308
"PNS-APET",2.34004018876026,5.19195444187476,6.24041880062852,4.67219285691858,5.9055543564915,4.96298093355306,3.323892768458,3.50541753538423,6.61472851690214,8.38805230067681,6.10895774137481,2.2153062088541,4.98201587328702,2.64722902694381,5.35238659814167,2.37615907961457,5.46288094148932,0.888050435096978,3.32089804916128,1.91622458675829,5.66440583715506,8.18326634537372,1.75295903533741,9.11628909900629,3.69713898211082,0.969401580271961,4.01290952931538,5.596610277139,5.36858981566099,3.3031954837294,0.407765036316287,5.31351464230287,3.49453283002458,1.0699386018644,0.70062786922734
"APET-BA",2.05632963591195,4.28764267340121,7.48214651660797,4.4231325923011,5.76681598916208,4.56843711379699,2.90649944079673,2.86506139079937,6.25608171504614,6.67189606899317,6.34271530516378,1.80546577293767,3.5259237788971,1.11738418314547,6.28180214607974,2.25602153148132,5.14075053279951,0.94453554515901,3.54743709918027,2.12866739616462,4.81728820363333,7.62670280633892,2.64650100882776,3.69713898211082,7.35097585975921,2.01045820214699,5.07033350573192,4.73928241744667,4.88974451663584,3.07931426238738,2.00257061084998,5.12915305904404,3.08485780620728,1.04188729813525,0.00596719058760968
"APET-TS",0.684493744569932,1.20205674817996,2.09165882795022,1.28442011690509,1.49561676514069,1.34300590094832,1.09515877803212,0.817595359436641,1.86761054769729,1.92815645545311,2.06767688349929,0.667572720212255,1.22492700424054,0.617507649367236,1.9620357622258,0.893975540404781,1.84603557749133,0.289806211538349,1.13953790113578,0.740815922463355,1.74345059550455,2.3156723247318,0.859075556896097,0.969401580271961,2.01045820214699,1.26681063360737,1.39095145793105,1.68315778919455,1.84385308602557,1.16376911926844,0.651022621106921,1.21288754584899,1.08444114413164,0.157561845838241,0.221958221411085
"BA-EAM",1.7558633374883,3.63511174027659,5.70085146969887,3.36249903557989,4.47628736896088,3.38792152524421,2.11398839975704,2.27383016949731,4.97583165308298,5.78504062753159,5.32178516132296,1.5678626600698,3.33881050256529,1.39010692337946,5.05055387175513,1.7681319651461,4.18266070181411,0.63913549143611,2.82502042179897,1.8395014273139,3.74734987045233,6.06946917563119,1.88498649824636,4.01290952931538,5.07033350573192,1.39095145793105,4.37208911947748,3.66766234020546,4.09039316221965,2.37184408809884,1.86534432433767,4.01638575567788,2.72950366294993,0.826790539646405,0.223743691698493
"EAM-ZYGI",2.24494303991632,4.48590064922752,7.1852540684039,4.18175911615132,5.4004942813479,4.65305970475284,3.24241936740254,2.94096821956155,5.91784445783913,5.23898240505019,6.47671611513955,2.25338173798886,4.54322392409255,1.45749014068632,4.92348597813706,2.07286586116069,5.31092569836409,0.812037522784922,3.14105357069274,2.15499643831343,5.00489585171062,7.60535663111171,2.58140622448438,5.596610277139,4.73928241744667,1.68315778919455,3.66766234020546,6.78167254677398,5.45364978289689,3.60681715744382,1.7414918683179,5.34484237991744,3.57330040571529,1.15327179734712,0.627080521338188
"ZYGI-TSP",2.34359058105919,4.40267168928406,6.69279211031756,4.23010982221071,5.19836393324029,4.11627277080646,2.98484121894373,3.06595234601517,6.31318909910528,6.38834828089018,6.85081773841369,1.44919006692029,4.25355107477013,2.87774537699148,6.00048795819012,3.08426154201792,6.72765108101134,0.188246939509312,3.42293307329092,2.40186881292628,4.95215806469183,7.81605694169103,2.31405893107465,5.36858981566099,4.88974451663584,1.84385308602557,4.09039316221965,5.45364978289689,6.97823490759462,3.18619117869078,1.63951663161435,4.86555886588999,3.55628270739439,0.588684386488473,0.480010524799381
"LD-AS",1.34326899656004,2.9516529985918,3.86220900850469,2.48647219565091,4.29037339934863,3.45435240364663,1.80743891325254,1.81760778170674,4.58167694561426,3.57481270541178,3.66513531879218,1.7556195882996,3.55356034735544,1.1291847960972,3.75512303807562,1.95167528792633,3.34297820940338,0.913730551640703,2.65578403867145,1.34673313600764,2.11278034474052,3.02701640950804,1.98241650096541,3.3031954837294,3.07931426238738,1.16376911926844,2.37184408809884,3.60681715744382,3.18619117869078,11.6748882031042,-1.86160487530878,8.25231454308987,-1.62000116201813,-2.87167726521725,0.443962625078774
"BR-LD",0.961325734089685,1.69852398792388,4.241040360958,2.39603516394651,3.30425119499598,2.64600208744326,1.10648235630347,0.33412750389479,2.18568701490175,-5.4190616792442,2.74401378532166,1.81706182860829,4.30194173216406,-0.096409824914782,3.0819184200828,1.73894776389487,1.97786114016225,0.607341782710678,2.28118986927112,1.16794357340096,-0.34853513138145,-0.461440568225922,1.50117014315714,0.407765036316287,2.00257061084998,0.651022621106921,1.86534432433767,1.7414918683179,1.63951663161435,-1.86160487530878,18.9479588491233,-3.75372665583712,3.83067509174033,1.47326494235621,-0.564661655939497
"OPI-LD",1.99421992905007,4.90131876184152,6.25629738243296,4.14203558460221,5.7810178288225,4.74462148376862,2.20395833421071,3.27579648523781,6.4179245640653,6.21442005195588,5.70283435729926,1.92805069088012,4.45037569517515,1.92360867924846,5.77451838654096,2.58837201921337,4.93887195064283,0.947845599795368,3.10714737554459,1.92704507338721,4.11976700364655,6.42797909957181,2.36345543484937,5.31351464230287,5.12915305904404,1.21288754584899,4.01638575567788,5.34484237991744,4.86555886588999,8.25231454308987,-3.75372665583712,11.6232097979117,2.78778704733702,0.211178135665315,-0.0479829668005724
"PT-AS",1.64265575758724,3.83485342155989,4.72088611526923,2.75558481570238,3.36114792062506,2.50521008637931,1.28575607040832,1.91097661970973,3.75810562075904,2.58512987311204,4.31429882970989,1.63820804036222,3.90095784903457,2.55219318571423,6.05153162459309,3.814951518365,3.79679233591226,0.893609817658728,1.93777342586905,1.5923928373142,2.96284747950647,2.40262058681458,1.31154214924346,3.49453283002458,3.08485780620728,1.08444114413164,2.72950366294993,3.57330040571529,3.55628270739439,-1.62000116201813,3.83067509174033,2.78778704733702,10.6449124932644,4.4228450603606,0.370214770261127
"JP-AS",0.622067530086851,1.41560910170445,2.14317804585244,1.21646518386521,1.59224134474339,1.19447906925866,0.612278196773624,0.703490543316166,1.49178212176808,1.01748157711441,1.67953796353647,0.559544124292343,1.32974145252336,0.732928798973683,1.5730270481727,0.924134632820586,0.612985534648397,0.348886333155301,0.823755486059028,0.629021203236102,0.759905692754557,1.20149940269248,0.301087826196764,1.0699386018644,1.04188729813525,0.157561845838241,0.826790539646405,1.15327179734712,0.588684386488473,-2.87167726521725,1.47326494235621,0.211178135665315,4.4228450603606,3.86542309324079,0.0726945808577465
"BA-OPI",0.440889155647483,0.570761988006888,0.471181876068722,-0.0698536268539549,0.215335323452188,0.0240802555966392,0.188404757393105,0.034377872550627,0.303718376948009,0.917642175964702,0.3978274847886,0.186192008017524,0.223213650611015,0.193093722222815,0.216067434765375,0.0641034547385351,0.428475477578923,-0.0468744481444479,0.204935204107939,0.307848012670311,0.532060227782118,0.615934537996497,0.185531284517308,0.70062786922734,0.00596719058760968,0.221958221411085,0.223743691698493,0.627080521338188,0.480010524799381,0.443962625078774,-0.564661655939497,-0.0479829668005724,0.370214770261127,0.0726945808577465,1.1511751855718
