"","IS-PM","IS-NLE","IS-PNS","PM-ZS","PM-ZI","PM-MT","NLE-NON","NLE-ZS","NLE-ZI","NON-BR","NON-PNS","BR-PT","BR-APET","PT-APET","PT-BA","PT-EAM","PT-ZYGI","PT-TSP","ZS-ZI","ZI-MT","ZI-ZYGI","ZI-TSP","MT-PNS","PNS-APET","APET-BA","APET-TS","BA-EAM","EAM-ZYGI","ZYGI-TSP","LD-AS","BR-LD","OPI-LD","PT-AS","JP-AS","BA-OPI"
"IS-PM",11.2008844764222,23.9797187254635,35.8622852632375,17.1185682884125,23.8324409654533,24.4898912255006,11.0275138966286,13.6092250157595,20.3627434262546,16.6025007145474,10.3397851713647,11.4684051262733,13.9577734288663,5.41517857393738,13.8940196563408,6.17695674495045,14.6051590177896,-0.372495259105487,7.55133520506479,11.589633015869,8.32519159233283,18.2953000469228,4.89208041203286,15.9107148327639,9.71533362994706,0.8164657442425,12.7078933014134,13.5323683171054,17.7913823593354,9.58650759484988,3.44345363194411,9.26207717171777,9.05183773308982,1.86402665581742,-1.48408812944694
"IS-NLE",23.9797187254635,94.2772836148489,114.381824298523,62.9428522050099,84.7847731500176,88.7549911561426,17.1067738693549,35.7626014434958,58.986196509935,63.3956476009416,31.6250192556624,38.6476006342891,43.504195879519,8.57776080309944,38.6401137669279,14.2152129351397,42.3590614353488,-3.99242515302228,25.6741313537961,36.4420492999101,27.841176703565,57.4320930261333,14.7108033826752,42.039234965162,36.1081222248095,2.86111171178245,37.5902545478723,37.2072372711793,51.8296754703135,27.515292920127,5.11765659181746,24.9181818752527,25.6186807949044,1.25366084983013,-6.80573088890428
"IS-PNS",35.8622852632375,114.381824298523,174.626701383501,87.5786954900821,122.206177730662,125.043018322916,50.0524764516752,50.595077062198,89.1816513788955,70.8271717899496,44.2480184258456,50.2075914546856,55.1539377887525,11.9865138272724,53.3432767506612,18.7204601366696,57.5420425706744,-8.97598622178295,39.6874858280408,42.6956732575103,40.0214423382301,79.6890850626303,22.1303553813594,53.6687630689876,47.1484563996586,3.78962178796633,51.3049271191313,53.4283623142554,71.9782128390438,37.9118949448998,6.32487313773838,37.7855780614657,33.0712852050582,1.65602477669137,-11.7024725544071
"PM-ZS",17.1185682884125,62.9428522050099,87.5786954900821,54.8322065134684,70.6974358427008,70.4235050515406,27.9929154056838,34.6329448752404,51.0097806798761,43.5859755100962,20.9975020054897,28.2833180721889,27.1092124401955,3.7397791704456,27.3185549638533,8.47188466568737,29.7812233039865,-6.26871031124446,17.4221924142676,22.556103787306,21.6216219956214,40.9538073306988,13.4074810803375,33.8150730794364,27.0540795114712,2.30738910584397,27.7653025562731,25.0296381292672,36.6781590776003,18.1938352946586,-0.0424584002973022,16.2377377023743,17.9977686705817,0.978709472374304,-7.81681601287654
"PM-ZI",23.8324409654533,84.7847731500176,122.206177730662,70.6974358427008,99.6131320336796,96.883187622748,40.0611715110013,41.9068483432315,70.4788994027789,57.8714351126665,29.2096245863621,38.883688081537,38.0299226378082,5.84870852697756,37.7988932663052,13.7007051500704,43.3121101932151,-8.05202112633869,30.3108919508633,31.7718505929574,27.0633062682437,54.9199390198972,17.3814758350291,45.7411137764002,35.4162761967633,3.64903633070597,37.7533733873848,35.9853960399041,52.4214690868073,26.3388583609265,0.412858799731533,24.5819000092489,24.6999055319807,-0.463038314433611,-8.86238248923348
"PM-MT",24.4898912255006,88.7549911561426,125.043018322916,70.4235050515406,96.883187622748,101.312748248161,35.9494470269963,39.2727291782896,68.765592657179,59.5701427335732,30.1766467389167,40.9886686678514,40.6125657921688,5.2699307130836,39.1594149315392,12.9250019945934,43.7453960879466,-9.79886793324558,30.5440988781413,33.2079565109604,30.1617137367271,58.1391155696969,17.1190377231459,45.2677819312032,38.0299782722569,3.84064046014415,40.3424543214358,37.3966615262684,54.4723585818245,28.5611270699496,0.631214336506686,26.55356599349,25.8024596761582,1.31531875370475,-8.52285137550472
"NLE-NON",11.0275138966286,17.1067738693549,50.0524764516752,27.9929154056838,40.0611715110013,35.9494470269963,74.1497101407188,21.443429051059,37.2949287863443,-20.4057709286267,9.48359437541695,9.29940303043641,6.56351399198117,0.490396619984194,8.64153540658767,1.16898781241804,15.4200341149479,-7.51034571585001,14.2419916865145,7.2709138003453,12.1139705097866,20.8690152669677,10.2427821615124,21.8105229893224,6.24538162430177,1.19713369224057,15.7385462326611,10.4954430992959,17.5450960329157,6.98254354386458,-1.08761660540033,11.8509288326276,3.20387782883453,4.81473158287765,-6.33808178775784
"NLE-ZS",13.6092250157595,35.7626014434958,50.595077062198,34.6329448752404,41.9068483432315,39.2727291782896,21.443429051059,32.8222837931858,35.0239841197846,25.5878790605397,14.3594430608247,16.5846206884251,17.9382965906293,6.59198667530988,19.4232004975611,8.94388089982981,20.2813838039544,-0.43798176706288,4.43354803575668,14.6969857932493,12.2508328224242,24.1723376789803,9.16019936187976,26.7998005287472,15.428360139091,1.71016091649984,19.0375381045456,15.4889290503422,22.5260641360345,11.8633286056745,0.598086795819331,9.7468100520473,14.0457350695346,4.13463865199344,-4.1099456081839
"NLE-ZI",20.3627434262546,58.986196509935,89.1816513788955,51.0097806798761,70.4788994027789,68.765592657179,37.2949287863443,35.0239841197846,57.6436552801756,42.0144276182761,24.4691087269172,29.7018326996468,29.5693360764488,6.98656739288313,28.5362133167383,11.2888918282143,33.0143097929882,-5.35138702135799,22.8171049147014,24.7100686656105,20.4917559979752,41.8439136729436,14.1908010029481,36.2087209852246,23.4689714987544,1.5697016997069,28.0652646230269,27.2056966056372,39.3639961695939,20.5650583244738,2.47539224067509,19.9268039219301,18.987764171447,1.90477053896448,-5.03438184777909
"NON-BR",16.6025007145474,63.3956476009416,70.8271717899496,43.5859755100962,57.8714351126665,59.5701427335732,-20.4057709286267,25.5878790605397,42.0144276182761,92.9469518773586,24.8624695386201,34.6279571226297,34.6378571977269,9.16562684520488,32.1105822391584,13.81497127407,31.2028266281501,0.58205218721677,16.7432644033212,29.2803688138786,16.9426191087742,39.3680195180979,8.68525582911688,33.1137884912354,27.7036989361622,-0.561388443538592,25.5356201952814,27.9563365962988,37.9050731762734,19.1512727534841,-0.325243455689429,13.5047724925034,21.3954769066052,-3.70778718030612,-2.74362439566371
"NON-PNS",10.3397851713647,31.6250192556624,44.2480184258456,20.9975020054897,29.2096245863621,30.1766467389167,9.48359437541695,14.3594430608247,24.4691087269172,24.8624695386201,19.3874517430788,15.2564104637669,19.3081234402519,8.42228709528864,17.2635493655382,7.0628540266477,16.6435432445231,0.233643806286797,10.2046653859769,13.9347124906816,10.2879252881201,21.1472204127743,5.4827711090043,14.9434467005152,10.9890039245503,0.2198872931841,15.135453255067,13.9999803029042,19.8221819618197,12.8219544045744,3.33115875193657,9.59040883563861,9.4429854326266,2.42939302195849,-0.336511125649763
"BR-PT",11.4684051262733,38.6476006342891,50.2075914546856,28.2833180721889,38.883688081537,40.9886686678514,9.29940303043641,16.5846206884251,29.7018326996468,34.6279571226297,15.2564104637669,23.8413570096964,21.5560608918648,1.83491205107632,15.2330955120622,4.32861350536741,17.8007420271083,-3.27329780655343,13.5579989910145,16.7518535917242,10.8079843915459,23.8442006622311,6.45956401703098,20.2221756756019,14.0252084179572,0.417704624153128,16.2272763321192,17.3001786819774,23.2996903577496,13.5766459352975,0.306451375913232,11.3583128224486,11.4742282219678,0.133636313392245,-1.13670144891062
"BR-APET",13.9577734288663,43.504195879519,55.1539377887525,27.1092124401955,38.0299226378082,40.6125657921688,6.56351399198117,17.9382965906293,29.5693360764488,34.6378571977269,19.3081234402519,21.5560608918648,29.8238602353448,12.6703270922945,23.2721061632028,11.8879655004715,22.0003462893756,1.88228355924778,13.1021466234765,17.2854952656562,13.6102892637772,27.0966167076265,7.59037969884041,24.6245143415141,14.6636574858187,1.20122529507247,19.2832210075316,20.6561725329561,25.3213508175268,16.7232494840534,6.41635386631375,15.0097372376247,16.2785872718036,3.3147275064718,0.759964138611837
"PT-APET",5.41517857393738,8.57776080309944,11.9865138272724,3.7397791704456,5.84870852697756,5.2699307130836,0.490396619984194,6.59198667530988,6.98656739288313,9.16562684520488,8.42228709528864,1.83491205107632,12.6703270922945,17.8490661338917,15.6814409896002,12.3291793521742,8.7393330064937,7.22382577223403,1.6907162343856,3.35598024915521,4.59599970175621,7.18907351072555,3.13622300202699,12.1584676156619,1.32212103563292,0.946113710878419,7.57192429249797,7.72086877632548,6.37527232154574,7.25496902020214,6.24475639284448,3.97084079218911,9.1350625873106,2.33564571078511,2.96643525499207
"PT-BA",13.8940196563408,38.6401137669279,53.3432767506612,27.3185549638533,37.7988932663052,39.1594149315392,8.64153540658767,19.4232004975611,28.5362133167383,32.1105822391584,17.2635493655382,15.2330955120622,23.2721061632028,15.6814409896002,32.7562548423195,15.3412265548054,21.7483063597439,2.98795883453849,10.9276795893508,15.2381487236478,16.1443999691657,26.7163134269674,7.95392918618432,23.7610379564425,21.8523279562613,0.719388558298688,24.0003376323287,17.815676290945,23.7390208315862,16.2308840720903,5.01755266053463,13.1065661155112,16.5158690167329,3.0151051279654,-1.02643808253294
"PT-EAM",6.17695674495045,14.2152129351397,18.7204601366696,8.47188466568737,13.7007051500704,12.9250019945934,1.16898781241804,8.94388089982981,11.2888918282143,13.81497127407,7.0628540266477,4.32861350536741,11.8879655004715,12.3291793521742,15.3412265548054,13.283640606476,13.1460219898763,5.6252409640715,3.80508833354881,6.73692498435821,4.6902814028165,10.2850088074634,3.58797903985854,12.9814202046949,5.76199578691442,0.242459177515967,8.82634532809603,10.5657746872313,10.8824556466368,8.4923373014005,4.540254558173,5.42965338095976,10.9215605544873,0.380257540495066,2.64869142351899
"PT-ZYGI",14.6051590177896,42.3590614353488,57.5420425706744,29.7812233039865,43.3121101932151,43.7453960879466,15.4200341149479,20.2813838039544,33.0143097929882,31.2028266281501,16.6435432445231,17.8007420271083,22.0003462893756,8.7393330064937,21.7483063597439,13.1460219898763,30.9610863025937,0.139633178606385,13.2924313277908,22.2841159870153,12.756145305991,31.0390135333456,7.0558748485436,26.663988949266,15.1322088067401,1.76993571933734,20.5967336961719,22.723884901387,32.8338333686362,16.3304794503363,1.7090480916165,13.6742440977255,16.1098543528532,-0.777548661851854,-1.61203437679426
"PT-TSP",-0.372495259105487,-3.99242515302228,-8.97598622178295,-6.26871031124446,-8.05202112633869,-9.79886793324558,-7.51034571585001,-0.43798176706288,-5.35138702135799,0.58205218721677,0.233643806286797,-3.27329780655343,1.88228355924778,7.22382577223403,2.98795883453849,5.6252409640715,0.139633178606385,7.61248563472816,-3.88857468991391,-0.533954465370969,-2.01445197300403,-2.59186421974033,-1.05779987202484,0.325580615253233,-2.52774341724674,-1.27029277069312,-1.09109763388683,-0.410476170853891,-3.90080584813924,-0.657123053922589,0.654433333090693,-2.11424130477095,1.11063605957235,-0.734895986234012,3.16583257448682
"ZS-ZI",7.55133520506479,25.6741313537961,39.6874858280408,17.4221924142676,30.3108919508633,30.5440988781413,14.2419916865145,4.43354803575668,22.8171049147014,16.7432644033212,10.2046653859769,13.5579989910145,13.1021466234765,1.6907162343856,10.9276795893508,3.80508833354881,13.2924313277908,-3.88857468991391,17.8278032709711,10.0460066429911,8.15350203196619,17.5210238458625,5.38199995678008,11.4801425755131,8.88948678651715,0.599961618341915,10.070625447569,12.2550729290872,17.0170745133247,9.1700447488337,3.18734292576571,10.1622180392954,6.52353407230772,-1.156720717543,-0.900019726259427
"ZI-MT",11.589633015869,36.4420492999101,42.6956732575103,22.556103787306,31.7718505929574,33.2079565109604,7.2709138003453,14.6969857932493,24.7100686656105,29.2803688138786,13.9347124906816,16.7518535917242,17.2854952656562,3.35598024915521,15.2381487236478,6.73692498435821,22.2841159870153,-0.533954465370969,10.0460066429911,23.0301047361883,8.58126486110234,25.5388948264198,3.52485279651899,19.270708221956,12.6860057940689,0.904961988508772,16.448432632491,18.3956591651618,26.2032204188086,13.001488778649,-0.407386661900096,10.9436803796305,9.66457096726938,-2.25337742344622,-0.957409653533762
"ZI-ZYGI",8.32519159233283,27.841176703565,40.0214423382301,21.6216219956214,27.0633062682437,30.1617137367271,12.1139705097866,12.2508328224242,20.4917559979752,16.9426191087742,10.2879252881201,10.8079843915459,13.6102892637772,4.59599970175621,16.1443999691657,4.6902814028165,12.756145305991,-2.01445197300403,8.15350203196619,8.58126486110234,16.1225125519499,21.0364125912334,6.13791566839543,14.427308007818,14.8246530798963,0.350390505836354,14.7560177730742,8.27017555199306,14.7396283090715,9.51261802677355,1.8422161862343,10.6712890876813,8.08668294428565,2.0055505788792,-5.67285624141612
"ZI-TSP",18.2953000469228,57.4320930261333,79.6890850626303,40.9538073306988,54.9199390198972,58.1391155696969,20.8690152669677,24.1723376789803,41.8439136729436,39.3680195180979,21.1472204127743,23.8442006622311,27.0966167076265,7.18907351072555,26.7163134269674,10.2850088074634,31.0390135333456,-2.59186421974033,17.5210238458625,25.5388948264198,21.0364125912334,43.9923340348932,9.6813399736382,29.8929827583392,23.2081861679234,1.52636335206716,25.7902227689653,27.909098731073,37.5014171732834,18.5408451018875,2.34721978351778,18.0722297713112,16.3663468198896,-1.85997754283424,-5.27736739230651
"MT-PNS",4.89208041203286,14.7108033826752,22.1303553813594,13.4074810803375,17.3814758350291,17.1190377231459,10.2427821615124,9.16019936187976,14.1908010029481,8.68525582911688,5.4827711090043,6.45956401703098,7.59037969884041,3.13622300202699,7.95392918618432,3.58797903985854,7.0558748485436,-1.05779987202484,5.38199995678008,3.52485279651899,6.13791566839543,9.6813399736382,5.20813633114192,9.31946492170473,6.00884919687149,0.559810786610416,6.92249373867677,6.02582460465447,7.97916057053264,4.53568893379908,2.27070277058606,5.01877998838326,5.65566625804018,2.20884808933885,-1.78307852168412
"PNS-APET",15.9107148327639,42.039234965162,53.6687630689876,33.8150730794364,45.7411137764002,45.2677819312032,21.8105229893224,26.7998005287472,36.2087209852246,33.1137884912354,14.9434467005152,20.2221756756019,24.6245143415141,12.1584676156619,23.7610379564425,12.9814202046949,26.663988949266,0.325580615253233,11.4801425755131,19.270708221956,14.427308007818,29.8929827583392,9.31946492170473,37.8272551655267,14.6707643787715,3.1311203600895,22.6896330717307,21.6021478677311,29.5660796158619,15.9683627330196,2.46348139391219,12.9247439017836,17.595012426564,2.12971551130601,-3.12376137603495
"APET-BA",9.71533362994706,36.1081222248095,47.1484563996586,27.0540795114712,35.4162761967633,38.0299782722569,6.24538162430177,15.428360139091,23.4689714987544,27.7036989361622,10.9890039245503,14.0252084179572,14.6636574858187,1.32212103563292,21.8523279562613,5.76199578691442,15.1322088067401,-2.52774341724674,8.88948678651715,12.6860057940689,14.8246530798963,23.2081861679234,6.00884919687149,14.6707643787715,24.4736312019257,-0.627798393870343,19.8861882075651,11.1921707339337,18.8248228857828,10.548559128869,-1.7576535530032,10.4119760230524,9.43686830872797,1.45926468810454,-4.67839215971177
"APET-TS",0.8164657442425,2.86111171178245,3.78962178796633,2.30738910584397,3.64903633070597,3.84064046014415,1.19713369224057,1.71016091649984,1.5697016997069,-0.561388443538592,0.2198872931841,0.417704624153128,1.20122529507247,0.946113710878419,0.719388558298688,0.242459177515967,1.76993571933734,-1.27029277069312,0.599961618341915,0.904961988508772,0.350390505836354,1.52636335206716,0.559810786610416,3.1311203600895,-0.627798393870343,3.82256529793775,1.45475716803304,1.95328993169957,2.82073033398542,1.45509087752917,1.73672293848835,1.60196972017422,1.69390499477832,1.75492460697894,-0.359356050005393
"BA-EAM",12.7078933014134,37.5902545478723,51.3049271191313,27.7653025562731,37.7533733873848,40.3424543214358,15.7385462326611,19.0375381045456,28.0652646230269,25.5356201952814,15.135453255067,16.2272763321192,19.2832210075316,7.57192429249797,24.0003376323287,8.82634532809603,20.5967336961719,-1.09109763388683,10.070625447569,16.448432632491,14.7560177730742,25.7902227689653,6.92249373867677,22.6896330717307,19.8861882075651,1.45475716803304,24.2496788119522,14.7833190446783,23.9290982286412,15.0406482635307,-1.62082215666647,12.6507926539306,12.561212875036,3.48715562114198,-3.37624813283188
"EAM-ZYGI",13.5323683171054,37.2072372711793,53.4283623142554,25.0296381292672,35.9853960399041,37.3966615262684,10.4954430992959,15.4889290503422,27.2056966056372,27.9563365962988,13.9999803029042,17.3001786819774,20.6561725329561,7.72086877632548,17.815676290945,10.5657746872313,22.723884901387,-0.410476170853891,12.2550729290872,18.3956591651618,8.27017555199306,27.909098731073,6.02582460465447,21.6021478677311,11.1921707339337,1.95328993169957,14.7833190446783,27.6243366344146,28.6632566898162,14.9906105093493,4.99351143146353,11.5672621501897,14.5268388503353,-3.99775036921705,1.20361485299622
"ZYGI-TSP",17.7913823593354,51.8296754703135,71.9782128390438,36.6781590776003,52.4214690868073,54.4723585818245,17.5450960329157,22.5260641360345,39.3639961695939,37.9050731762734,19.8221819618197,23.2996903577496,25.3213508175268,6.37527232154574,23.7390208315862,10.8824556466368,32.8338333686362,-3.90080584813924,17.0170745133247,26.2032204188086,14.7396283090715,37.5014171732834,7.97916057053264,29.5660796158619,18.8248228857828,2.82073033398542,23.9290982286412,28.6632566898162,40.1261272532822,20.222114091658,2.50936623088116,17.304793636138,17.3783228113983,-1.57221191510998,-3.06554576539933
"LD-AS",9.58650759484988,27.515292920127,37.9118949448998,18.1938352946586,26.3388583609265,28.5611270699496,6.98254354386458,11.8633286056745,20.5650583244738,19.1512727534841,12.8219544045744,13.5766459352975,16.7232494840534,7.25496902020214,16.2308840720903,8.4923373014005,16.3304794503363,-0.657123053922589,9.1700447488337,13.001488778649,9.51261802677355,18.5408451018875,4.53568893379908,15.9683627330196,10.548559128869,1.45509087752917,15.0406482635307,14.9906105093493,20.222114091658,17.6866582457851,2.64115707529591,12.1556386784264,12.1463696499888,-1.39525461943945,0.705109045427675
"BR-LD",3.44345363194411,5.11765659181746,6.32487313773838,-0.0424584002973022,0.412858799731533,0.631214336506686,-1.08761660540033,0.598086795819331,2.47539224067509,-0.325243455689429,3.33115875193657,0.306451375913232,6.41635386631375,6.24475639284448,5.01755266053463,4.540254558173,1.7090480916165,0.654433333090693,3.18734292576571,-0.407386661900096,1.8422161862343,2.34721978351778,2.27070277058606,2.46348139391219,-1.7576535530032,1.73672293848835,-1.62082215666647,4.99351143146353,2.50936623088116,2.64115707529591,20.5002401946518,3.1766069963549,6.87878426667013,5.00131597250764,3.06901537399536
"OPI-LD",9.26207717171777,24.9181818752527,37.7855780614657,16.2377377023743,24.5819000092489,26.55356599349,11.8509288326276,9.7468100520473,19.9268039219301,13.5047724925034,9.59040883563861,11.3583128224486,15.0097372376247,3.97084079218911,13.1065661155112,5.42965338095976,13.6742440977255,-2.11424130477095,10.1622180392954,10.9436803796305,10.6712890876813,18.0722297713112,5.01877998838326,12.9247439017836,10.4119760230524,1.60196972017422,12.6507926539306,11.5672621501897,17.304793636138,12.1556386784264,3.1766069963549,17.5511607205261,8.18731896734504,0.835247744891359,-4.63755092535989
"PT-AS",9.05183773308982,25.6186807949044,33.0712852050582,17.9977686705817,24.6999055319807,25.8024596761582,3.20387782883453,14.0457350695346,18.987764171447,21.3954769066052,9.4429854326266,11.4742282219678,16.2785872718036,9.1350625873106,16.5158690167329,10.9215605544873,16.1098543528532,1.11063605957235,6.52353407230772,9.66457096726938,8.08668294428565,16.3663468198896,5.65566625804018,17.595012426564,9.43686830872797,1.69390499477832,12.561212875036,14.5268388503353,17.3783228113983,12.1463696499888,6.87878426667013,8.18731896734504,17.1200058828123,2.43373549170134,3.16339232158431
"JP-AS",1.86402665581742,1.25366084983013,1.65602477669137,0.978709472374304,-0.463038314433611,1.31531875370475,4.81473158287765,4.13463865199344,1.90477053896448,-3.70778718030612,2.42939302195849,0.133636313392245,3.3147275064718,2.33564571078511,3.0151051279654,0.380257540495066,-0.777548661851854,-0.734895986234012,-1.156720717543,-2.25337742344622,2.0055505788792,-1.85997754283424,2.20884808933885,2.12971551130601,1.45926468810454,1.75492460697894,3.48715562114198,-3.99775036921705,-1.57221191510998,-1.39525461943945,5.00131597250764,0.835247744891359,2.43373549170134,13.8096745295747,-0.0266521727184366
"BA-OPI",-1.48408812944694,-6.80573088890428,-11.7024725544071,-7.81681601287654,-8.86238248923348,-8.52285137550472,-6.33808178775784,-4.1099456081839,-5.03438184777909,-2.74362439566371,-0.336511125649763,-1.13670144891062,0.759964138611837,2.96643525499207,-1.02643808253294,2.64869142351899,-1.61203437679426,3.16583257448682,-0.900019726259427,-0.957409653533762,-5.67285624141612,-5.27736739230651,-1.78307852168412,-3.12376137603495,-4.67839215971177,-0.359356050005393,-3.37624813283188,1.20361485299622,-3.06554576539933,0.705109045427675,3.06901537399536,-4.63755092535989,3.16339232158431,-0.0266521727184366,11.8229134760046
