"","IS-PM","IS-NLE","IS-PNS","PM-ZS","PM-ZI","PM-MT","NLE-NON","NLE-ZS","NLE-ZI","NON-BR","NON-PNS","BR-PT","BR-APET","PT-APET","PT-BA","PT-EAM","PT-ZYGI","PT-TSP","ZS-ZI","ZI-MT","ZI-ZYGI","ZI-TSP","MT-PNS","PNS-APET","APET-BA","APET-TS","BA-EAM","EAM-ZYGI","ZYGI-TSP","LD-AS","BR-LD","OPI-LD","PT-AS","JP-AS","BA-OPI"
"IS-PM",0.571534243608981,0.28489021927288,0.647529796834947,0.214410338880545,-0.165688518094508,0.251092668373486,0.466482438456642,0.505686265537446,0.252798863756873,0.488200851003839,0.394208159475797,0.115818919012947,0.249976475721876,0.242354776048167,0.422998604287515,0.318839663746681,0.401700760785675,0.224743193314369,-0.318951831101035,0.122798579622354,0.942923907365906,1.04175997762163,0.222032867359666,0.703245668319223,0.281414011709583,0.0995736347698502,0.23759338672905,0.602891530038673,0.352218198023562,0.10346925420444,0.0882005287538781,0.239990959097595,0.134218294933339,0.116510128844643,0.00630975338787638
"IS-NLE",0.28489021927288,0.969451666156378,1.63523328313106,1.72732969645688,1.26940335925294,1.61767694967903,1.20425772816719,1.21254392704503,1.13479531679692,0.87369452276998,0.941420927557628,0.604517211594309,1.04478162934173,0.638578694939465,0.922429086803243,0.532815584740358,0.709778638688755,0.0346608185641644,0.179371465118224,0.573193256500368,1.37421017291063,1.51703375614101,0.363500485082509,1.3566665250045,0.526445785820659,0.0763753967573153,0.583998397175859,0.936071632988177,0.806305152619171,0.398099346098026,1.27919719442553,0.384182222417202,0.398359488242156,0.209386971210111,0.0946762719111264
"IS-PNS",0.647529796834947,1.63523328313106,7.29920755661986,5.36325578672808,5.37698005844194,5.88000191240036,5.57555072058616,5.22336716321222,5.39816591638449,3.10709901133688,2.93845698393503,1.87460485896114,2.94097559768724,1.22128726852259,2.2130518480963,1.20700466188305,1.74742591461545,0.321681129785593,1.03729289126982,1.74285775157804,3.37293037748169,3.59436362876469,0.685763135882162,3.14738875231868,0.66239242347334,-0.385648948614416,1.56256285704948,2.78555905847646,2.02387188898857,2.04293154158912,1.66160965502203,2.47846084262999,1.4529979110188,0.72788386439719,0.438203144391819
"PM-ZS",0.214410338880545,1.72732969645688,5.36325578672808,6.50978424477334,4.85109172827908,5.7881435554862,5.26285919374115,5.11539175625043,4.39251200510301,3.04944550407147,2.54800240700269,1.32010564495017,2.3367752454155,1.0151480901393,1.73228381345204,0.856789472636181,2.09100825575491,-0.252747535839079,1.1787750742454,1.7369017904014,3.69962633553647,4.4461128758875,0.766893334086828,3.86112377032765,0.831903431093365,-0.0443157607798879,1.44562139065724,2.69869065663924,2.77160643463246,1.14214189598079,2.82761465550866,1.14111563869142,0.894914830871549,0.745653129404662,0.547462531972478
"PM-ZI",-0.165688518094508,1.26940335925294,5.37698005844194,4.85109172827908,7.34835154543002,5.20647237938698,4.61704654847883,4.30156905172466,7.01415417292808,2.61552728308425,2.28540807787567,1.41971831110712,2.84209905079447,1.39067935557827,2.32233103655799,1.47322894476719,2.28796646180011,0.676506219163096,3.38715349785723,1.1052881965168,0.109340411424198,0.415735510239429,0.430292183223702,2.44466569036169,0.566627646714425,-0.303955109581053,1.40290993766118,1.01078857290282,1.85472283327229,1.54687363454781,2.18295801727039,1.6169008846109,2.01324740134233,1.0569057859241,0.671570443106269
"PM-MT",0.251092668373486,1.61767694967903,5.88000191240036,5.7881435554862,5.20647237938698,6.09289386204423,4.89201358345856,4.87812110437903,4.85848918340913,3.50907024019046,2.65980388330953,1.31063969164975,2.332274471793,1.20642783559518,2.22718867108288,1.43413467197915,2.061098758985,-0.02607222745096,1.28526596942494,1.83469352538654,3.4472787337847,3.96938050931452,0.731838404743082,3.59924792507815,0.865854449467537,-0.165113609163009,1.46887398092715,2.73429106740429,2.45187718660592,1.55829907231911,1.7468748335253,1.94178237678248,1.37082359881267,0.989197033305073,0.609863361127796
"NLE-NON",0.466482438456642,1.20425772816719,5.57555072058616,5.26285919374115,4.61704654847883,4.89201358345856,8.49130018397311,5.39594458900079,4.69029482607524,0.331850686496202,1.74740102012589,1.61126948640542,1.8795479068063,0.277117523638067,1.41681616399476,-0.113428376611752,1.12489406380676,-0.133239103505322,0.448677327791192,1.2036096759281,3.98417964072601,4.09333373661452,0.707149761109013,3.94875523461141,1.08683313485447,-0.360908789072423,1.83437447563748,2.15678753347472,1.83819156722703,1.51010342854271,0.6091498454167,2.28599056903885,0.983925186972115,1.13293378588999,0.28429558736226
"NLE-ZS",0.505686265537446,1.21254392704503,5.22336716321222,5.11539175625043,4.30156905172466,4.87812110437903,5.39594458900079,5.04972246479494,4.56201801530664,2.55827169631046,2.20690418150361,1.1053648448261,2.02476182092953,0.771660510444551,1.49602410494138,0.684264876638734,1.80069219381916,0.15703448822414,0.763539062833812,1.30946466972289,3.17709791340415,3.74412737662018,0.700353568137706,3.28615350656249,0.61527461027496,-0.182683667189621,1.31865158125779,2.24896191408967,2.21753055958737,1.2144984020738,1.8684678459226,1.17801869035308,1.00425782749519,0.544731067312254,0.526813491424276
"NLE-ZI",0.252798863756873,1.13479531679692,5.39816591638449,4.39251200510301,7.01415417292808,4.85848918340913,4.69029482607524,4.56201801530664,7.53003459910293,2.69273171941256,2.57023695980521,1.15092956263818,2.91789619028877,1.65361304452835,2.53962413260552,1.83751999493486,2.88604668666611,1.28315132211518,3.60466982605836,1.00259649488479,0.294932806704762,0.82457829859767,0.595375358551449,2.71509133357759,0.459434163990783,-0.300753279580119,1.39681673125417,1.17054974841491,2.0528030489003,1.72410712495818,2.1312751734366,1.81197269487915,2.3590188497634,1.03391460702501,0.586510628168636
"NON-BR",0.488200851003839,0.87369452276998,3.10709901133688,3.04944550407147,2.61552728308425,3.50907024019046,0.331850686496202,2.55827169631046,2.69273171941256,6.51672169687969,1.88764037454475,-0.127021937111201,0.622860954465847,1.02401435596209,1.55834115068437,1.80789090898111,1.83041739854475,-0.461498319863706,0.773941616839681,0.942709186223304,2.73054337804351,3.27571796098202,0.684117991425041,2.57867105092136,0.564543769013374,0.1606596057775,0.749912447845491,1.97583720906086,2.11505058362168,-0.0816145725656745,0.52829464170137,-0.206653635694491,0.620896043073214,0.54488652090038,0.778675267895983
"NON-PNS",0.394208159475797,0.941420927557628,2.93845698393503,2.54800240700269,2.28540807787567,2.65980388330953,1.74740102012589,2.20690418150361,2.57023695980521,1.88764037454475,2.2877549764383,0.936508157897315,1.89530080409894,1.22639588284015,1.59039596974146,1.27092398448168,1.6726612866315,0.446831128075118,0.971029298242028,0.813256656982941,2.1169879348885,1.93707092963714,0.544705756036874,1.92651276440627,0.479286347066264,0.0173455814591977,0.690228569838834,1.59851234064307,1.29641446790725,1.17255387921842,0.922261989508106,1.64176090299711,1.02803456209384,0.616223664072948,0.214237557496457
"BR-PT",0.115818919012947,0.604517211594309,1.87460485896114,1.32010564495017,1.41971831110712,1.31063969164975,1.61126948640542,1.1053648448261,1.15092956263818,-0.127021937111201,0.936508157897315,2.0710962198251,2.11522502965079,0.491064264177071,0.394778408520321,-0.432662218829813,-0.198148150283794,-0.125947401270592,0.123010660684521,0.443916851480559,0.543672768560974,0.230350857878674,0.203331096797341,0.525903027451895,0.150722549414113,-0.0840172051569989,0.609369312513636,0.313221431593022,0.110546748965771,0.991921938640016,0.427532410191381,1.44036883195903,-0.0842023436866357,0.37427421155737,0.059890533737685
"BR-APET",0.249976475721876,1.04478162934173,2.94097559768724,2.3367752454155,2.84209905079447,2.332274471793,1.8795479068063,2.02476182092953,2.91789619028877,0.622860954465847,1.89530080409894,2.11522502965079,3.57540561054875,1.79345209463512,1.72171961699555,0.836297416696719,1.42730458987257,0.723576634487736,1.26410537420141,0.816367793018433,0.579762774503032,0.849833365820905,0.441783583389962,1.30145003141185,0.174451401115471,-0.123033194926873,0.959707028262529,0.715788642593766,1.08934499057777,1.57250853466912,2.29586668578403,1.74894630909704,0.871436732267125,0.652581522887394,0.305679257718679
"PT-APET",0.242354776048167,0.638578694939465,1.22128726852259,1.0151480901393,1.39067935557827,1.20642783559518,0.277117523638067,0.771660510444551,1.65361304452835,1.02401435596209,1.22639588284015,0.491064264177071,1.79345209463512,1.78298681118939,2.02908500251202,1.7040893537776,1.62319067394709,0.863844638143765,1.07059047324511,0.430238396403457,0.64131842870818,1.14311908464584,0.396851906944864,1.18284945394578,0.537411483175914,0.0818164833426449,0.551501626329047,0.971883054942653,0.932422595133761,0.87837077245061,1.49292557205389,1.09693946256713,1.21928214204712,0.708314362322597,0.345830190706858
"PT-BA",0.422998604287515,0.922429086803243,2.2130518480963,1.73228381345204,2.32233103655799,2.22718867108288,1.41681616399476,1.49602410494138,2.53962413260552,1.55834115068437,1.59039596974146,0.394778408520321,1.72171961699555,2.02908500251202,3.67063060568108,2.943694668625,2.26679640646374,1.3204694572463,1.11884366021374,0.717459129270287,1.73982366037713,2.16607246190779,0.602589361925716,2.06124798134353,1.86537700675901,0.279755181455602,1.18413636817143,1.93535991493498,1.26170624472083,1.23542348098813,1.61061618076093,1.88584313513089,2.33589051855023,1.40580025208922,0.569477655718153
"PT-EAM",0.318839663746681,0.532815584740358,1.20700466188305,0.856789472636181,1.47322894476719,1.43413467197915,-0.113428376611752,0.684264876638734,1.83751999493486,1.80789090898111,1.27092398448168,-0.432662218829813,0.836297416696719,1.7040893537776,2.943694668625,3.39372386192928,2.38368025862445,1.53806094187463,1.134808672034,0.518202193231849,0.882754761975606,1.18739385693941,0.370631363336182,1.15275305603831,1.13063692259417,0.293485106273162,0.21353032248501,1.7126690510025,1.06247806498661,0.942808030994968,0.998670952380046,1.14273970273805,2.19627337041884,0.805688122310118,0.470752345318047
"PT-ZYGI",0.401700760785675,0.709778638688755,1.74742591461545,2.09100825575491,2.28796646180011,2.061098758985,1.12489406380676,1.80069219381916,2.88604668666611,1.83041739854475,1.6726612866315,-0.198148150283794,1.42730458987257,1.62319067394709,2.26679640646374,2.38368025862445,3.32919306980717,1.2635750458556,1.73588057748448,0.855833215960151,1.4124215884434,2.03063044698737,0.590505645192068,1.9458294658501,0.712237287678639,0.170492732818373,0.584648516644189,1.49872139467376,2.32857799694174,0.73306816525489,2.06967558400303,0.4201467372775,1.6262533410862,0.678749408848624,0.396749893936621
"PT-TSP",0.224743193314369,0.0346608185641644,0.321681129785593,-0.252747535839079,0.676506219163096,-0.02607222745096,-0.133239103505322,0.15703448822414,1.28315132211518,-0.461498319863706,0.446831128075118,-0.125947401270592,0.723576634487736,0.863844638143765,1.3204694572463,1.53806094187463,1.2635750458556,1.96642666877386,0.925630655087626,0.0883005416999056,-0.978125404951343,-0.482336625331491,0.0694680307132091,-0.251703156236244,0.172379577887947,0.154590317117952,-0.0897804079765471,0.307189751482148,-0.0366138255791696,0.654120072967973,1.38016515341202,0.559133748627373,1.57399360495843,0.172853926161829,-0.0637648269173018
"ZS-ZI",-0.318951831101035,0.179371465118224,1.03729289126982,1.1787750742454,3.38715349785723,1.28526596942494,0.448677327791192,0.763539062833812,3.60466982605836,0.773941616839681,0.971029298242028,0.123010660684521,1.26410537420141,1.07059047324511,1.11884366021374,1.134808672034,1.73588057748448,0.925630655087626,3.37620241659523,0.200022632361556,-1.74838590316598,-1.25973161236516,0.0717280932566523,0.537013486406883,-0.23374705332141,-0.103688506815105,0.308802647498086,-0.349223413333817,0.80207222909531,0.643375973618573,1.18525083972626,0.747610036729343,1.36142881911939,0.655840767753463,0.11058411569097
"ZI-MT",0.122798579622354,0.573193256500368,1.74285775157804,1.7369017904014,1.1052881965168,1.83469352538654,1.2036096759281,1.30946466972289,1.00259649488479,0.942709186223304,0.813256656982941,0.443916851480559,0.816367793018433,0.430238396403457,0.717459129270287,0.518202193231849,0.855833215960151,0.0883005416999056,0.200022632361556,0.991183736777906,1.39688558471873,1.78308087852001,0.235937236700406,1.3010298474035,0.183487929761249,-0.0333962465646425,0.469478554976582,1.13262782608183,1.01976629963136,0.427698989388237,0.844666400590797,0.455320468836418,0.317031491658475,0.189083892675668,0.0233003633849675
"ZI-ZYGI",0.942923907365906,1.37421017291063,3.37293037748169,3.69962633553647,0.109340411424198,3.4472787337847,3.98417964072601,3.17709791340415,0.294932806704762,2.73054337804351,2.1169879348885,0.543672768560974,0.579762774503032,0.64131842870818,1.73982366037713,0.882754761975606,1.4124215884434,-0.978125404951343,-1.74838590316598,1.39688558471873,7.49641817925662,7.01774729315269,1.06463363092076,4.43970798651356,1.74665043349716,0.228587173329976,1.35535517893861,3.4949528885825,2.35658162930527,0.792187323392712,-0.27578574746437,1.86772577398539,0.0591833924624806,0.818649969591507,0.207726082339745
"ZI-TSP",1.04175997762163,1.51703375614101,3.59436362876469,4.4461128758875,0.415735510239429,3.96938050931452,4.09333373661452,3.74412737662018,0.82457829859767,3.27571796098202,1.93707092963714,0.230350857878674,0.849833365820905,1.14311908464584,2.16607246190779,1.18739385693941,2.03063044698737,-0.482336625331491,-1.25973161236516,1.78308087852001,7.01774729315269,8.43895473033261,1.24648743272347,4.98021339270216,1.68415308554744,0.23325402530221,1.72965026143401,3.95334514553923,3.08841251663961,0.560219905265468,1.54609608099567,1.11680137083734,0.398378833077605,0.953494999330455,0.265840223279947
"MT-PNS",0.222032867359666,0.363500485082509,0.685763135882162,0.766893334086828,0.430292183223702,0.731838404743082,0.707149761109013,0.700353568137706,0.595375358551449,0.684117991425041,0.544705756036874,0.203331096797341,0.441783583389962,0.396851906944864,0.602589361925716,0.370631363336182,0.590505645192068,0.0694680307132091,0.0717280932566523,0.235937236700406,1.06463363092076,1.24648743272347,0.372684560703807,0.856936516304704,0.447493128350402,0.0832687541339253,0.386909365374341,0.666062937137081,0.573444152302359,0.232042896242508,0.452835176688124,0.292188632892049,0.262521725812452,0.280888087225782,0.0957123930722861
"PNS-APET",0.703245668319223,1.3566665250045,3.14738875231868,3.86112377032765,2.44466569036169,3.59924792507815,3.94875523461141,3.28615350656249,2.71509133357759,2.57867105092136,1.92651276440627,0.525903027451895,1.30145003141185,1.18284945394578,2.06124798134353,1.15275305603831,1.9458294658501,-0.251703156236244,0.537013486406883,1.3010298474035,4.43970798651356,4.98021339270216,0.856936516304704,4.79246560670422,1.10648050605175,0.140434384054401,1.53618607454335,2.45991206625974,2.36252551531899,0.481736164452692,0.850121156991086,1.41314923846412,0.830517305176751,1.1785774305954,0.336349206475281
"APET-BA",0.281414011709583,0.526445785820659,0.66239242347334,0.831903431093365,0.566627646714425,0.865854449467537,1.08683313485447,0.61527461027496,0.459434163990783,0.564543769013374,0.479286347066264,0.150722549414113,0.174451401115471,0.537411483175914,1.86537700675901,1.13063692259417,0.712237287678639,0.172379577887947,-0.23374705332141,0.183487929761249,1.74665043349716,1.68415308554744,0.447493128350402,1.10648050605175,1.94242684019456,0.308074187543869,0.863400627405272,1.18789272641094,0.522973514432551,0.321639636285332,0.477895074095376,0.707260125321767,0.878137716353467,0.782336475035998,0.232420642141854
"APET-TS",0.0995736347698502,0.0763753967573153,-0.385648948614416,-0.0443157607798879,-0.303955109581053,-0.165113609163009,-0.360908789072423,-0.182683667189621,-0.300753279580119,0.1606596057775,0.0173455814591977,-0.0840172051569989,-0.123033194926873,0.0818164833426449,0.279755181455602,0.293485106273162,0.170492732818373,0.154590317117952,-0.103688506815105,-0.0333962465646425,0.228587173329976,0.23325402530221,0.0832687541339253,0.140434384054401,0.308074187543869,0.31424784510663,0.0502151115737465,0.185608557390572,0.0669682140821206,-0.0730621468160995,-0.00302762247547203,0.0729395359958274,0.137804965552843,0.237960630556951,0.00275965635352858
"BA-EAM",0.23759338672905,0.583998397175859,1.56256285704948,1.44562139065724,1.40290993766118,1.46887398092715,1.83437447563748,1.31865158125779,1.39681673125417,0.749912447845491,0.690228569838834,0.609369312513636,0.959707028262529,0.551501626329047,1.18413636817143,0.21353032248501,0.584648516644189,-0.0897804079765471,0.308802647498086,0.469478554976582,1.35535517893861,1.72965026143401,0.386909365374341,1.53618607454335,0.863400627405272,0.0502151115737465,1.23961494929085,0.676534704009886,0.786418866885686,0.286768281921453,0.678068193006367,0.792154275978743,0.518499559603009,0.938425529971881,0.148739245848023
"EAM-ZYGI",0.602891530038673,0.936071632988177,2.78555905847646,2.69869065663924,1.01078857290282,2.73429106740429,2.15678753347472,2.24896191408967,1.17054974841491,1.97583720906086,1.59851234064307,0.313221431593022,0.715788642593766,0.971883054942653,1.93535991493498,1.7126690510025,1.49872139467376,0.307189751482148,-0.349223413333817,1.13262782608183,3.4949528885825,3.95334514553923,0.666062937137081,2.45991206625974,1.18789272641094,0.185608557390572,0.676534704009886,3.13634845036172,1.54342086645836,0.86690018116004,0.746078510436003,1.357731111638,0.987132302972391,0.686193288211449,0.240545311888042
"ZYGI-TSP",0.352218198023562,0.806305152619171,2.02387188898857,2.77160643463246,1.85472283327229,2.45187718660592,1.83819156722703,2.21753055958737,2.0528030489003,2.11505058362168,1.29641446790725,0.110546748965771,1.08934499057777,0.932422595133761,1.26170624472083,1.06247806498661,2.32857799694174,-0.0366138255791696,0.80207222909531,1.01976629963136,2.35658162930527,3.08841251663961,0.573444152302359,2.36252551531899,0.522973514432551,0.0669682140821206,0.786418866885686,1.54342086645836,2.53788874968568,0.292324223922416,1.62074074498249,-0.0842461585661412,0.419428537810703,0.461930684964474,0.411488387789996
"LD-AS",0.10346925420444,0.398099346098026,2.04293154158912,1.14214189598079,1.54687363454781,1.55829907231911,1.51010342854271,1.2144984020738,1.72410712495818,-0.0816145725656745,1.17255387921842,0.991921938640016,1.57250853466912,0.87837077245061,1.23542348098813,0.942808030994968,0.73306816525489,0.654120072967973,0.643375973618573,0.427698989388237,0.792187323392712,0.560219905265468,0.232042896242508,0.481736164452692,0.321639636285332,-0.0730621468160995,0.286768281921453,0.86690018116004,0.292324223922416,2.24597956868861,-0.282748130044768,2.75780226688753,0.867623053863467,0.370646544247578,0.0121203097042504
"BR-LD",0.0882005287538781,1.27919719442553,1.66160965502203,2.82761465550866,2.18295801727039,1.7468748335253,0.6091498454167,1.8684678459226,2.1312751734366,0.52829464170137,0.922261989508106,0.427532410191381,2.29586668578403,1.49292557205389,1.61061618076093,0.998670952380046,2.06967558400303,1.38016515341202,1.18525083972626,0.844666400590797,-0.27578574746437,1.54609608099567,0.452835176688124,0.850121156991086,0.477895074095376,-0.00302762247547203,0.678068193006367,0.746078510436003,1.62074074498249,-0.282748130044768,7.00826199791548,-2.05874927184806,1.14154373955673,-0.479034560886323,0.263270731003994
"OPI-LD",0.239990959097595,0.384182222417202,2.47846084262999,1.14111563869142,1.6169008846109,1.94178237678248,2.28599056903885,1.17801869035308,1.81197269487915,-0.206653635694491,1.64176090299711,1.44036883195903,1.74894630909704,1.09693946256713,1.88584313513089,1.14273970273805,0.4201467372775,0.559133748627373,0.747610036729343,0.455320468836418,1.86772577398539,1.11680137083734,0.292188632892049,1.41314923846412,0.707260125321767,0.0729395359958274,0.792154275978743,1.357731111638,-0.0842461585661412,2.75780226688753,-2.05874927184806,5.37857604101043,1.49601819368324,1.85508990564247,-0.277014376724173
"PT-AS",0.134218294933339,0.398359488242156,1.4529979110188,0.894914830871549,2.01324740134233,1.37082359881267,0.983925186972115,1.00425782749519,2.3590188497634,0.620896043073214,1.02803456209384,-0.0842023436866357,0.871436732267125,1.21928214204712,2.33589051855023,2.19627337041884,1.6262533410862,1.57399360495843,1.36142881911939,0.317031491658475,0.0591833924624806,0.398378833077605,0.262521725812452,0.830517305176751,0.878137716353467,0.137804965552843,0.518499559603009,0.987132302972391,0.419428537810703,0.867623053863467,1.14154373955673,1.49601819368324,2.50374929829505,1.17026554298182,0.200944440117518
"JP-AS",0.116510128844643,0.209386971210111,0.72788386439719,0.745653129404662,1.0569057859241,0.989197033305073,1.13293378588999,0.544731067312254,1.03391460702501,0.54488652090038,0.616223664072948,0.37427421155737,0.652581522887394,0.708314362322597,1.40580025208922,0.805688122310118,0.678749408848624,0.172853926161829,0.655840767753463,0.189083892675668,0.818649969591507,0.953494999330455,0.280888087225782,1.1785774305954,0.782336475035998,0.237960630556951,0.938425529971881,0.686193288211449,0.461930684964474,0.370646544247578,-0.479034560886323,1.85508990564247,1.17026554298182,1.92922243289446,0.162430159260126
"BA-OPI",0.00630975338787638,0.0946762719111264,0.438203144391819,0.547462531972478,0.671570443106269,0.609863361127796,0.28429558736226,0.526813491424276,0.586510628168636,0.778675267895983,0.214237557496457,0.059890533737685,0.305679257718679,0.345830190706858,0.569477655718153,0.470752345318047,0.396749893936621,-0.0637648269173018,0.11058411569097,0.0233003633849675,0.207726082339745,0.265840223279947,0.0957123930722861,0.336349206475281,0.232420642141854,0.00275965635352858,0.148739245848023,0.240545311888042,0.411488387789996,0.0121203097042504,0.263270731003994,-0.277014376724173,0.200944440117518,0.162430159260126,0.597214546659682
