"","IS-PM","IS-NLE","IS-PNS","PM-ZS","PM-ZI","PM-MT","NLE-NON","NLE-ZS","NLE-ZI","NON-BR","NON-PNS","BR-PT","BR-APET","PT-APET","PT-BA","PT-EAM","PT-ZYGI","PT-TSP","ZS-ZI","ZI-MT","ZI-ZYGI","ZI-TSP","MT-PNS","PNS-APET","APET-BA","APET-TS","BA-EAM","EAM-ZYGI","ZYGI-TSP","LD-AS","BR-LD","OPI-LD","PT-AS","JP-AS","BA-OPI"
"IS-PM",0.271611455617208,0.336784971208433,1.03043451062945,0.485797834977953,0.517749839660795,0.498479657684069,0.456578815182097,0.547545528916195,0.633131379318433,0.364614993624034,0.625832798528483,0.142050742840457,0.58523435704241,0.48935462064264,0.729223204879437,0.492063244376761,0.637134761834261,0.183035877156984,0.133591861904794,0.191149548385445,0.276375639859635,0.284697489099918,0.289258761474966,0.345159675016802,0.207347239466586,-0.0492378145377804,0.37312581330447,0.540540271352432,0.599303524580987,0.325453383158196,0.364954607187657,0.274077499173959,0.618068715849643,-0.108750782618816,0.0999202237664884
"IS-NLE",0.336784971208433,0.76222140956129,1.9259714233394,1.07083907644081,1.21147625200945,1.20058241193052,0.746385374848277,0.988567344222253,1.16319130361772,1.38404089727811,1.11819818854645,0.412211090950707,0.794930869703758,0.500364167410686,0.97121720123294,0.619857684508182,1.16097183212201,0.200794382354332,0.201003686440867,0.460674397299949,0.780747490369694,0.884850551686905,0.485072150467095,0.714121152792224,0.436094840627095,-0.0860921659623806,0.633544704410521,0.896929134032804,1.148984863496,0.360062229943964,0.206280482200144,0.381974071906856,0.819060396440146,0.094388571750258,0.144493905129467
"IS-PNS",1.03043451062945,1.9259714233394,6.84283208125011,3.34404850762701,4.00693753549713,3.99791203862485,2.71854140390135,3.22149067635602,3.99277599542569,4.1980136600647,3.99335951711128,1.42060520050111,2.74461298901082,1.4599545766975,2.90191130437788,1.74938884937086,3.54721569782005,0.539680566737059,0.861143017374001,1.35304681077826,2.3110329385684,2.83183353133585,1.95536602899415,1.59777453191194,1.41104966547228,-0.202618624363756,1.82981630757505,3.04096046251739,3.58091161849858,1.49465041601017,1.32071589997336,1.04809586704174,2.24963539880702,-0.0381654328115584,0.515736067390895
"PM-ZS",0.485797834977953,1.07083907644081,3.34404850762701,2.05737972303751,2.14613827597882,2.14714013521252,1.03139512242491,2.03855885500683,2.01542009692909,2.61980381436324,2.0554343398477,0.505268265574433,1.13168250102154,0.731372523896274,1.5404607003985,0.998944383792275,2.14272822191855,0.332019790740194,-0.0195993369336917,0.727347341926917,1.36214956816185,1.51323710563644,0.936332068162334,0.977619272474632,0.786339514726288,-0.104493146533675,1.03955094176894,1.54718815656767,2.08696948510421,0.630087621439257,0.426023818235375,0.472499070319277,1.2175983366672,-0.0337718704136112,0.230151824436457
"PM-ZI",0.517749839660795,1.21147625200945,4.00693753549713,2.14613827597882,2.7041681394961,2.57514393123861,1.5539788385885,1.89898240021285,2.50013761322976,2.97557325331661,2.29436699310251,0.967038293567811,1.49956308880539,0.618198719393576,1.53812357231646,0.936925033889894,2.14760708665633,0.271946802501866,0.612887164796243,0.857853752618316,1.39518443113653,1.78852898912315,1.04579631872695,1.12562617301628,0.889235937142111,-0.0901577762058158,1.06300838046023,1.7157074874664,2.15193290923316,0.765426705397536,0.643968549575757,0.601381722168442,1.2789564440199,0.194446034587196,0.270207848584224
"PM-MT",0.498479657684069,1.20058241193052,3.99791203862485,2.14714013521252,2.57514393123861,2.67497096995899,1.45427105107679,1.9651363826949,2.40056109293623,3.13492361364758,2.32555176925453,0.902996568995009,1.3194288593239,0.568323250923154,1.50823466796786,0.925959614107721,2.11033104548688,0.289116052351759,0.457008388910573,0.87338043715539,1.59477044797889,1.93777730793061,0.986218509897328,1.09615323780677,0.90211839135399,-0.111013292684572,1.03386666183843,1.66594394887713,2.09506435706989,0.701883893131424,0.434753539678816,0.535218356231413,1.17590443173036,0.180891072897828,0.254963586159786
"NLE-NON",0.456578815182097,0.746385374848277,2.71854140390135,1.03139512242491,1.5539788385885,1.45427105107679,2.43979261725403,0.944298697161192,1.68556159963061,0.223509134246652,1.16695074267698,0.822324315706887,1.45986398896498,0.670062475397402,1.1832191227385,0.67489175561052,1.23162714756348,0.0536110273225569,0.837965060841515,0.528314818584623,0.880298917184289,0.968089364048142,0.78257068841219,0.678385953090223,0.548350627938492,0.0143896798195502,0.727560487999271,0.953970519431656,1.18453247020882,0.915875047471553,0.504663718143603,0.627727967174027,0.806303983377221,-0.0561125469169984,0.31459811437331
"NLE-ZS",0.547545528916195,0.988567344222253,3.22149067635602,2.03855885500683,1.89898240021285,1.9651363826949,0.944298697161192,2.37195799780039,1.96269193161845,2.29455523620277,2.08042032142059,0.267762923013911,1.09773835419664,0.916568249137414,1.72950020053719,1.1323267641389,2.20855876548327,0.381035716831279,-0.408343298746733,0.696744785122145,1.41494944381341,1.41407623130168,0.974518897592966,0.944070960494738,0.797556384893906,-0.077941210286877,1.11225554540248,1.53909440481714,2.10686273445866,0.707273788816848,0.476111381450538,0.455916609118003,1.26075600693133,-0.301226874464837,0.214911621943173
"NLE-ZI",0.633131379318433,1.16319130361772,3.99277599542569,2.01542009692909,2.50013761322976,2.40056109293623,1.68556159963061,1.96269193161845,2.55303843914684,2.54760396428204,2.33207588225356,0.902556289079185,1.71100247525234,0.882236142771603,1.78880342700941,1.08416428535717,2.15690529762128,0.357051749102768,0.655603874667946,0.799828569445675,1.31071562468589,1.70856070181513,1.08166911332382,1.15437936761283,0.882928146687221,-0.0888926881013403,1.13488138600579,1.79392693215745,2.13397520311953,0.905242387896359,0.841728723731019,0.713495970712709,1.42775028727996,0.0245594202280226,0.281341718361303
"NON-BR",0.364614993624034,1.38404089727811,4.1980136600647,2.61980381436324,2.97557325331661,3.13492361364758,0.223509134246652,2.29455523620277,2.54760396428204,7.27398593409554,2.75089512293362,1.37820480353907,0.658498547281229,0.0352501810422593,1.12272764508782,0.605852529010659,1.95028165989993,0.489401667924473,0.180540941855329,1.00563753329214,2.0880662544784,3.05066596967713,0.928924357634455,1.40490787616018,1.16202938712894,-0.00828948247461108,1.08798736941823,1.6427554812656,2.18023093242531,0.218396489323506,-1.25121501321057,0.267438935113524,0.87247182347755,0.614595440250737,0.0482517703395011
"NON-PNS",0.625832798528483,1.11819818854645,3.99335951711128,2.0554343398477,2.29436699310251,2.32555176925453,1.16695074267698,2.08042032142059,2.33207588225356,2.75089512293362,2.59329366777434,0.723966376887852,1.63026812863009,0.958652767829516,1.87707040353364,1.21262553675008,2.31918428039895,0.399640795015797,0.293679183618073,0.851850762417185,1.40066965160903,1.66376069956143,1.18171822261866,0.92510437330978,0.856890856519707,-0.138481731905758,1.12227446835202,1.98537528197846,2.29202805725067,0.866385111679584,0.94626281447457,0.622875592743773,1.50863735849528,-0.091577678273428,0.288233051002738
"BR-PT",0.142050742840457,0.412211090950707,1.42060520050111,0.505268265574433,0.967038293567811,0.902996568995009,0.822324315706887,0.267762923013911,0.902556289079185,1.37820480353907,0.723966376887852,1.24548178562402,1.05730020183759,0.0119030011715444,0.425299779683789,0.191430647804824,0.295747148084602,0.0275984627451382,0.679981893684132,0.304116818655051,0.440000743677317,0.685433635796278,0.271050540253606,0.465788937493968,0.35040248649279,0.0531291098749847,0.287633566574904,0.490437760897033,0.379403040013916,0.319630428513106,0.43108867788599,0.315025292240309,0.508983871426079,0.381601005229298,0.10173531505082
"BR-APET",0.58523435704241,0.794930869703758,2.74461298901082,1.13168250102154,1.49956308880539,1.3194288593239,1.45986398896498,1.09773835419664,1.71100247525234,0.658498547281229,1.63026812863009,1.05730020183759,2.37500575434176,1.22866303615692,1.88602017393065,1.26557417004295,1.53451487602308,0.300909223628454,0.741329629712575,0.512428901623725,0.608725730615343,0.572465399821403,0.801394771593945,0.921629403205197,0.521639863010588,-0.0835066025115487,0.889549356778996,1.50733059970901,1.47123631827829,1.0441028181384,1.7722097855553,0.807180568753911,1.66499304695171,-0.107407601063136,0.342069419747268
"PT-APET",0.48935462064264,0.500364167410686,1.4599545766975,0.731372523896274,0.618198719393576,0.568323250923154,0.670062475397402,0.916568249137414,0.882236142771603,0.0352501810422593,0.958652767829516,0.0119030011715444,1.22866303615692,1.44072467069969,1.73962162303638,1.35828102701748,1.23946039822631,0.432714274907267,0.0572761445147308,0.283137240903457,0.302110129566029,-0.0964560112646966,0.487298977585816,0.596915146894638,0.175183938735457,-0.0945233054884818,0.641673919507214,1.04656157133485,1.08565235685536,0.751334432336174,0.776182332060747,0.53969157147739,1.4608774051501,-0.416039564366652,0.257960419872689
"PT-BA",0.729223204879437,0.97121720123294,2.90191130437788,1.5404607003985,1.53812357231646,1.50823466796786,1.1832191227385,1.72950020053719,1.78880342700941,1.12272764508782,1.87707040353364,0.425299779683789,1.88602017393065,1.73962162303638,2.59025727093403,1.9729038412764,2.19508388454765,0.633434847849981,0.149080268171608,0.658628216739474,0.920727379351472,0.524559054509053,0.830644558873424,1.01940065080901,0.649414037519517,-0.158407805595037,1.12431218443774,1.70323721498492,1.92567552729189,1.06624084541106,1.26436805299255,0.780951369171491,2.23036692313329,-0.352516041743015,0.355668360564324
"PT-EAM",0.492063244376761,0.619857684508182,1.74938884937086,0.998944383792275,0.936925033889894,0.925959614107721,0.67489175561052,1.1323267641389,1.08416428535717,0.605852529010659,1.21262553675008,0.191430647804824,1.26557417004295,1.35828102701748,1.9729038412764,1.80258474296319,1.63093340117971,0.531816436820951,-0.00513235640610963,0.483457983113326,0.67602712667503,0.0376924568941251,0.477775163775041,0.641871921529226,0.366405998913854,-0.108915342901015,0.665482634917662,1.10292873472399,1.28762395231182,0.727826873967508,0.852408881584106,0.515906972655735,1.79671699740657,-0.309751419251255,0.288028438081959
"PT-ZYGI",0.637134761834261,1.16097183212201,3.54721569782005,2.14272822191855,2.14760708665633,2.11033104548688,1.23162714756348,2.20855876548327,2.15690529762128,1.95028165989993,2.31918428039895,0.295747148084602,1.53451487602308,1.23946039822631,2.19508388454765,1.63093340117971,3.05812050271249,0.500582429851135,-0.044773470314304,0.907057417584035,1.52232630289893,1.27158466983019,1.11200399450108,0.973541118038315,0.806420888888418,-0.179280889569231,1.27096994370737,1.86998267866832,2.74738083917886,0.82059698923543,0.90309266038872,0.655072172263471,1.86608599897807,-0.240024617187902,0.245555369072951
"PT-TSP",0.183035877156984,0.200794382354332,0.539680566737059,0.332019790740194,0.271946802501866,0.289116052351759,0.0536110273225569,0.381035716831279,0.357051749102768,0.489401667924473,0.399640795015797,0.0275984627451382,0.300909223628454,0.432714274907267,0.633434847849981,0.531816436820951,0.500582429851135,0.386170431660009,0.00273841252322023,0.120465272299148,0.138884333087057,0.205490773952586,0.129488379653992,0.167274295577859,0.159786889381694,-0.0285024476785504,0.249737901839182,0.299702907882502,0.380229257168311,0.2113170598307,0.154020134173412,0.179861077288842,0.588792538198035,-0.0731912888048112,0.0381611610390287
"ZS-ZI",0.133591861904794,0.201003686440867,0.861143017374001,-0.0195993369336917,0.612887164796243,0.457008388910573,0.837965060841515,-0.408343298746733,0.655603874667946,0.180540941855329,0.293679183618073,0.679981893684132,0.741329629712575,0.0572761445147308,0.149080268171608,-0.00513235640610963,-0.044773470314304,0.00273841252322023,1.16695926672084,0.0767823451576827,-0.11430314699758,0.30662865412574,0.117941818997228,0.268266066304945,0.0816583496530235,-0.0141791795743456,0.0566421766809943,0.312257111563961,0.0462954702488473,0.25390578127379,0.458203099922485,0.328759721055175,0.253463936180273,0.311507804125028,0.0882837118599469
"ZI-MT",0.191149548385445,0.460674397299949,1.35304681077826,0.727347341926917,0.857853752618316,0.87338043715539,0.528314818584623,0.696744785122145,0.799828569445675,1.00563753329214,0.851850762417185,0.304116818655051,0.512428901623725,0.283137240903457,0.658628216739474,0.483457983113326,0.907057417584035,0.120465272299148,0.0767823451576827,0.512565046239049,0.571967332841316,0.646985100694641,0.334200678766112,0.404162375604756,0.321410430074665,-0.0385523556120827,0.402842731298551,0.709049343140514,0.851631972597718,0.319704628449609,0.0717056698644667,0.218399005226385,0.507140277560198,0.0169797056005252,0.0946421597294442
"ZI-ZYGI",0.276375639859635,0.780747490369694,2.3110329385684,1.36214956816185,1.39518443113653,1.59477044797889,0.880298917184289,1.41494944381341,1.31071562468589,2.0880662544784,1.40066965160903,0.440000743677317,0.608725730615343,0.302110129566029,0.920727379351472,0.67602712667503,1.52232630289893,0.138884333087057,-0.11430314699758,0.571967332841316,1.7832789655972,1.38584070256736,0.654732105221917,0.682853580795835,0.593660783098351,-0.0269462723496818,0.679058565642304,0.575641860793185,1.34504274069913,0.221949615532883,-0.144616279078821,0.248889592128069,0.716737674087158,0.0840035388997498,0.104153244179596
"ZI-TSP",0.284697489099918,0.884850551686905,2.83183353133585,1.51323710563644,1.78852898912315,1.93777730793061,0.968089364048142,1.41407623130168,1.70856070181513,3.05066596967713,1.66376069956143,0.685433635796278,0.572465399821403,-0.0964560112646966,0.524559054509053,0.0376924568941251,1.27158466983019,0.205490773952586,0.30662865412574,0.646985100694641,1.38584070256736,2.34108521854758,0.76546270783857,0.80806202988647,0.805419544992806,0.018142622578195,0.761538539463949,1.05130306800277,1.39969833559605,0.291039357534519,-0.429654147562468,0.285237467813447,0.14067538829576,0.293278941116847,0.0657517682198102
"MT-PNS",0.289258761474966,0.485072150467095,1.95536602899415,0.936332068162334,1.04579631872695,0.986218509897328,0.78257068841219,0.974518897592966,1.08166911332382,0.928924357634455,1.18171822261866,0.271050540253606,0.801394771593945,0.487298977585816,0.830644558873424,0.477775163775041,1.11200399450108,0.129488379653992,0.117941818997228,0.334200678766112,0.654732105221917,0.76546270783857,0.759515543009442,0.251247370370331,0.396609799362357,-0.0370725252175493,0.539389623581125,0.918674705596678,1.13365421400681,0.438908205457552,0.446827236454717,0.258215192849574,0.583233172533217,-0.12195500135636,0.155339753712848
"PNS-APET",0.345159675016802,0.714121152792224,1.59777453191194,0.977619272474632,1.12562617301628,1.09615323780677,0.678385953090223,0.944070960494738,1.15437936761283,1.40490787616018,0.92510437330978,0.465788937493968,0.921629403205197,0.596915146894638,1.01940065080901,0.641871921529226,0.973541118038315,0.167274295577859,0.268266066304945,0.404162375604756,0.682853580795835,0.80806202988647,0.251247370370331,1.21607751043239,0.321637998565117,-0.0158249777790586,0.657767738562642,0.824319372824798,0.945150177891438,0.380715454025891,0.190871924622516,0.460295202073582,0.877046471070422,0.10926999034314,0.121296522484453
"APET-BA",0.207347239466586,0.436094840627095,1.41104966547228,0.786339514726288,0.889235937142111,0.90211839135399,0.548350627938492,0.797556384893906,0.882928146687221,1.16202938712894,0.856890856519707,0.35040248649279,0.521639863010588,0.175183938735457,0.649414037519517,0.366405998913854,0.806420888888418,0.159786889381694,0.0816583496530235,0.321410430074665,0.593660783098351,0.805419544992806,0.396609799362357,0.321637998565117,0.537464900709425,-0.0398252155598947,0.458469898677196,0.604572805607999,0.776085506720797,0.273160480157515,0.259186474556267,0.175994533949474,0.456791547319083,0.0527669051108826,0.0866333883308438
"APET-TS",-0.0492378145377804,-0.0860921659623806,-0.202618624363756,-0.104493146533675,-0.0901577762058158,-0.111013292684572,0.0143896798195502,-0.077941210286877,-0.0888926881013403,-0.00828948247461108,-0.138481731905758,0.0531291098749847,-0.0835066025115487,-0.0945233054884818,-0.158407805595037,-0.108915342901015,-0.179280889569231,-0.0285024476785504,-0.0141791795743456,-0.0385523556120827,-0.0269462723496818,0.018142622578195,-0.0370725252175493,-0.0158249777790586,-0.0398252155598947,0.1319501166465,-0.0516758807904577,-0.171463197094364,-0.187285798231564,-0.0169427081372369,-0.21107355400628,-0.0235316726984961,-0.149540203167171,0.0365741963019683,-0.0143766998460466
"BA-EAM",0.37312581330447,0.633544704410521,1.82981630757505,1.03955094176894,1.06300838046023,1.03386666183843,0.727560487999271,1.11225554540248,1.13488138600579,1.08798736941823,1.12227446835202,0.287633566574904,0.889549356778996,0.641673919507214,1.12431218443774,0.665482634917662,1.27096994370737,0.249737901839182,0.0566421766809943,0.402842731298551,0.679058565642304,0.761538539463949,0.539389623581125,0.657767738562642,0.458469898677196,-0.0516758807904577,0.751502740091195,0.888490138541374,1.21063215404443,0.461964918437183,0.404757455833444,0.400859659910105,0.90683075621328,-0.0741832595071819,0.110306868106322
"EAM-ZYGI",0.540540271352432,0.896929134032804,3.04096046251739,1.54718815656767,1.7157074874664,1.66594394887713,0.953970519431656,1.53909440481714,1.79392693215745,1.6427554812656,1.98537528197846,0.490437760897033,1.50733059970901,1.04656157133485,1.70323721498492,1.10292873472399,1.86998267866832,0.299702907882502,0.312257111563961,0.709049343140514,0.575641860793185,1.05130306800277,0.918674705596678,0.824319372824798,0.604572805607999,-0.171463197094364,0.888490138541374,2.18624542918637,2.00472350213736,0.873066155841262,1.03020679944774,0.572163394016808,1.28183526923508,-0.208358813728851,0.289239384578717
"ZYGI-TSP",0.599303524580987,1.148984863496,3.58091161849858,2.08696948510421,2.15193290923316,2.09506435706989,1.18453247020882,2.10686273445866,2.13397520311953,2.18023093242531,2.29202805725067,0.379403040013916,1.47123631827829,1.08565235685536,1.92567552729189,1.28762395231182,2.74738083917886,0.380229257168311,0.0462954702488473,0.851631972597718,1.34504274069913,1.39969833559605,1.13365421400681,0.945150177891438,0.776085506720797,-0.187285798231564,1.21063215404443,2.00472350213736,2.69139036048837,0.803388748575174,0.768989321776901,0.622860125775971,1.53820949235755,-0.22683015362383,0.222664544053494
"LD-AS",0.325453383158196,0.360062229943964,1.49465041601017,0.630087621439257,0.765426705397536,0.701883893131424,0.915875047471553,0.707273788816848,0.905242387896359,0.218396489323506,0.866385111679584,0.319630428513106,1.0441028181384,0.751334432336174,1.06624084541106,0.727826873967508,0.82059698923543,0.2113170598307,0.25390578127379,0.319704628449609,0.221949615532883,0.291039357534519,0.438908205457552,0.380715454025891,0.273160480157515,-0.0169427081372369,0.461964918437183,0.873066155841262,0.803388748575174,0.817196490687979,0.71427891476505,0.454303040707363,0.792191672049446,-0.273495093038424,0.227054669014541
"BR-LD",0.364954607187657,0.206280482200144,1.32071589997336,0.426023818235375,0.643968549575757,0.434753539678816,0.504663718143603,0.476111381450538,0.841728723731019,-1.25121501321057,0.94626281447457,0.43108867788599,1.7722097855553,0.776182332060747,1.26436805299255,0.852408881584106,0.90309266038872,0.154020134173412,0.458203099922485,0.0717056698644667,-0.144616279078821,-0.429654147562468,0.446827236454717,0.190871924622516,0.259186474556267,-0.21107355400628,0.404757455833444,1.03020679944774,0.768989321776901,0.71427891476505,3.1798170244936,0.549405427682758,1.4091390694183,-0.203230520289103,0.163755314113127
"OPI-LD",0.274077499173959,0.381974071906856,1.04809586704174,0.472499070319277,0.601381722168442,0.535218356231413,0.627727967174027,0.455916609118003,0.713495970712709,0.267438935113524,0.622875592743773,0.315025292240309,0.807180568753911,0.53969157147739,0.780951369171491,0.515906972655735,0.655072172263471,0.179861077288842,0.328759721055175,0.218399005226385,0.248889592128069,0.285237467813447,0.258215192849574,0.460295202073582,0.175994533949474,-0.0235316726984961,0.400859659910105,0.572163394016808,0.622860125775971,0.454303040707363,0.549405427682758,0.497287309327144,0.73146956561668,-0.0432833022947822,0.088309187527038
"PT-AS",0.618068715849643,0.819060396440146,2.24963539880702,1.2175983366672,1.2789564440199,1.17590443173036,0.806303983377221,1.26075600693133,1.42775028727996,0.87247182347755,1.50863735849528,0.508983871426079,1.66499304695171,1.4608774051501,2.23036692313329,1.79671699740657,1.86608599897807,0.588792538198035,0.253463936180273,0.507140277560198,0.716737674087158,0.14067538829576,0.583233172533217,0.877046471070422,0.456791547319083,-0.149540203167171,0.90683075621328,1.28183526923508,1.53820949235755,0.792191672049446,1.4091390694183,0.73146956561668,2.27663850133373,-0.157254982064978,0.271446031965457
"JP-AS",-0.108750782618816,0.094388571750258,-0.0381654328115584,-0.0337718704136112,0.194446034587196,0.180891072897828,-0.0561125469169984,-0.301226874464837,0.0245594202280226,0.614595440250737,-0.091577678273428,0.381601005229298,-0.107407601063136,-0.416039564366652,-0.352516041743015,-0.309751419251255,-0.240024617187902,-0.0731912888048112,0.311507804125028,0.0169797056005252,0.0840035388997498,0.293278941116847,-0.12195500135636,0.10926999034314,0.0527669051108826,0.0365741963019683,-0.0741832595071819,-0.208358813728851,-0.22683015362383,-0.273495093038424,-0.203230520289103,-0.0432833022947822,-0.157254982064978,0.491299655058886,-0.0464842293362611
"BA-OPI",0.0999202237664884,0.144493905129467,0.515736067390895,0.230151824436457,0.270207848584224,0.254963586159786,0.31459811437331,0.214911621943173,0.281341718361303,0.0482517703395011,0.288233051002738,0.10173531505082,0.342069419747268,0.257960419872689,0.355668360564324,0.288028438081959,0.245555369072951,0.0381611610390287,0.0882837118599469,0.0946421597294442,0.104153244179596,0.0657517682198102,0.155339753712848,0.121296522484453,0.0866333883308438,-0.0143766998460466,0.110306868106322,0.289239384578717,0.222664544053494,0.227054669014541,0.163755314113127,0.088309187527038,0.271446031965457,-0.0464842293362611,0.171467503919002
