"","IS-PM","IS-NLE","IS-PNS","PM-ZS","PM-ZI","PM-MT","NLE-NON","NLE-ZS","NLE-ZI","NON-BR","NON-PNS","BR-PT","BR-APET","PT-APET","PT-BA","PT-EAM","PT-ZYGI","PT-TSP","ZS-ZI","ZI-MT","ZI-ZYGI","ZI-TSP","MT-PNS","PNS-APET","APET-BA","APET-TS","BA-EAM","EAM-ZYGI","ZYGI-TSP","LD-AS","BR-LD","OPI-LD","PT-AS","JP-AS","BA-OPI"
"IS-PM",0.29742237231646,0.219745654021075,0.221847814150881,0.130141339777221,0.204322182786263,0.130345384486502,0.272380943438703,0.238775957627643,0.292784438903131,0.256353289353942,0.123059449431473,0.153973339638793,0.185706312118388,0.258055716594925,0.378619426829979,0.234623093084756,0.269581563558195,0.166467454985724,-0.0460803386649359,0.360146485939995,0.171653575709881,0.146079304933149,-0.1100058773795,0.393341425576308,0.127594424725577,0.126713562157184,0.17055002098773,0.1452870033605,0.249102590889415,0.121611017770806,-0.0964613403112586,0.066202946698963,0.24728416142181,0.134898361448719,0.144780364604837
"IS-NLE",0.219745654021075,0.78198265855449,1.13755322001829,0.706384534002311,0.546601833678184,0.740230217517143,0.38523619932993,0.301053637185413,0.455183630726879,1.02395151517082,0.575797709681461,0.280231614519487,0.279554122924929,0.235570636257772,0.48440058136471,0.0671418821644684,0.600643402623133,0.0392941251036888,0.333808952056651,0.116066652286327,0.704841383980413,0.76537228300596,0.291576557182999,0.408180138684489,0.272212268748854,0.0807211075521787,0.702442915744589,0.185139800400108,0.596872845367285,0.260803648098189,-0.255088186552789,0.26617398522578,0.458020956898821,0.206571008086432,0.107460636996653
"IS-PNS",0.221847814150881,1.13755322001829,4.51255112591278,1.94508295428291,1.843445854475,2.51193451513383,2.06247675896674,1.906728298617,1.75039501119803,0.755317391371878,2.02049151098809,-0.287925811602147,0.185139867383698,0.537523655394852,1.15968296548704,0.458263996500626,1.33194984945257,-0.160565891408565,0.109890545792876,0.0526227260609932,1.84644869117935,1.88434827323684,1.41372581072913,-0.0325841493061662,0.645106685572684,-0.0413980979356902,1.10465186986373,0.858985846371643,1.28460130664803,0.934200739277003,0.855147034549056,0.779047452261526,1.13933654822741,-0.00447378769786945,0.176001037415818
"PM-ZS",0.130141339777221,0.706384534002311,1.94508295428291,1.94455297780671,1.34428217746136,1.32935653410727,1.31569165493833,1.82897314909314,1.20227084229595,1.17871227132212,1.02657859397067,0.439253920079845,0.746728296278054,0.574973235941323,0.960271400470366,0.155149075116495,0.835796360074043,-0.000312262599927787,-0.131383932231191,0.147647907597406,1.24244798942817,0.926944782034836,0.461983331910518,0.719260456572339,0.428035496490937,0.199458851919156,1.02665525038826,-0.00508990281913123,0.543361532053909,0.709972687820545,0.238372860679198,0.706533940429863,0.992308040843263,0.252617821231487,0.265516631995389
"PM-ZI",0.204322182786263,0.546601833678184,1.843445854475,1.34428217746136,2.2790195105721,1.53278279423758,1.53441256363165,1.96715217560856,2.04801352643723,1.00302563922786,1.09535334191062,0.112446730437828,0.779662461800402,0.872255008460032,1.3973746574275,0.756345941899109,1.25129801767869,0.541727092487676,-0.684303953344748,1.16608761343904,0.753079350844404,0.590055044909683,0.147762350196784,1.21594749033588,0.485505740254817,-0.0113736224724222,0.63624790318917,0.395564141782987,0.741018541805755,0.776305821651171,0.476850225931338,0.725342684023179,1.33090562078552,0.117813257010747,0.413628645799738
"PM-MT",0.130345384486502,0.740230217517143,2.51193451513383,1.32935653410727,1.53278279423758,2.03469435119657,1.36638055413629,1.52654012096359,1.38203533171586,0.863799110554454,1.16941978925553,-0.0254985731968295,0.459506054895361,0.731041539804364,1.10483170566391,0.625834226614957,0.974729258312375,0.133063996701921,-0.242438578064213,0.470719441768225,1.11938456677224,1.12750008972731,0.407790351279089,0.599245638578453,0.367228484286006,-0.0134767727023632,0.662828323466596,0.599434093021737,0.801420337147475,0.670564742981437,0.381041304481936,0.660017534444847,1.03514894481446,0.0971433859873006,0.220048668099807
"NLE-NON",0.272380943438703,0.38523619932993,2.06247675896674,1.31569165493833,1.53441256363165,1.36638055413629,2.99478203645331,2.07688205245771,1.76626612093132,-0.681812557170042,1.171890042329,-0.117130565785272,0.943940057039978,1.09879129966,1.27905246827035,0.804971818091317,1.35252355651712,0.342549893179333,-0.530535424417292,0.842091468248722,1.17094854121726,0.989278093232781,0.352068238883373,1.00625729471351,0.158563928649367,0.0195697037660379,0.586595570454355,0.615649395510266,0.978153736382591,0.840310845479129,0.833369400892675,0.671084711363833,1.00482822894611,-0.0106275878121314,0.550067800026586
"NLE-ZS",0.238775957627643,0.301053637185413,1.906728298617,1.82897314909314,1.96715217560856,1.52654012096359,2.07688205245771,2.93172178025746,2.06565603165528,0.685291027456196,1.16007059127142,0.245032879492097,1.00258716274889,1.08147438793047,1.3849696712126,0.686335602292969,1.06169170067992,0.425369155672354,-1.1788263550996,0.963160470715154,1.12911214879216,0.733412443122382,0.0863863359002672,1.28501986618536,0.271941335624317,0.0669937733611474,0.573362425494067,0.244097675907791,0.507701350483876,0.90902264724083,0.58304213053308,0.926542225905972,1.22446212951324,0.0615688946234878,0.435547829764996
"NLE-ZI",0.292784438903131,0.455183630726879,1.75039501119803,1.20227084229595,2.04801352643723,1.38203533171586,1.76626612093132,2.06565603165528,2.12644880258236,0.666608823594242,1.15374797159896,0.0617676360078826,0.783215389080022,0.963458005177722,1.42250019958617,0.82680408857595,1.32534868091186,0.599688023655329,-0.635595253573352,1.22776028243927,0.886112523596006,0.685845405818667,0.10452421468172,1.26092180202982,0.390569262360765,-0.00424583480961563,0.575214168031096,0.509839982120461,0.83651736481478,0.750353867855485,0.547946174634002,0.71082191814999,1.28919307924493,0.0644641948382413,0.439595937247287
"NON-BR",0.256353289353942,1.02395151517082,0.755317391371878,1.17871227132212,1.00302563922786,0.863799110554454,-0.681812557170042,0.685291027456196,0.666608823594242,5.85625815738462,0.449351004975022,2.26137253448585,1.30682552519627,0.431330894592961,1.19345883094094,0.085189328814245,0.443044220577133,0.357413704911501,0.0922873901182401,0.320162442396095,1.06151221410337,1.33654110992531,0.10628275615059,1.66322808970519,0.715460473074481,0.146517649700232,1.37016397605486,0.00379680081858251,0.394052958558115,0.74452590613362,-2.83571939314407,1.1056290533723,0.955383907244617,0.804631754099581,0.0843732831956297
"NON-PNS",0.123059449431473,0.575797709681461,2.02049151098809,1.02657859397067,1.09535334191062,1.16941978925553,1.171890042329,1.16007059127142,1.15374797159896,0.449351004975022,1.29220424350581,-0.00608650442983421,0.377234295817581,0.295983419157096,0.59876375445388,0.224036516702983,1.01152915126037,0.0550999999848267,-0.00526061861734758,0.394639985517823,1.09064552244395,0.991400449800587,0.561383698381334,0.158954205377288,0.333201693027045,-0.064402672066482,0.588307616959632,0.428752825671969,0.873704766432667,0.560534246461819,0.386959129621805,0.502870462295946,0.617528027421052,-0.0451036456110959,0.208021027506721
"BR-PT",0.153973339638793,0.280231614519487,-0.287925811602147,0.439253920079845,0.112446730437828,-0.0254985731968295,-0.117130565785272,0.245032879492097,0.0617676360078826,2.26137253448585,-0.00608650442983421,1.62011590109283,1.09386250600637,0.317176588832596,0.534976940820326,0.00950677354411335,-0.0501212650159833,0.145063504888725,0.0125207902925392,0.193739524752086,0.377115554020329,0.31268685835009,-0.196764192565093,0.932970457970709,0.179097041696942,0.173378555755354,0.58440279621452,-0.160912708655522,-0.0521470720897592,0.396284239088784,-1.40221868293394,0.609116334353113,0.293838837137253,0.450021507479245,0.120554605146479
"BR-APET",0.185706312118388,0.279554122924929,0.185139867383698,0.746728296278054,0.779662461800402,0.459506054895361,0.943940057039978,1.00258716274889,0.783215389080022,1.30682552519627,0.377234295817581,1.09386250600637,1.47268452662208,0.879606656846927,1.02749133807001,0.442094025903768,0.636140890644051,0.36078326956169,-0.354871623854407,0.789388378960088,0.67081110180861,0.532488818771405,-0.247682091263981,1.32920961549258,0.147053015931524,0.100574326455928,0.581689661438388,0.12037570437757,0.36654260344854,0.743829622567623,-0.364717711767199,0.804889931138765,0.648302397206099,0.237821574368858,0.421241821270301
"PT-APET",0.258055716594925,0.235570636257772,0.537523655394852,0.574973235941323,0.872255008460032,0.731041539804364,1.09879129966,1.08147438793047,0.963458005177722,0.431330894592961,0.295983419157096,0.317176588832596,0.879606656846927,1.2783480296788,1.36818643002655,0.866496906433683,0.503328240847649,0.430742247000249,-0.413406403637398,0.748995148743505,0.406455873023035,0.383001757240457,-0.19351755654311,1.36903765173942,0.0403988071762484,0.127087639402222,0.404728724098904,0.462128823404844,0.30022208213856,0.585564080048099,0.23640045245113,0.641848053706269,0.923844579072897,0.155539815401394,0.31245845579341
"PT-BA",0.378619426829979,0.48440058136471,1.15968296548704,0.960271400470366,1.3973746574275,1.10483170566391,1.27905246827035,1.3849696712126,1.42250019958617,1.19345883094094,0.59876375445388,0.534976940820326,1.02749133807001,1.36818643002655,2.24202037833738,1.19665778344335,1.01932843777182,0.614035549077109,-0.253256617292257,0.99612478259407,0.801692008666477,0.672205875218946,0.0252410061266618,1.56276490594265,0.783985154320632,0.188252226678166,0.977679843332767,0.729180799585688,0.69311330460409,0.860178554542061,0.30822263763467,0.914627339504002,1.59061364169872,0.288739309863792,0.494879259135952
"PT-EAM",0.234623093084756,0.0671418821644684,0.458263996500626,0.155149075116495,0.756345941899109,0.625834226614957,0.804971818091317,0.686335602292969,0.82680408857595,0.085189328814245,0.224036516702983,0.00950677354411335,0.442094025903768,0.866496906433683,1.19665778344335,1.01691954860353,0.485338210063044,0.497867636055753,-0.316825683697225,0.700236308812239,0.0500420527857801,0.133446372172367,-0.173849884591525,0.777323780966659,0.274295228660468,0.0325766001089535,0.0466111909667595,0.677576700292517,0.313280034275474,0.376927959042315,0.276822345389977,0.315776604540813,0.826989950263533,0.0645297407689695,0.283432546590944
"PT-ZYGI",0.269581563558195,0.600643402623133,1.33194984945257,0.835796360074043,1.25129801767869,0.974729258312375,1.35252355651712,1.06169170067992,1.32534868091186,0.443044220577133,1.01152915126037,-0.0501212650159833,0.636140890644051,0.503328240847649,1.01932843777182,0.485338210063044,1.73598126069509,0.382059395748199,-0.0521304557475448,1.00606996292931,1.22177020564736,0.888778105940355,0.197542587023728,0.740431109471336,0.508896617594937,-0.0213614890916678,0.782638808089407,0.363584049048864,1.36820960875525,0.516527131932739,0.317807676809596,0.317348040308015,0.809644066994501,-0.0537815203870072,0.445665489153993
"PT-TSP",0.166467454985724,0.0392941251036888,-0.160565891408565,-0.000312262599927787,0.541727092487676,0.133063996701921,0.342549893179333,0.425369155672354,0.599688023655329,0.357413704911501,0.0550999999848267,0.145063504888725,0.36078326956169,0.430742247000249,0.614035549077109,0.497867636055753,0.382059395748199,0.584936941202862,-0.288733037082471,0.686208053843615,0.0406776707765232,0.0811495053784835,-0.294115758905667,0.651582497747303,0.173405846986822,0.00698604410268539,0.0124579804945008,0.147813470662003,0.114425033012932,0.159290498480442,-0.126720888755935,0.0651879446715912,0.488147693342806,0.0412160539859422,0.244735715381147
"ZS-ZI",-0.0460803386649359,0.333808952056651,0.109890545792876,-0.131383932231191,-0.684303953344748,-0.242438578064213,-0.530535424417292,-1.1788263550996,-0.635595253573352,0.0922873901182401,-0.00526061861734758,0.0125207902925392,-0.354871623854407,-0.413406403637398,-0.253256617292257,-0.316825683697225,-0.0521304557475448,-0.288733037082471,1.359903828741,-0.741123842387152,0.173636120187055,0.296138602109387,0.433645169967199,-0.562151015098807,0.18776054199845,0.0970870662155439,0.396736575472054,0.0606874272015768,0.233462139955939,-0.243152138678622,-0.122736407998232,-0.28497912260748,-0.110654635316459,0.0890887800521546,-0.146680138547852
"ZI-MT",0.360146485939995,0.116066652286327,0.0526227260609932,0.147647907597406,1.16608761343904,0.470719441768225,0.842091468248722,0.963160470715154,1.22776028243927,0.320162442396095,0.394639985517823,0.193739524752086,0.789388378960088,0.748995148743505,0.99612478259407,0.700236308812239,1.00606996292931,0.686208053843615,-0.741123842387152,1.82279603013174,0.425216891450217,0.0887585799992747,-0.654033901563263,1.16993365729575,0.258036854482379,0.0848519430360668,0.163408894930009,0.209319857071688,0.604182194526421,0.398600064907883,0.1722296767378,0.314994720486148,0.752821029754701,0.1489718128671,0.486376759988601
"ZI-ZYGI",0.171653575709881,0.704841383980413,1.84644869117935,1.24244798942817,0.753079350844404,1.11938456677224,1.17094854121726,1.12911214879216,0.886112523596006,1.06151221410337,1.09064552244395,0.377115554020329,0.67081110180861,0.406455873023035,0.801692008666477,0.0500420527857801,1.22177020564736,0.0406776707765232,0.173636120187055,0.425216891450217,2.35826069170057,1.5292122684168,0.464301161704048,0.635893618417578,0.480009017396757,0.113000863288682,1.07168540344771,-0.243880406279713,0.95053740818763,0.527259164350056,-0.261812116999164,0.569103010631437,0.617249118223118,0.219821414629761,0.248967535009879
"ZI-TSP",0.146079304933149,0.76537228300596,1.88434827323684,0.926944782034836,0.590055044909683,1.12750008972731,0.989278093232781,0.733412443122382,0.685845405818667,1.33654110992531,0.991400449800587,0.31268685835009,0.532488818771405,0.383001757240457,0.672205875218946,0.133446372172367,0.888778105940355,0.0811495053784835,0.296138602109387,0.0887585799992747,1.5292122684168,1.74981613537424,0.638552748277073,0.479288604863884,0.369730407210909,-0.0350650184967347,0.906492376927084,0.382132038554389,0.87234775061509,0.624344478158967,-0.292554609213164,0.515872495333111,0.452670853104984,0.0959221776325371,0.28177042786439
"MT-PNS",-0.1100058773795,0.291576557182999,1.41372581072913,0.461983331910518,0.147762350196784,0.407790351279089,0.352068238883373,0.0863863359002672,0.10452421468172,0.10628275615059,0.561383698381334,-0.196764192565093,-0.247682091263981,-0.19351755654311,0.0252410061266618,-0.173849884591525,0.197542587023728,-0.294115758905667,0.433645169967199,-0.654033901563263,0.464301161704048,0.638552748277073,0.91466634240721,-0.536533667957393,0.20393007050211,-0.0883242004016567,0.414828400090224,0.256282642531483,0.327922694319132,0.216248780769953,0.311687200911405,0.168385035346875,0.0514619106478372,-0.119852986860397,-0.109030234480812
"PNS-APET",0.393341425576308,0.408180138684489,-0.0325841493061662,0.719260456572339,1.21594749033588,0.599245638578453,1.00625729471351,1.28501986618536,1.26092180202982,1.66322808970519,0.158954205377288,0.932970457970709,1.32920961549258,1.36903765173942,1.56276490594265,0.777323780966659,0.740431109471336,0.651582497747303,-0.562151015098807,1.16993365729575,0.635893618417578,0.479288604863884,-0.536533667957393,2.37083151608708,0.0886618240146648,0.188605855198746,0.692620295627363,0.236697422239273,0.430967934494668,0.722717109061564,-0.547492948859633,0.88344262211204,1.04997649916626,0.423821752286808,0.434434228589775
"APET-BA",0.127594424725577,0.272212268748854,0.645106685572684,0.428035496490937,0.485505740254817,0.367228484286006,0.158563928649367,0.271941335624317,0.390569262360765,0.715460473074481,0.333201693027045,0.179097041696942,0.147053015931524,0.0403988071762484,0.783985154320632,0.274295228660468,0.508896617594937,0.173405846986822,0.18776054199845,0.258036854482379,0.480009017396757,0.369730407210909,0.20393007050211,0.0886618240146648,0.796295202017181,0.0730867373405179,0.554947221589213,0.192801642472381,0.375411744844243,0.249516706389351,0.0683933822181094,0.17389639580758,0.609412373834925,0.119820811343659,0.211477662739453
"APET-TS",0.126713562157184,0.0807211075521787,-0.0413980979356902,0.199458851919156,-0.0113736224724222,-0.0134767727023632,0.0195697037660379,0.0669937733611474,-0.00424583480961563,0.146517649700232,-0.064402672066482,0.173378555755354,0.100574326455928,0.127087639402222,0.188252226678166,0.0325766001089535,-0.0213614890916678,0.00698604410268539,0.0970870662155439,0.0848519430360668,0.113000863288682,-0.0350650184967347,-0.0883242004016567,0.188605855198746,0.0730867373405179,0.26378803867655,0.21510446153014,-0.14366689756664,-0.0277013608345272,0.0727099155852233,0.0204654809178835,0.0829019472933148,0.171175562824792,0.221626913497253,0.041950741961948
"BA-EAM",0.17055002098773,0.702442915744589,1.10465186986373,1.02665525038826,0.63624790318917,0.662828323466596,0.586595570454355,0.573362425494067,0.575214168031096,1.37016397605486,0.588307616959632,0.58440279621452,0.581689661438388,0.404728724098904,0.977679843332767,0.0466111909667595,0.782638808089407,0.0124579804945008,0.396736575472054,0.163408894930009,1.07168540344771,0.906492376927084,0.414828400090224,0.692620295627363,0.554947221589213,0.21510446153014,1.2826506531192,-0.0153529260063831,0.690029055991548,0.480599676446837,-0.0531905967729895,0.532134059172251,0.751126216263148,0.283270613370663,0.20288463318287
"EAM-ZYGI",0.1452870033605,0.185139800400108,0.858985846371643,-0.00508990281913123,0.395564141782987,0.599434093021737,0.615649395510266,0.244097675907791,0.509839982120461,0.00379680081858251,0.428752825671969,-0.160912708655522,0.12037570437757,0.462128823404844,0.729180799585688,0.677576700292517,0.363584049048864,0.147813470662003,0.0606874272015768,0.209319857071688,-0.243880406279713,0.382132038554389,0.256282642531483,0.236697422239273,0.192801642472381,-0.14366689756664,-0.0153529260063831,1.28574993502727,0.575677209129245,0.448316755958641,0.343313536265469,0.361610703187129,0.419245681513418,-0.111918346093614,0.198518164511977
"ZYGI-TSP",0.249102590889415,0.596872845367285,1.28460130664803,0.543361532053909,0.741018541805755,0.801420337147475,0.978153736382591,0.507701350483876,0.83651736481478,0.394052958558115,0.873704766432667,-0.0521470720897592,0.36654260344854,0.30022208213856,0.69311330460409,0.313280034275474,1.36820960875525,0.114425033012932,0.233462139955939,0.604182194526421,0.95053740818763,0.87234775061509,0.327922694319132,0.430967934494668,0.375411744844243,-0.0277013608345272,0.690029055991548,0.575677209129245,1.34892526491482,0.445695626069958,0.172260702395958,0.247206040633753,0.461533510288373,-0.0634576289035661,0.30242047567827
"LD-AS",0.121611017770806,0.260803648098189,0.934200739277003,0.709972687820545,0.776305821651171,0.670564742981437,0.840310845479129,0.90902264724083,0.750353867855485,0.74452590613362,0.560534246461819,0.396284239088784,0.743829622567623,0.585564080048099,0.860178554542061,0.376927959042315,0.516527131932739,0.159290498480442,-0.243152138678622,0.398600064907883,0.527259164350056,0.624344478158967,0.216248780769953,0.722717109061564,0.249516706389351,0.0727099155852233,0.480599676446837,0.448316755958641,0.445695626069958,0.910975670159546,0.270225313112467,0.837449248194518,0.583065926315163,0.128390087805284,0.341583103328192
"BR-LD",-0.0964613403112586,-0.255088186552789,0.855147034549056,0.238372860679198,0.476850225931338,0.381041304481936,0.833369400892675,0.58304213053308,0.547946174634002,-2.83571939314407,0.386959129621805,-1.40221868293394,-0.364717711767199,0.23640045245113,0.30822263763467,0.276822345389977,0.317807676809596,-0.126720888755935,-0.122736407998232,0.1722296767378,-0.261812116999164,-0.292554609213164,0.311687200911405,-0.547492948859633,0.0683933822181094,0.0204654809178835,-0.0531905967729895,0.343313536265469,0.172260702395958,0.270225313112467,3.29987234513166,-0.0451653387887436,0.334160771817723,-0.55761261848927,0.112577975353038
"OPI-LD",0.066202946698963,0.26617398522578,0.779047452261526,0.706533940429863,0.725342684023179,0.660017534444847,0.671084711363833,0.926542225905972,0.71082191814999,1.1056290533723,0.502870462295946,0.609116334353113,0.804889931138765,0.641848053706269,0.914627339504002,0.315776604540813,0.317348040308015,0.0651879446715912,-0.28497912260748,0.314994720486148,0.569103010631437,0.515872495333111,0.168385035346875,0.88344262211204,0.17389639580758,0.0829019472933148,0.532134059172251,0.361610703187129,0.247206040633753,0.837449248194518,-0.0451653387887436,1.24688432882809,0.633626197865416,0.324000857644997,0.169928504906899
"PT-AS",0.24728416142181,0.458020956898821,1.13933654822741,0.992308040843263,1.33090562078552,1.03514894481446,1.00482822894611,1.22446212951324,1.28919307924493,0.955383907244617,0.617528027421052,0.293838837137253,0.648302397206099,0.923844579072897,1.59061364169872,0.826989950263533,0.809644066994501,0.488147693342806,-0.110654635316459,0.752821029754701,0.617249118223118,0.452670853104984,0.0514619106478372,1.04997649916626,0.609412373834925,0.171175562824792,0.751126216263148,0.419245681513418,0.461533510288373,0.583065926315163,0.334160771817723,0.633626197865416,1.53762884285226,0.342301547980818,0.394793873094725
"JP-AS",0.134898361448719,0.206571008086432,-0.00447378769786945,0.252617821231487,0.117813257010747,0.0971433859873006,-0.0106275878121314,0.0615688946234878,0.0644641948382413,0.804631754099581,-0.0451036456110959,0.450021507479245,0.237821574368858,0.155539815401394,0.288739309863792,0.0645297407689695,-0.0537815203870072,0.0412160539859422,0.0890887800521546,0.1489718128671,0.219821414629761,0.0959221776325371,-0.119852986860397,0.423821752286808,0.119820811343659,0.221626913497253,0.283270613370663,-0.111918346093614,-0.0634576289035661,0.128390087805284,-0.55761261848927,0.324000857644997,0.342301547980818,0.546013489362908,0.0926516174859674
"BA-OPI",0.144780364604837,0.107460636996653,0.176001037415818,0.265516631995389,0.413628645799738,0.220048668099807,0.550067800026586,0.435547829764996,0.439595937247287,0.0843732831956297,0.208021027506721,0.120554605146479,0.421241821270301,0.31245845579341,0.494879259135952,0.283432546590944,0.445665489153993,0.244735715381147,-0.146680138547852,0.486376759988601,0.248967535009879,0.28177042786439,-0.109030234480812,0.434434228589775,0.211477662739453,0.041950741961948,0.20288463318287,0.198518164511977,0.30242047567827,0.341583103328192,0.112577975353038,0.169928504906899,0.394793873094725,0.0926516174859674,0.422796961038342
