"","IS-PM","IS-NLE","IS-PNS","PM-ZS","PM-ZI","PM-MT","NLE-NON","NLE-ZS","NLE-ZI","NON-BR","NON-PNS","BR-PT","BR-APET","PT-APET","PT-BA","PT-EAM","PT-ZYGI","PT-TSP","ZS-ZI","ZI-MT","ZI-ZYGI","ZI-TSP","MT-PNS","PNS-APET","APET-BA","APET-TS","BA-EAM","EAM-ZYGI","ZYGI-TSP","LD-AS","BR-LD","OPI-LD","PT-AS","JP-AS","BA-OPI"
"IS-PM",0.234527281801132,0.201866736766775,0.402380476425649,0.161549280873484,0.111424141656188,0.213140098912483,-0.0124776922445055,0.16698465079614,0.250545640866545,0.368810097025198,0.246590275437602,0.207487262444166,0.279993362926952,-0.0225738989913454,0.185018872547328,-0.0642641681697453,0.149406628018121,-0.107765219661086,0.107368950741433,0.182167620345321,0.377116488943942,0.489787803995455,0.0644573973063435,0.22444961428496,0.304534484036319,0.0159543698833275,0.361883268405172,0.0375836264127261,0.268850744613287,0.0948822927729687,0.283534107430766,0.058618406658621,0.0415099552451626,0.149293865779325,0.0721328936295989
"IS-NLE",0.201866736766775,0.547998790314888,0.624495817162139,0.331742324301446,0.25140775233376,0.365546461178957,-0.0117878656288643,0.211514807032737,0.381159361953278,0.621331918433231,0.471040308284404,0.27568399149944,0.408968608016096,0.0295556808971758,0.399755401938031,0.128227420386197,0.292054520350091,-0.0670109512889748,0.222885282142264,0.222969083177504,0.651088880290361,0.832752091932506,0.118646412490045,0.455434436415518,0.412335643634139,0.0779378730261894,0.517606300060591,0.160157442422041,0.384620249318647,0.189704378855729,0.295216478726341,0.217587419390304,0.279831951183981,0.190260015383844,0.0718679317089415
"IS-PNS",0.402380476425649,0.624495817162139,1.47795545503291,0.692293089848949,0.558284581465705,0.872834048194396,0.0830470532642268,0.614157550109995,0.833695391612976,1.54766680499513,0.916121938732571,0.599058748027883,0.787112014336048,0.0263998601915564,0.73496302627063,0.0616441925309535,0.459270115646779,-0.20512265522898,0.329408252002272,0.466696594217233,1.33940742144166,1.62927698539663,0.151221905925092,0.750298217797616,0.784799384817383,0.0795634256871341,1.03223550349608,0.180789158133238,0.727205454038259,0.465412392224647,0.80045678732445,0.421023104849814,0.456194701338021,0.355729623005168,0.173491492126184
"PM-ZS",0.161549280873484,0.331742324301446,0.692293089848949,0.746316812007807,0.491737643774166,0.613834559543872,-0.0507030638529231,0.620889424144019,0.633218731778654,1.37602200002705,0.601170270665397,0.342033043157309,0.483944793981829,0.0201076192644209,0.385362917956635,0.00408402304689938,0.399213339538193,-0.139285603538544,0.137785596416635,0.319920819172493,0.901554041743575,1.17288440514754,0.20320793582318,0.709557332098994,0.477442115441772,0.0171463855528627,0.676634815374137,0.050353108696018,0.531806678942212,0.372970065960989,0.368118681524386,0.416663505288321,0.0501684248916031,0.15896420776136,0.113694987992623
"PM-ZI",0.111424141656188,0.25140775233376,0.558284581465705,0.491737643774166,0.623538412127161,0.526415856975221,0.252431095651647,0.483121553582214,0.712410098218854,0.632540188458079,0.383537675350449,0.13485545231672,0.252852683674357,0.0324949122552747,0.342835038966458,0.0847993490201777,0.193675721533835,-0.000175289903721185,0.25362282508041,0.227077285274722,0.376318504581731,0.622681490638073,0.163216825581749,0.530165805267573,0.347515202354756,0.0676423615061792,0.446796443768223,0.00733319358985699,0.268474761552124,0.281198766063242,0.238395722772873,0.3565514200464,0.281225512184697,0.253584663991123,0.107455946695557
"PM-MT",0.213140098912483,0.365546461178957,0.872834048194396,0.613834559543872,0.526415856975221,0.838114476602443,-0.0588923806212309,0.555343872259891,0.667904752353571,1.42511498570313,0.660307672855019,0.438906915208951,0.578532723304344,0.0878742164449524,0.507696601135485,0.0143012022218937,0.32908721309114,-0.0709291534702502,0.192585368861006,0.478035628062455,0.878050112314511,1.17094584875532,0.140805366890267,0.618631088967948,0.50497952061809,0.0515320887750518,0.727679216294313,0.0457615117673771,0.488222148634146,0.424848545402345,0.227287241882669,0.553238254138629,0.203571115503792,0.30055517543365,0.146797019360358
"NLE-NON",-0.0124776922445055,-0.0117878656288643,0.0830470532642268,-0.0507030638529231,0.252431095651647,-0.0588923806212309,2.69337539453826,0.111349534725033,0.447505999927409,-2.56746205668587,-0.210959804386514,-0.491396906555623,-0.231484116862384,0.280442234144165,-0.231523521047382,0.260209193318008,-0.0991099468734322,0.466669059598633,0.364639989441683,-0.290926629044147,-0.146186927956762,0.269033532164018,0.0825704306483283,0.0582273764102031,-0.459583817494399,0.3662406929586,-0.461432654776869,0.161965129200682,-0.161339476561517,-0.013639918133696,0.212170563689229,-0.0561033358419067,0.208690161883945,0.131027879231477,0.266642107790846
"NLE-ZS",0.16698465079614,0.211514807032737,0.614157550109995,0.620889424144019,0.483121553582214,0.555343872259891,0.111349534725033,0.963119121260441,0.833195934754907,1.36385476603618,0.517694663998777,0.494982657363012,0.515547683199839,0.039061301911735,0.464255802839746,0.0992260858924642,0.336699302889579,-0.224605827317132,-0.0724769000155585,0.382695069331255,0.664450325451094,0.663113510669775,0.1912472805226,0.49704795161008,0.489007043718935,-0.0173584906270272,0.589424061628126,0.0412589882932979,0.384976765326717,0.406610818689558,0.288080784350264,0.343769637376143,0.247957783566127,0.137624090401645,0.149761448561621
"NLE-ZI",0.250545640866545,0.381159361953278,0.833695391612976,0.633218731778654,0.712410098218854,0.667904752353571,0.447505999927409,0.833195934754907,1.13109693078082,1.03402073145494,0.658102598521558,0.4632633570262,0.557350582200464,-0.0423075407408593,0.552827915651163,0.0910323440148709,0.360631103950143,-0.171953222374025,0.367536505643405,0.437580108183107,0.753723747620738,1.00427661497379,0.252743644009727,0.686661683352865,0.690725377718363,0.0319142325979571,0.807391032754943,0.0906987927863417,0.521084233319342,0.482055525873704,0.435290196801899,0.455042094263604,0.43276988089833,0.356876656103541,0.174990311505823
"NON-BR",0.368810097025198,0.621331918433231,1.54766680499513,1.37602200002705,0.632540188458079,1.42511498570313,-2.56746205668587,1.36385476603618,1.03402073145494,7.56216452410992,1.78465834067567,2.05042740261787,1.57225966103552,-0.00380087317008714,1.21897493091081,-0.259257616375453,0.839865096235481,-0.841395840018052,-0.0560785709754885,1.09624765491126,2.07146379966139,2.52367823486311,0.285755514209766,1.16515736049939,1.60457680833185,-0.265640296872817,2.0320763847158,0.0542111056287446,1.3842299911492,1.06128298338721,-0.554907688929359,0.858901125133507,0.113145083608913,0.222739198156052,0.012320025401425
"NON-PNS",0.246590275437602,0.471040308284404,0.916121938732571,0.601170270665397,0.383537675350449,0.660307672855019,-0.210959804386514,0.517694663998777,0.658102598521558,1.78465834067567,0.896858577569724,0.671265662590955,0.702492816517833,0.00680714196661677,0.669937755592272,0.117235428802828,0.469904707890906,-0.217395073846983,0.264469109536426,0.503179324700084,1.07737942430938,1.22827391160184,0.153621211707266,0.576257181113438,0.704049713805735,-0.0166009562364181,0.951706762672007,0.125193661938486,0.668552991321712,0.420399547694145,0.269863172506616,0.454960981527359,0.365254774651622,0.238418919643912,0.11874380651249
"BR-PT",0.207487262444166,0.27568399149944,0.599058748027883,0.342033043157309,0.13485545231672,0.438906915208951,-0.491396906555623,0.494982657363012,0.4632633570262,2.05042740261787,0.671265662590955,1.11077162231651,0.808002882950411,-0.0399602955785327,0.687597785358923,-0.00915622221692507,0.204510838525821,-0.352102480823994,0.0384651207951045,0.491838042378023,0.822883681157028,0.5782690094635,0.089110782416158,0.274150036636243,0.66436412426096,-0.0727505462411149,0.860211965087312,0.0125622218891749,0.41109260870562,0.384690985036784,-0.165627825315858,0.223682012678695,0.517699805980968,0.118425078524767,0.0997998412071595
"BR-APET",0.279993362926952,0.408968608016096,0.787112014336048,0.483944793981829,0.252852683674357,0.578532723304344,-0.231484116862384,0.515547683199839,0.557350582200464,1.57225966103552,0.702492816517833,0.808002882950411,0.99539363462302,0.0584701474302167,0.671268896669233,-0.100954552734663,0.489275966559227,-0.291696100707433,0.116777702616504,0.587997391110259,1.02434596089912,1.24777576656398,0.127796015246946,0.549707146380442,0.782375145063481,-0.0491033989705093,1.06079159506474,0.142971702053081,0.70563691648685,0.446324949223952,0.363150276439308,0.386581742288049,0.209265233742646,0.25973179133866,0.129362233796135
"PT-APET",-0.0225738989913454,0.0295556808971758,0.0263998601915564,0.0201076192644209,0.0324949122552747,0.0878742164449524,0.280442234144165,0.039061301911735,-0.0423075407408593,-0.00380087317008714,0.00680714196661677,-0.0399602955785327,0.0584701474302167,0.434168903159665,0.183221586866776,0.285415429052198,0.170334788124757,0.200868538567386,-0.0767049914410026,0.0212441403738028,-0.0782902630322478,0.0308702673980175,0.00371773318295494,0.010783798935309,-0.26995484701056,0.132412748467084,-0.137045214972418,0.077995048140868,0.0441447117588804,0.02266191965294,-0.183631377768042,0.0414585459715773,0.181735202696318,0.0768183678158828,0.038886658926257
"PT-BA",0.185018872547328,0.399755401938031,0.73496302627063,0.385362917956635,0.342835038966458,0.507696601135485,-0.231523521047382,0.464255802839746,0.552827915651163,1.21897493091081,0.669937755592272,0.687597785358923,0.671268896669233,0.183221586866776,1.72932613817512,0.784701567594111,0.736190913891116,0.0666533766218133,0.0934526665426097,0.5088810365176,1.12029357637559,0.484328906766387,0.0647904875969857,0.579446261170178,1.28688025082176,-0.110599571517997,1.21086704340354,0.00150826858715489,0.552768226484395,0.362952800339862,0.59406993409008,0.108730601735068,1.54591707050075,0.0771523552976413,0.231815449417479
"PT-EAM",-0.0642641681697453,0.128227420386197,0.0616441925309535,0.00408402304689938,0.0847993490201777,0.0143012022218937,0.260209193318008,0.0992260858924642,0.0910323440148709,-0.259257616375453,0.117235428802828,-0.00915622221692507,-0.100954552734663,0.285415429052198,0.784701567594111,0.977483697623461,0.284924816427257,0.368106784882108,-0.0262449412660981,-0.0308781423228053,0.129216767335923,-0.632833910967184,-0.0218510287826928,-0.0318915905686885,0.121347126632447,0.0270139750300231,-0.0619079261776831,-0.0123295092216079,-0.139472369153112,0.0234614251990826,0.125172996131316,-0.201096169450368,1.16175544065753,-0.130534156257643,0.111735606156432
"PT-ZYGI",0.149406628018121,0.292054520350091,0.459270115646779,0.399213339538193,0.193675721533835,0.32908721309114,-0.0991099468734322,0.336699302889579,0.360631103950143,0.839865096235481,0.469904707890906,0.204510838525821,0.489275966559227,0.170334788124757,0.736190913891116,0.284924816427257,0.852009144189731,-0.00609907076815281,0.0808004056096055,0.353006948252217,0.837742596000532,1.01793225081791,0.115475378520723,0.499255629522443,0.745526921125755,-0.104958546517988,0.806239379612706,0.180831291965307,0.769906864275663,0.30219514573278,0.50764522613299,0.201168152845761,0.302999981513401,0.133441020594577,0.119095171626626
"PT-TSP",-0.107765219661086,-0.0670109512889748,-0.20512265522898,-0.139285603538544,-0.000175289903721185,-0.0709291534702502,0.466669059598633,-0.224605827317132,-0.171953222374025,-0.841395840018052,-0.217395073846983,-0.352102480823994,-0.291696100707433,0.200868538567386,0.0666533766218133,0.368106784882108,-0.00609907076815281,0.754768759508344,0.0204122252956456,-0.225806295402034,-0.177104089843292,-0.0611454824485708,-0.0568935624543826,-0.115651331013597,-0.264289685516793,0.0516399582342507,-0.33419220734481,-0.196140251504182,-0.275863568905184,-0.119800675772029,0.080421498248247,-0.0863456246989984,0.442947198324199,-0.00523352313212438,0.0641564858182644
"ZS-ZI",0.107368950741433,0.222885282142264,0.329408252002272,0.137785596416635,0.25362282508041,0.192585368861006,0.364639989441683,-0.0724769000155585,0.367536505643405,-0.0560785709754885,0.264469109536426,0.0384651207951045,0.116777702616504,-0.0767049914410026,0.0934526665426097,-0.0262449412660981,0.0808004056096055,0.0204122252956456,0.522911503856598,0.0855782473561693,0.311225051224987,0.662292647185124,0.092973816721172,0.328035644103331,0.232627415128273,0.0784806500028739,0.301327495580227,0.0930282062030384,0.251239561134102,0.150998146106977,0.217790450488966,0.181390862306921,0.142742942305316,0.237976247334536,0.0353514403521533
"ZI-MT",0.182167620345321,0.222969083177504,0.466696594217233,0.319920819172493,0.227077285274722,0.478035628062455,-0.290926629044147,0.382695069331255,0.437580108183107,1.09624765491126,0.503179324700084,0.491838042378023,0.587997391110259,0.0212441403738028,0.5088810365176,-0.0308781423228053,0.353006948252217,-0.225806295402034,0.0855782473561693,0.616935513600685,0.626274727779629,0.693074231768388,0.0778781684565739,0.313090489598751,0.573878540965267,-0.0426228814887289,0.774134132921752,0.0443777902493993,0.469792443859598,0.356136646855072,0.00471856617574486,0.449247395822372,0.195226979485612,0.296274247881739,0.120430210445623
"ZI-ZYGI",0.377116488943942,0.651088880290361,1.33940742144166,0.901554041743575,0.376318504581731,0.878050112314511,-0.146186927956762,0.664450325451094,0.753723747620738,2.07146379966139,1.07737942430938,0.822883681157028,1.02434596089912,-0.0782902630322478,1.12029357637559,0.129216767335923,0.837742596000532,-0.177104089843292,0.311225051224987,0.626274727779629,2.20319121097934,2.32437806936162,0.208814732928143,1.17005057789056,1.338255665008,-0.0442049135086775,1.56354409459463,0.145611171019723,1.08000645869402,0.604931483417101,1.00927208877802,0.419411822592389,0.544503858830576,0.213242771701538,0.254672786346971
"ZI-TSP",0.489787803995455,0.832752091932506,1.62927698539663,1.17288440514754,0.622681490638073,1.17094584875532,0.269033532164018,0.663113510669775,1.00427661497379,2.52367823486311,1.22827391160184,0.5782690094635,1.24777576656398,0.0308702673980175,0.484328906766387,-0.632833910967184,1.01793225081791,-0.0611454824485708,0.662292647185124,0.693074231768388,2.32437806936162,4.44518971055453,0.38523352317123,1.69915692802626,1.27191201133404,0.0728911548761442,1.76751649209343,0.381811567215278,1.72272002898697,0.776274855992013,1.08635266899061,0.768449519637099,-0.568412883644195,0.651797295366988,0.24980639985789
"MT-PNS",0.0644573973063435,0.118646412490045,0.151221905925092,0.20320793582318,0.163216825581749,0.140805366890267,0.0825704306483283,0.1912472805226,0.252743644009727,0.285755514209766,0.153621211707266,0.089110782416158,0.127796015246946,0.00371773318295494,0.0647904875969857,-0.0218510287826928,0.115475378520723,-0.0568935624543826,0.092973816721172,0.0778781684565739,0.208814732928143,0.38523352317123,0.151277836009692,0.206732615106005,0.140581944895032,0.0276667085817045,0.191226285153837,0.0539269999586414,0.186411344008141,0.120510261203257,0.0521949323440602,0.098496007246505,-0.0196464013799446,0.081752962145524,0.00803803562629092
"PNS-APET",0.22444961428496,0.455434436415518,0.750298217797616,0.709557332098994,0.530165805267573,0.618631088967948,0.0582273764102031,0.49704795161008,0.686661683352865,1.16515736049939,0.576257181113438,0.274150036636243,0.549707146380442,0.010783798935309,0.579446261170178,-0.0318915905686885,0.499255629522443,-0.115651331013597,0.328035644103331,0.313090489598751,1.17005057789056,1.69915692802626,0.206732615106005,1.2307194748606,0.770682874787943,0.0400034646162813,0.933068783824714,0.143398620706319,0.724864417734976,0.378715850226648,0.742585385574696,0.287101582875875,0.156977042377392,0.2785757281788,0.210253090116426
"APET-BA",0.304534484036319,0.412335643634139,0.784799384817383,0.477442115441772,0.347515202354756,0.50497952061809,-0.459583817494399,0.489007043718935,0.690725377718363,1.60457680833185,0.704049713805735,0.66436412426096,0.782375145063481,-0.26995484701056,1.28688025082176,0.121347126632447,0.745526921125755,-0.264289685516793,0.232627415128273,0.573878540965267,1.338255665008,1.27191201133404,0.140581944895032,0.770682874787943,1.79128629496808,-0.244169771957561,1.52229625672373,0.0783322403268295,0.848054031006171,0.443875091380884,0.790774340745933,0.175553394776067,0.707251550636317,0.0992800802903467,0.171430960982709
"APET-TS",0.0159543698833275,0.0779378730261894,0.0795634256871341,0.0171463855528627,0.0676423615061792,0.0515320887750518,0.3662406929586,-0.0173584906270272,0.0319142325979571,-0.265640296872817,-0.0166009562364181,-0.0727505462411149,-0.0491033989705093,0.132412748467084,-0.110599571517997,0.0270139750300231,-0.104958546517988,0.0516399582342507,0.0784806500028739,-0.0426228814887289,-0.0442049135086775,0.0728911548761442,0.0276667085817045,0.0400034646162813,-0.244169771957561,0.333125172295924,-0.14316774003981,0.05794277405229,-0.0732304010842847,0.0278497846362191,-0.239716046432453,0.101391053468866,-0.090221835594637,0.109197737780582,0.0195318766241006
"BA-EAM",0.361883268405172,0.517606300060591,1.03223550349608,0.676634815374137,0.446796443768223,0.727679216294313,-0.461432654776869,0.589424061628126,0.807391032754943,2.0320763847158,0.951706762672007,0.860211965087312,1.06079159506474,-0.137045214972418,1.21086704340354,-0.0619079261776831,0.806239379612706,-0.33419220734481,0.301327495580227,0.774134132921752,1.56354409459463,1.76751649209343,0.191226285153837,0.933068783824714,1.52229625672373,-0.14316774003981,1.83861752406411,0.0296419026679598,1.10823760903733,0.571599553567845,0.770883147972276,0.51131794534165,0.543537784409194,0.340345512116225,0.186025447195338
"EAM-ZYGI",0.0375836264127261,0.160157442422041,0.180789158133238,0.050353108696018,0.00733319358985699,0.0457615117673771,0.161965129200682,0.0412589882932979,0.0906987927863417,0.0542111056287446,0.125193661938486,0.0125622218891749,0.142971702053081,0.077995048140868,0.00150826858715489,-0.0123295092216079,0.180831291965307,-0.196140251504182,0.0930282062030384,0.0443777902493993,0.145611171019723,0.381811567215278,0.0539269999586414,0.143398620706319,0.0783322403268295,0.05794277405229,0.0296419026679598,0.362863244855831,0.242660449395992,0.0983972940159955,0.0513203148063398,0.0418645930768784,-0.12306539675004,0.0664228850649234,0.00512029771537198
"ZYGI-TSP",0.268850744613287,0.384620249318647,0.727205454038259,0.531806678942212,0.268474761552124,0.488222148634146,-0.161339476561517,0.384976765326717,0.521084233319342,1.3842299911492,0.668552991321712,0.41109260870562,0.70563691648685,0.0441447117588804,0.552768226484395,-0.139472369153112,0.769906864275663,-0.275863568905184,0.251239561134102,0.469792443859598,1.08000645869402,1.72272002898697,0.186411344008141,0.724864417734976,0.848054031006171,-0.0732304010842847,1.10823760903733,0.242660449395992,1.0887889293985,0.397235529615063,0.577664631326125,0.287059101230642,-0.0565610622082455,0.234870276286534,0.111590655393837
"LD-AS",0.0948822927729687,0.189704378855729,0.465412392224647,0.372970065960989,0.281198766063242,0.424848545402345,-0.013639918133696,0.406610818689558,0.482055525873704,1.06128298338721,0.420399547694145,0.384690985036784,0.446324949223952,0.02266191965294,0.362952800339862,0.0234614251990826,0.30219514573278,-0.119800675772029,0.150998146106977,0.356136646855072,0.604931483417101,0.776274855992013,0.120510261203257,0.378715850226648,0.443875091380884,0.0278497846362191,0.571599553567845,0.0983972940159955,0.397235529615063,0.568432027130456,0.0669149275084296,0.355928431412057,0.172210835521794,0.15055033759634,0.117929826909856
"BR-LD",0.283534107430766,0.295216478726341,0.80045678732445,0.368118681524386,0.238395722772873,0.227287241882669,0.212170563689229,0.288080784350264,0.435290196801899,-0.554907688929359,0.269863172506616,-0.165627825315858,0.363150276439308,-0.183631377768042,0.59406993409008,0.125172996131316,0.50764522613299,0.080421498248247,0.217790450488966,0.00471856617574486,1.00927208877802,1.08635266899061,0.0521949323440602,0.742585385574696,0.790774340745933,-0.239716046432453,0.770883147972276,0.0513203148063398,0.577664631326125,0.0669149275084296,2.52989354051394,-0.0214295637766586,0.66369816485456,-0.0276083137688252,0.0839364863600992
"OPI-LD",0.058618406658621,0.217587419390304,0.421023104849814,0.416663505288321,0.3565514200464,0.553238254138629,-0.0561033358419067,0.343769637376143,0.455042094263604,0.858901125133507,0.454960981527359,0.223682012678695,0.386581742288049,0.0414585459715773,0.108730601735068,-0.201096169450368,0.201168152845761,-0.0863456246989984,0.181390862306921,0.449247395822372,0.419411822592389,0.768449519637099,0.098496007246505,0.287101582875875,0.175553394776067,0.101391053468866,0.51131794534165,0.0418645930768784,0.287059101230642,0.355928431412057,-0.0214295637766586,1.08884511154171,-0.00368966264441046,0.446679831852265,-0.0237627306625118
"PT-AS",0.0415099552451626,0.279831951183981,0.456194701338021,0.0501684248916031,0.281225512184697,0.203571115503792,0.208690161883945,0.247957783566127,0.43276988089833,0.113145083608913,0.365254774651622,0.517699805980968,0.209265233742646,0.181735202696318,1.54591707050075,1.16175544065753,0.302999981513401,0.442947198324199,0.142742942305316,0.195226979485612,0.544503858830576,-0.568412883644195,-0.0196464013799446,0.156977042377392,0.707251550636317,-0.090221835594637,0.543537784409194,-0.12306539675004,-0.0565610622082455,0.172210835521794,0.66369816485456,-0.00368966264441046,2.50834969022137,0.119681425444671,0.199690296192334
"JP-AS",0.149293865779325,0.190260015383844,0.355729623005168,0.15896420776136,0.253584663991123,0.30055517543365,0.131027879231477,0.137624090401645,0.356876656103541,0.222739198156052,0.238418919643912,0.118425078524767,0.25973179133866,0.0768183678158828,0.0771523552976413,-0.130534156257643,0.133441020594577,-0.00523352313212438,0.237976247334536,0.296274247881739,0.213242771701538,0.651797295366988,0.081752962145524,0.2785757281788,0.0992800802903467,0.109197737780582,0.340345512116225,0.0664228850649234,0.234870276286534,0.15055033759634,-0.0276083137688252,0.446679831852265,0.119681425444671,0.641239744864318,0.0727896343226902
"BA-OPI",0.0721328936295989,0.0718679317089415,0.173491492126184,0.113694987992623,0.107455946695557,0.146797019360358,0.266642107790846,0.149761448561621,0.174990311505823,0.012320025401425,0.11874380651249,0.0997998412071595,0.129362233796135,0.038886658926257,0.231815449417479,0.111735606156432,0.119095171626626,0.0641564858182644,0.0353514403521533,0.120430210445623,0.254672786346971,0.24980639985789,0.00803803562629092,0.210253090116426,0.171430960982709,0.0195318766241006,0.186025447195338,0.00512029771537198,0.111590655393837,0.117929826909856,0.0839364863600992,-0.0237627306625118,0.199690296192334,0.0727896343226902,0.208112288484038
