"","IS-PM","IS-NLE","IS-PNS","PM-ZS","PM-ZI","PM-MT","NLE-NON","NLE-ZS","NLE-ZI","NON-BR","NON-PNS","BR-PT","BR-APET","PT-APET","PT-BA","PT-EAM","PT-ZYGI","PT-TSP","ZS-ZI","ZI-MT","ZI-ZYGI","ZI-TSP","MT-PNS","PNS-APET","APET-BA","APET-TS","BA-EAM","EAM-ZYGI","ZYGI-TSP","LD-AS","BR-LD","OPI-LD","PT-AS","JP-AS","BA-OPI"
"IS-PM",0.173504707085344,0.251559941108165,0.617971272436508,0.189302134407363,0.210264522974827,0.265855239396177,0.227965155425297,0.17856301419513,0.351427271318439,0.474854015272872,0.429373867185157,0.15667392127303,0.257878846414128,0.159301968602428,0.404360673887359,0.164196592840786,0.336490374925173,0.0651170297640808,0.205506850403394,0.128144516071007,0.393830305628411,0.44293757647975,0.225071311376898,0.244729836217948,0.248519174035399,0.0677927634934734,0.329309313064659,0.222060778302621,0.32450939966118,0.258847137732051,0.135059929346952,0.274827844016482,0.315577654043283,0.0589229764722517,0.0774746629854148
"IS-NLE",0.251559941108165,0.602194867874759,0.999628131734963,0.414633434820158,0.440065598940696,0.51808902376871,0.40065277557885,0.330792875036307,0.619129417420301,0.735606637830613,0.758316053063641,0.155619125573906,0.356848103311718,0.266930155628032,0.67700045632773,0.226080880582752,0.630028726035561,0.143637848783285,0.33740676833582,0.298783972042407,0.707763806352428,0.816095450070887,0.352685471345686,0.477122796615389,0.409201493932231,0.145961136153694,0.623974893931606,0.316683048934673,0.590414249483901,0.358259972961154,0.306310198777268,0.404573456098169,0.475912453481885,0.0599689287029854,0.105142547482245
"IS-PNS",0.617971272436508,0.999628131734963,2.78133458987788,0.941730602502705,1.12930621198569,1.34322395306836,0.835080222021659,0.801648874402972,1.58276389670782,2.27135942130361,2.01491374691729,0.51617734654586,0.970888481810132,0.619845650474303,1.70981585423758,0.625278478316579,1.40796781576442,0.328849743974924,0.881539032295843,0.680354513434465,1.4960301203537,2.02746763747223,1.02628612515674,0.954717103322259,1.13107299218198,0.232172179121407,1.45344094574533,1.08936102960142,1.40463080537773,0.950245265088366,0.785913650669429,0.934291680591181,1.26318104182467,0.224820685526805,0.329005159005665
"PM-ZS",0.189302134407363,0.414633434820158,0.941730602502705,0.501774055949875,0.507959917944874,0.55193070325137,0.273890037684441,0.515465000458339,0.600108154467255,0.938655688234099,0.695692777702178,0.1592863683636,0.330638784313458,0.283454901934369,0.573263163909934,0.203755580943192,0.5395361702474,0.131948758940489,0.116579100954402,0.316914926255535,0.522684069667597,0.711940185726526,0.30253766605478,0.421762997444348,0.334794892644466,0.0963064409455145,0.514152743369314,0.358462076295036,0.504994830337241,0.304570574853965,0.192599056000142,0.241735613586652,0.363892176076267,0.0444685047376583,0.156062421413842
"PM-ZI",0.210264522974827,0.440065598940696,1.12930621198569,0.507959917944874,0.702596487058002,0.671600747620976,0.376219909808641,0.358800001333062,0.794133025445044,1.01328854443297,0.856857341869604,0.249431615315159,0.463952573733337,0.219885757335816,0.692602073273289,0.2181951644943,0.578025088612132,0.0904001970312386,0.454939490965658,0.422726142484932,0.57116810165538,0.808386934253869,0.363420124272082,0.491678279006648,0.470769473084416,0.0944562577800874,0.618472664685326,0.426692146470114,0.582746156874604,0.428495641305521,0.459462209025853,0.300100249958682,0.45988989323297,0.0357651899763404,0.178441076444138
"PM-MT",0.265855239396177,0.51808902376871,1.34322395306836,0.55193070325137,0.671600747620976,0.863433545899668,0.475070535957078,0.425438161385276,0.82865146850331,1.20071897548061,0.953675973389351,0.233814073517445,0.421677044499912,0.290156669151093,0.910466790628531,0.338400508339129,0.710527559116748,0.195083233550429,0.449780492660433,0.464321738207956,0.793239678295972,1.00371611723899,0.343005013221345,0.550267934386552,0.605023567332033,0.123670719396868,0.761089028392275,0.469939355411568,0.647951248072519,0.408929303224983,0.461099097839516,0.39939815805451,0.64770119570537,0.0646933298927242,0.143123544558932
"NLE-NON",0.227965155425297,0.40065277557885,0.835080222021659,0.273890037684441,0.376219909808641,0.475070535957078,1.06838799466601,0.046024124833656,0.604370666189872,-0.168248972031492,0.324188235674853,0.131229964869656,0.49044508366654,0.190708583496575,0.550574465918864,0.0620133054128395,0.535692585945391,-0.00427569695456534,0.61848207093756,0.204469369444423,0.833072343647428,0.947053718192063,0.312019824057776,0.53202813302003,0.462794388530227,0.177455512000664,0.57845236773567,0.239635569854796,0.519332991464958,0.408090816996466,0.593875117885668,0.563928802971403,0.326724861053868,0.0498142782552485,0.0373309444228481
"NLE-ZS",0.17856301419513,0.330792875036307,0.801648874402972,0.515465000458339,0.358800001333062,0.425438161385276,0.046024124833656,1.13778935745788,0.538753577152461,1.16926983075049,0.629104259080604,0.214558977548335,0.279689020392394,0.334484956576078,0.432702699965145,0.16742420504041,0.435332689997828,0.154331614487439,-0.587518815796043,0.20894133621384,0.264460197617711,0.431118427991434,0.274381264958838,0.218241285907138,0.218166805746302,0.0156023127983493,0.412527519166631,0.329380878362336,0.400891261557938,0.214125896161123,-0.392187034001441,0.244475858394331,0.215420157309555,0.069894023591985,0.171032128257889
"NLE-ZI",0.351427271318439,0.619129417420301,1.58276389670782,0.600108154467255,0.794133025445044,0.82865146850331,0.604370666189872,0.538753577152461,1.12454076532574,1.32200451391684,1.21245475348109,0.350030736438657,0.699147437807953,0.414303455178115,1.03657703542399,0.371571680006256,0.89360039258941,0.178640043883596,0.627811530867185,0.495527340539005,0.967530131566904,1.20977793659175,0.585178738009351,0.713561925855488,0.638039877656005,0.147768683831089,0.873811386671434,0.566911591683152,0.843646484711534,0.608858168762703,0.561241768175789,0.584619788280643,0.69271858350377,0.0718866251966191,0.187763419257933
"NON-BR",0.474854015272872,0.735606637830613,2.27135942130361,0.938655688234099,1.01328854443297,1.20071897548061,-0.168248972031492,1.16926983075049,1.32200451391684,3.85907594781341,2.00230435911087,0.894436349454037,0.832094833103511,0.692876485659321,1.803138858036,0.889485635332928,1.29799388075764,0.4384253392498,0.211397314410432,0.724846396854331,0.914367923859484,1.24358714557018,0.667123346686862,0.758646127990466,0.95435926836924,0.177946330507924,1.34863322426312,1.04954831477597,1.25946351744859,0.842164537987943,-0.258300527677855,0.537492679214021,1.38415828466556,0.167207807646327,0.548328201193779
"NON-PNS",0.429373867185157,0.758316053063641,2.01491374691729,0.695692777702178,0.856857341869604,0.953675973389351,0.324188235674853,0.629104259080604,1.21245475348109,2.00230435911087,1.70727413421812,0.36825556674637,0.702292298557202,0.512811833152511,1.32258437254326,0.540540553432744,1.08713372040914,0.29358916307814,0.634257643430946,0.563188450166753,1.09213471870905,1.40025624075106,0.780176535195314,0.717700280682898,0.774722744456208,0.17271344549738,1.0607319038985,0.759763381025449,1.02847236627212,0.653642397239135,0.563804835787746,0.577432833290892,0.982523016186917,0.132697817901834,0.284525624925918
"BR-PT",0.15667392127303,0.155619125573906,0.51617734654586,0.1592863683636,0.249431615315159,0.233814073517445,0.131229964869656,0.214558977548335,0.350030736438657,0.894436349454037,0.36825556674637,0.730274223923372,0.727296329994537,0.216300887679734,0.589848718410227,0.241190052515705,0.22884028310569,0.02660533545334,0.154107532032383,0.185357569069538,0.274690225835902,0.275169716602808,0.171294909141854,0.224721715165731,0.327466549455058,0.0496059386367429,0.418032918727306,0.264475829857411,0.316814311166779,0.540975514801838,-0.0948347996478407,0.477676680183013,0.518962937658374,0.091036094310994,0.203895239326199
"BR-APET",0.257878846414128,0.356848103311718,0.970888481810132,0.330638784313458,0.463952573733337,0.421677044499912,0.49044508366654,0.279689020392394,0.699147437807953,0.832094833103511,0.702292298557202,0.727296329994537,1.13729820404813,0.409279384220015,0.814898261041946,0.254402099039149,0.505393409344071,0.0307306276384297,0.464930068315695,0.300122203797711,0.73819027294217,0.848599595547905,0.435404218904246,0.518212092420911,0.490838100967001,0.14092229366842,0.642134938208581,0.412564838497246,0.570417295783518,0.725316146571981,0.441960937537044,0.690300500759429,0.582525061478875,0.124720294361616,0.221197674572605
"PT-APET",0.159301968602428,0.266930155628032,0.619845650474303,0.283454901934369,0.219885757335816,0.290156669151093,0.190708583496575,0.334484956576078,0.414303455178115,0.692876485659321,0.512811833152511,0.216300887679734,0.409279384220015,0.530149593335955,0.741207804581843,0.407179548165167,0.499540094253091,0.22872904885532,0.108874684887787,0.238388909419618,0.548945719971907,0.541134143713664,0.268860757918798,0.425216786161028,0.233161403145203,0.0916886684972068,0.431190546524964,0.287942452664036,0.381230341021071,0.305343101173804,-0.0207502466318994,0.39669589557221,0.512634915381834,0.052617429226753,0.136304149745101
"PT-BA",0.404360673887359,0.67700045632773,1.70981585423758,0.573263163909934,0.692602073273289,0.910466790628531,0.550574465918864,0.432702699965145,1.03657703542399,1.803138858036,1.32258437254326,0.589848718410227,0.814898261041946,0.741207804581843,1.98960627246242,1.11271181744753,1.25450073199033,0.420434256503773,0.672321726293177,0.563769806871249,1.24692235004296,1.20869499858671,0.553281815854333,0.894454928772743,1.05336488065948,0.221502437156669,1.23313618644147,0.84644100889295,1.07106097213283,0.733662318018988,0.343470725328301,0.912608035349087,1.66282338236893,0.14961506288625,0.242827412875476
"PT-EAM",0.164196592840786,0.226080880582752,0.625278478316579,0.203755580943192,0.2181951644943,0.338400508339129,0.0620133054128395,0.16742420504041,0.371571680006256,0.889485635332928,0.540540553432744,0.241190052515705,0.254402099039149,0.407179548165167,1.11271181744753,0.943816528612007,0.693013261936883,0.314133740914507,0.248567609459547,0.190693687570924,0.455678708328358,0.279992625031888,0.166509349334745,0.407489033769597,0.477855737617355,0.0553237856165592,0.428449584331193,0.5227852249418,0.496196394390405,0.284487490607486,0.00981043492364566,0.449610912906997,1.09194558304235,0.0545394713565642,0.0585260776042309
"PT-ZYGI",0.336490374925173,0.630028726035561,1.40796781576442,0.5395361702474,0.578025088612132,0.710527559116748,0.535692585945391,0.435332689997828,0.89360039258941,1.29799388075764,1.08713372040914,0.22884028310569,0.505393409344071,0.499540094253091,1.25450073199033,0.693013261936883,1.15685308081641,0.308618514482728,0.530980530333632,0.398635769638203,1.0591917348635,1.12335146926936,0.508237340756982,0.725082036711912,0.67539351358871,0.224430819820286,0.902137438734387,0.560444279058772,0.939233336930632,0.492018743736741,0.355477066331163,0.565702347806338,1.00234516221864,0.0729503269376402,0.190088364883033
"PT-TSP",0.0651170297640808,0.143637848783285,0.328849743974924,0.131948758940489,0.0904001970312386,0.195083233550429,-0.00427569695456534,0.154331614487439,0.178640043883596,0.4384253392498,0.29358916307814,0.02660533545334,0.0307306276384297,0.22872904885532,0.420434256503773,0.314133740914507,0.308618514482728,0.232777715426901,0.0350945211351806,0.117721766457485,0.191788294250084,0.23303865513272,0.10271740618569,0.14435116717427,0.129825563380104,0.00358362470534827,0.196496159742001,0.180395845027205,0.199972992708609,0.0420917912864914,-0.0785569811332623,0.138357193328176,0.351902901413948,0.0362072621330169,0.0344928486440788
"ZS-ZI",0.205506850403394,0.33740676833582,0.881539032295843,0.116579100954402,0.454939490965658,0.449780492660433,0.61848207093756,-0.587518815796043,0.627811530867185,0.211397314410432,0.634257643430946,0.154107532032383,0.464930068315695,0.108874684887787,0.672321726293177,0.248567609459547,0.530980530333632,0.0350945211351806,1.2638690611959,0.289116884722043,0.77771524274474,0.864696808456214,0.341180310091712,0.546398604315881,0.464082138465145,0.152007103030701,0.515545631711321,0.293768710203705,0.515111973734083,0.442570739563379,0.997571702156272,0.398012415514896,0.53937410790083,0.0140551942830083,0.0200192865181133
"ZI-MT",0.128144516071007,0.298783972042407,0.680354513434465,0.316914926255535,0.422726142484932,0.464321738207956,0.204469369444423,0.20894133621384,0.495527340539005,0.724846396854331,0.563188450166753,0.185357569069538,0.300122203797711,0.238388909419618,0.563769806871249,0.190693687570924,0.398635769638203,0.117721766457485,0.289116884722043,0.425012837132595,0.550494276538855,0.538568195072328,0.166816832670983,0.362094694034332,0.277942061230525,0.0669488077960839,0.443376750394718,0.118675926838626,0.295780286810565,0.248696785308478,0.248263606833588,0.171893880921911,0.341702707125024,0.00288840976857093,0.158774447974527
"ZI-ZYGI",0.393830305628411,0.707763806352428,1.4960301203537,0.522684069667597,0.57116810165538,0.793239678295972,0.833072343647428,0.264460197617711,0.967530131566904,0.914367923859484,1.09213471870905,0.274690225835902,0.73819027294217,0.548945719971907,1.24692235004296,0.455678708328358,1.0591917348635,0.191788294250084,0.77771524274474,0.550494276538855,1.8497478813372,1.52162316587269,0.526619545718987,0.991117311801749,0.661955335243921,0.365490064160538,1.04246599092888,0.0513847528466386,0.71533766232553,0.512548016418129,0.975076535890819,0.560970654107628,0.898866052665198,0.0579164386401358,0.163979035046717
"ZI-TSP",0.44293757647975,0.816095450070887,2.02746763747223,0.711940185726526,0.808386934253869,1.00371611723899,0.947053718192063,0.431118427991434,1.20977793659175,1.24358714557018,1.40025624075106,0.275169716602808,0.848599595547905,0.541134143713664,1.20869499858671,0.279992625031888,1.12335146926936,0.23303865513272,0.864696808456214,0.538568195072328,1.52162316587269,1.96530288257703,0.817850807914207,0.919212066538354,0.801393901399005,0.290126626284169,1.17162037648587,0.631058879038631,1.07913923909275,0.661846436044078,1.00829176682002,0.718120801746804,0.75393539957223,0.144400706573015,0.157669152576466
"MT-PNS",0.225071311376898,0.352685471345686,1.02628612515674,0.30253766605478,0.363420124272082,0.343005013221345,0.312019824057776,0.274381264958838,0.585178738009351,0.667123346686862,0.780176535195314,0.171294909141854,0.435404218904246,0.268860757918798,0.553281815854333,0.166509349334745,0.508237340756982,0.10271740618569,0.341180310091712,0.166816832670983,0.526619545718987,0.817850807914207,0.556697469911572,0.308184483861269,0.360211238209818,0.0901837602454239,0.505368539837686,0.451638228341922,0.556768468704594,0.373016726238078,0.312779001934133,0.378022555552817,0.382246598439783,0.106644887077039,0.116444920433067
"PNS-APET",0.244729836217948,0.477122796615389,0.954717103322259,0.421762997444348,0.491678279006648,0.550267934386552,0.53202813302003,0.218241285907138,0.713561925855488,0.758646127990466,0.717700280682898,0.224721715165731,0.518212092420911,0.425216786161028,0.894454928772743,0.407489033769597,0.725082036711912,0.14435116717427,0.546398604315881,0.362094694034332,0.991117311801749,0.919212066538354,0.308184483861269,0.765906337276742,0.424361920565351,0.200906207363956,0.656039664590496,0.275146569599853,0.588093888691137,0.40863507399574,0.558461640274457,0.443148691709365,0.644561602001396,0.0246640671052668,0.100169597299159
"APET-BA",0.248519174035399,0.409201493932231,1.13107299218198,0.334794892644466,0.470769473084416,0.605023567332033,0.462794388530227,0.218166805746302,0.638039877656005,0.95435926836924,0.774722744456208,0.327466549455058,0.490838100967001,0.233161403145203,1.05336488065948,0.477855737617355,0.67539351358871,0.129825563380104,0.464082138465145,0.277942061230525,0.661955335243921,0.801393901399005,0.360211238209818,0.424361920565351,0.780053463338777,0.130945077687826,0.779330984276997,0.578089568344665,0.676526124197782,0.448375170282379,0.36129907966947,0.516605416904928,0.89178820955575,0.10626574258691,0.100496765402774
"APET-TS",0.0677927634934734,0.145961136153694,0.232172179121407,0.0963064409455145,0.0944562577800874,0.123670719396868,0.177455512000664,0.0156023127983493,0.147768683831089,0.177946330507924,0.17271344549738,0.0496059386367429,0.14092229366842,0.0916886684972068,0.221502437156669,0.0553237856165592,0.224430819820286,0.00358362470534827,0.152007103030701,0.0669488077960839,0.365490064160538,0.290126626284169,0.0901837602454239,0.200906207363956,0.130945077687826,0.167954759889829,0.241635755475574,-0.0263640077714691,0.16826044333098,0.0977165546168806,0.166231903334198,0.0591983788468044,0.137729326009458,0.026831306522553,0.0617987979090877
"BA-EAM",0.329309313064659,0.623974893931606,1.45344094574533,0.514152743369314,0.618472664685326,0.761089028392275,0.57845236773567,0.412527519166631,0.873811386671434,1.34863322426312,1.0607319038985,0.418032918727306,0.642134938208581,0.431190546524964,1.23313618644147,0.428449584331193,0.902137438734387,0.196496159742001,0.515545631711321,0.443376750394718,1.04246599092888,1.17162037648587,0.505368539837686,0.656039664590496,0.779330984276997,0.241635755475574,1.06141271708789,0.483514326629303,0.847228276779791,0.571410652056383,0.393338385179606,0.591381754950778,0.903949436214105,0.111256684717885,0.231094118858264
"EAM-ZYGI",0.222060778302621,0.316683048934673,1.08936102960142,0.358462076295036,0.426692146470114,0.469939355411568,0.239635569854796,0.329380878362336,0.566911591683152,1.04954831477597,0.759763381025449,0.264475829857411,0.412564838497246,0.287942452664036,0.84644100889295,0.5227852249418,0.560444279058772,0.180395845027205,0.293768710203705,0.118675926838626,0.0513847528466386,0.631058879038631,0.451638228341922,0.275146569599853,0.578089568344665,-0.0263640077714691,0.483514326629303,1.07993907881298,0.784228122465961,0.464959603377291,0.0341330538128374,0.576370566336355,0.716798130672091,0.14775015357183,0.0555067716972297
"ZYGI-TSP",0.32450939966118,0.590414249483901,1.40463080537773,0.504994830337241,0.582746156874604,0.647951248072519,0.519332991464958,0.400891261557938,0.843646484711534,1.25946351744859,1.02847236627212,0.316814311166779,0.570417295783518,0.381230341021071,1.07106097213283,0.496196394390405,0.939233336930632,0.199972992708609,0.515111973734083,0.295780286810565,0.71533766232553,1.07913923909275,0.556768468704594,0.588093888691137,0.676526124197782,0.16826044333098,0.847228276779791,0.784228122465961,0.987045751102955,0.569843844373814,0.315901931442471,0.626405448568284,0.826388654758323,0.107684698274891,0.167107880602197
"LD-AS",0.258847137732051,0.358259972961154,0.950245265088366,0.304570574853965,0.428495641305521,0.408929303224983,0.408090816996466,0.214125896161123,0.608858168762703,0.842164537987943,0.653642397239135,0.540975514801838,0.725316146571981,0.305343101173804,0.733662318018988,0.284487490607486,0.492018743736741,0.0420917912864914,0.442570739563379,0.248696785308478,0.512548016418129,0.661846436044078,0.373016726238078,0.40863507399574,0.448375170282379,0.0977165546168806,0.571410652056383,0.464959603377291,0.569843844373814,0.702159846360831,0.248571168449586,0.622018379525258,0.584722099104935,0.0700735627044683,0.208063875763389
"BR-LD",0.135059929346952,0.306310198777268,0.785913650669429,0.192599056000142,0.459462209025853,0.461099097839516,0.593875117885668,-0.392187034001441,0.561241768175789,-0.258300527677855,0.563804835787746,-0.0948347996478407,0.441960937537044,-0.0207502466318994,0.343470725328301,0.00981043492364566,0.355477066331163,-0.0785569811332623,0.997571702156272,0.248263606833588,0.975076535890819,1.00829176682002,0.312779001934133,0.558461640274457,0.36129907966947,0.166231903334198,0.393338385179606,0.0341330538128374,0.315901931442471,0.248571168449586,1.72426608950211,0.1212088365204,0.236517510772154,-0.0342126300637344,-0.0926397888843935
"OPI-LD",0.274827844016482,0.404573456098169,0.934291680591181,0.241735613586652,0.300100249958682,0.39939815805451,0.563928802971403,0.244475858394331,0.584619788280643,0.537492679214021,0.577432833290892,0.477676680183013,0.690300500759429,0.39669589557221,0.912608035349087,0.449610912906997,0.565702347806338,0.138357193328176,0.398012415514896,0.171893880921911,0.560970654107628,0.718120801746804,0.378022555552817,0.443148691709365,0.516605416904928,0.0591983788468044,0.591381754950778,0.576370566336355,0.626405448568284,0.622018379525258,0.1212088365204,1.02052934759407,0.795605697166995,0.121580514399681,0.0162615694877822
"PT-AS",0.315577654043283,0.475912453481885,1.26318104182467,0.363892176076267,0.45988989323297,0.64770119570537,0.326724861053868,0.215420157309555,0.69271858350377,1.38415828466556,0.982523016186917,0.518962937658374,0.582525061478875,0.512634915381834,1.66282338236893,1.09194558304235,1.00234516221864,0.351902901413948,0.53937410790083,0.341702707125024,0.898866052665198,0.75393539957223,0.382246598439783,0.644561602001396,0.89178820955575,0.137729326009458,0.903949436214105,0.716798130672091,0.826388654758323,0.584722099104935,0.236517510772154,0.795605697166995,1.61069851568881,0.124496845918387,0.144090538910196
"JP-AS",0.0589229764722517,0.0599689287029854,0.224820685526805,0.0444685047376583,0.0357651899763404,0.0646933298927242,0.0498142782552485,0.069894023591985,0.0718866251966191,0.167207807646327,0.132697817901834,0.091036094310994,0.124720294361616,0.052617429226753,0.14961506288625,0.0545394713565642,0.0729503269376402,0.0362072621330169,0.0140551942830083,0.00288840976857093,0.0579164386401358,0.144400706573015,0.106644887077039,0.0246640671052668,0.10626574258691,0.026831306522553,0.111256684717885,0.14775015357183,0.107684698274891,0.0700735627044683,-0.0342126300637344,0.121580514399681,0.124496845918387,0.139515989583474,0.0449306629934538
"BA-OPI",0.0774746629854148,0.105142547482245,0.329005159005665,0.156062421413842,0.178441076444138,0.143123544558932,0.0373309444228481,0.171032128257889,0.187763419257933,0.548328201193779,0.284525624925918,0.203895239326199,0.221197674572605,0.136304149745101,0.242827412875476,0.0585260776042309,0.190088364883033,0.0344928486440788,0.0200192865181133,0.158774447974527,0.163979035046717,0.157669152576466,0.116444920433067,0.100169597299159,0.100496765402774,0.0617987979090877,0.231094118858264,0.0555067716972297,0.167107880602197,0.208063875763389,-0.0926397888843935,0.0162615694877822,0.144090538910196,0.0449306629934538,0.275888477286421
