"","IS-PM","IS-NLE","IS-PNS","PM-ZS","PM-ZI","PM-MT","NLE-NON","NLE-ZS","NLE-ZI","NON-BR","NON-PNS","BR-PT","BR-APET","PT-APET","PT-BA","PT-EAM","PT-ZYGI","PT-TSP","ZS-ZI","ZI-MT","ZI-ZYGI","ZI-TSP","MT-PNS","PNS-APET","APET-BA","APET-TS","BA-EAM","EAM-ZYGI","ZYGI-TSP","LD-AS","BR-LD","OPI-LD","PT-AS","JP-AS","BA-OPI"
"IS-PM",0.0894087772052268,0.102476083481484,0.333282294670626,0.121279924571819,0.12459167985382,0.150176766577429,0.0637042700520805,0.132143807342008,0.18225995723928,0.183404437849124,0.258378150758561,0.0406761977587762,0.0931226196609981,0.0219288413865777,0.104311970841377,0.0452173807565743,0.151676477696947,0.0252231038626875,0.0527424525101963,0.1220235270705,0.213661609195695,0.240954288261574,0.107683218256689,0.0752786708387136,0.0689099728834769,0.0648609799407828,0.117609459480018,0.079051743581008,0.128650205490676,0.0826959253625311,0.149310383102081,0.0400067178214289,0.10105257923772,0.00209924933529266,0.0263849376175848
"IS-NLE",0.102476083481484,0.306723830115344,0.580378359369108,0.299031956986617,0.300390902985924,0.313874161605785,0.0732107067418818,0.290886924091094,0.357722744275922,0.372435247110751,0.525559982786233,0.000767205181795779,0.135703702286402,0.0709324292899032,0.25595529213156,0.150446587793921,0.281588096098992,0.0877349796783933,0.0582445039436913,0.246916884975464,0.404357900354727,0.474115318788325,0.192866654890625,0.22320927550049,0.133444150437738,0.144290992910411,0.216010114976206,0.218261094490258,0.294999320865007,0.119036023275966,0.315483836242305,0.036912029536182,0.234587056609553,0.0317763461855703,0.100249040476933
"IS-PNS",0.333282294670626,0.580378359369108,1.85851875188572,0.783689977759939,0.748862893389936,0.907022844040539,0.133359152602766,0.832486535922329,0.948184431447237,1.16160493645507,1.5648095206531,0.0917254415650476,0.404480570264951,0.155471442199574,0.621961163140054,0.344875468560606,0.779670239383009,0.163704207967185,0.116647874965721,0.636236851308577,1.19360106642128,1.16066129151498,0.648340782192407,0.269757859948318,0.393612806813451,0.323645120950036,0.594325670861674,0.337957890995474,0.588627490256144,0.40035817938905,0.6766529581581,0.118940502944718,0.623776384811471,0.118489040477924,0.200326116778597
"PM-ZS",0.121279924571819,0.299031956986617,0.783689977759939,0.492182160630115,0.417381688916629,0.479089580414706,0.118918611243032,0.515602561229143,0.468510259181348,0.521142085079054,0.666040985069713,0.00210470178077296,0.108444814802025,0.0328648504584891,0.294468044406246,0.166488928489284,0.363808367902258,0.102264852013444,-0.0569065747044431,0.366582144290059,0.569013917055131,0.611553116841806,0.237843084713361,0.255826181003535,0.197622306544804,0.17774153428928,0.246734079672839,0.22122657910142,0.299618957590107,0.148962232208442,0.35993805624468,0.0168443861764686,0.268735508238291,0.0418476855514657,0.0946660383101762
"PM-ZI",0.12459167985382,0.300390902985924,0.748862893389936,0.417381688916629,0.476992233473344,0.406527360971632,0.160719058828362,0.461577372009506,0.502677996961907,0.435542175723969,0.596486854052426,0.0857735248115734,0.213814914601777,0.116455325137623,0.332257712906852,0.182449690183315,0.275798424406529,0.099033507235355,0.012216405144507,0.326964801064501,0.427156928452355,0.486630041414274,0.25092340786907,0.245458879234029,0.169205085167329,0.175688896474879,0.220103517687639,0.220890445608426,0.258658177331707,0.164908052362984,0.414057238087431,0.0614552393937532,0.290401351026165,0.00325747043843788,0.105198352934989
"PM-MT",0.150176766577429,0.313874161605785,0.907022844040539,0.479089580414706,0.406527360971632,0.690151361028211,0.0317410226524723,0.477926708548471,0.546974314125113,0.811134038761096,0.798586796678508,-0.0573996956269584,0.0498235951587821,-0.0334453391498815,0.238958759387055,0.0970712610977854,0.498865882887127,0.121588051292655,0.105529486687657,0.408120377744868,0.649838342413504,0.667638903507173,0.149914072131758,0.161799152301651,0.224277033271082,0.182181293335872,0.315619507787899,0.209760508434993,0.379725508236536,0.138903787378914,0.190806909343601,-0.00134701745992839,0.239586638638224,0.106215300063153,0.0877080833529263
"NLE-NON",0.0637042700520805,0.0732107067418818,0.133359152602766,0.118918611243032,0.160719058828362,0.0317410226524723,0.518171656010995,0.191440570121231,0.17840541166411,-0.327114316973369,-0.031366053441259,0.0743137339577808,0.11858421152991,0.066145041392588,0.122908749246818,0.0634980971308987,0.0571419463383413,0.0526945462619074,-0.0413240028563671,0.118069325437313,0.0217977039926844,0.151678245696713,0.0679924389262525,0.183872303693947,0.0277307271555113,0.0967892939645559,0.0439862073728847,0.145343810354409,0.109955462851266,0.0343515215466168,0.14741831919082,0.00890196535647253,0.107799444953833,-0.0730577521103992,0.0949360758784413
"NLE-ZS",0.132143807342008,0.290886924091094,0.832486535922329,0.515602561229143,0.461577372009506,0.477926708548471,0.191440570121231,0.752377760660824,0.561121730585789,0.511596150061712,0.697467093027901,0.132761538414709,0.221852461537089,0.0860696799802642,0.355035482611367,0.166244774580357,0.278291524210618,0.109746362311399,-0.229025925982551,0.475171599085532,0.642583821858561,0.655152154783567,0.244397087289437,0.31926948582917,0.18694993716438,0.17599202557681,0.232372484381044,0.163260626554593,0.145891632737114,0.119812725484872,0.563618473526357,-0.0448209061346674,0.297069544056707,0.000283377744552216,0.110904902130804
"NLE-ZI",0.18225995723928,0.357722744275922,0.948184431447237,0.468510259181348,0.502677996961907,0.546974314125113,0.17840541166411,0.561121730585789,0.675805062625913,0.676613111900717,0.818867255183555,0.0603903425582615,0.250670554872021,0.105943967791312,0.32190014355788,0.13797233625524,0.450627239085088,0.10248927871649,0.126421173496781,0.451873924857996,0.639341207285415,0.696803997303186,0.267749988444774,0.301879149243247,0.189236333661464,0.211148365880674,0.313581593837622,0.277436534671012,0.353074893824551,0.156618298477329,0.502028656566289,0.0409122635091209,0.291982155598418,0.0670144568278219,0.123263945006234
"NON-BR",0.183404437849124,0.372435247110751,1.16160493645507,0.521142085079054,0.435542175723969,0.811134038761096,-0.327114316973369,0.511596150061712,0.676613111900717,2.13989401119007,1.28864202575905,0.0304291455675759,0.0759011151044159,-0.0484315920779508,0.313959011408055,0.167575015299508,0.736220066887014,0.171576496221527,0.252359414378166,0.525665474648942,1.03296968576009,0.995069440944826,0.268291930508477,0.206801231292952,0.379143365992212,0.105381700467916,0.497043671717763,0.318190968671266,0.518168458874179,0.0927332957132976,0.0221734030980972,-0.134879431940421,0.412410482218659,0.244754771871424,0.0624469056841354
"NON-PNS",0.258378150758561,0.525559982786233,1.5648095206531,0.666040985069713,0.596486854052426,0.798586796678508,-0.031366053441259,0.697467093027901,0.818867255183555,1.28864202575905,1.48952451054744,0.0493670490860038,0.344992235938479,0.141895838114438,0.517078799773237,0.297983855315275,0.74000669639448,0.147381022007882,0.143908925415789,0.617163092372017,1.1513490573445,1.0761161313188,0.54765491144735,0.241964663869803,0.32725716093203,0.269296813615,0.546428920113656,0.270267437167727,0.513713825116996,0.296371359717368,0.573934781828125,0.0554566961600141,0.546932503308099,0.172983776770665,0.190763200914358
"BR-PT",0.0406761977587762,0.000767205181795779,0.0917254415650476,0.00210470178077296,0.0857735248115734,-0.0573996956269584,0.0743137339577808,0.132761538414709,0.0603903425582615,0.0304291455675759,0.0493670490860038,0.452334688417654,0.378407304784059,0.117284887437965,0.165587784193872,0.10376350304697,-0.198267958570637,0.019242734080133,-0.119299502789108,0.110766337308278,0.0783903599251919,0.0284942956052638,0.0924478060531857,0.044199749155594,0.0147658064223308,0.00210406694673137,-0.0158976504996668,-0.0224513655991587,-0.146575302125829,0.0801526684288569,0.324578064030977,0.0235304784220145,0.163778448434968,-0.0768278816746429,0.0484091024833734
"BR-APET",0.0931226196609981,0.135703702286402,0.404480570264951,0.108444814802025,0.213814914601777,0.0498235951587821,0.11858421152991,0.221852461537089,0.250670554872021,0.0759011151044159,0.344992235938479,0.378407304784059,0.695813891991087,0.392232182133353,0.342651659788167,0.207365172777167,-0.00382946174381504,0.0928180623419839,-0.0111306822502399,0.230116416854744,0.24807072453228,0.313664185668257,0.237490853143881,0.160789417291454,0.0835797469225236,0.0929760350793677,0.177981333882175,0.129711743188436,0.0343557859471039,0.228444613197781,0.660130993116309,0.184625620289456,0.21058833593801,-0.03089492441808,0.140233337927163
"PT-APET",0.0219288413865777,0.0709324292899032,0.155471442199574,0.0328648504584891,0.116455325137623,-0.0334453391498815,0.066145041392588,0.0860696799802642,0.105943967791312,-0.0484315920779508,0.141895838114438,0.117284887437965,0.392232182133353,0.430015100816961,0.292885353664959,0.226240049262217,-0.0723673847170555,0.0718442439073808,-0.0167875365161866,0.0905761180883157,0.0434909517385106,0.0859326273285699,0.121584774533184,0.186842947554083,-0.040560691178562,0.0437390463593459,0.0708375734761778,0.134427208321994,-0.0127884241314176,0.14784334420469,0.364006125791258,0.151517728323107,0.157894157702501,-0.0229636058483283,0.0844303858543813
"PT-BA",0.104311970841377,0.25595529213156,0.621961163140054,0.294468044406246,0.332257712906852,0.238958759387055,0.122908749246818,0.355035482611367,0.32190014355788,0.313959011408055,0.517078799773237,0.165587784193872,0.342651659788167,0.292885353664959,0.558468301966285,0.380148370955355,0.136056852923569,0.173715780300281,-0.0867871957394756,0.263640287706577,0.379122552185887,0.429297799668617,0.260420439647192,0.250846534592371,0.232503468024049,0.0900234135189875,0.262788886630689,0.229903008516082,0.183373333095387,0.173298458385093,0.482146072161289,0.0807518305704347,0.463675294493535,0.00248029591405747,0.105988177595933
"PT-EAM",0.0452173807565743,0.150446587793921,0.344875468560606,0.166488928489284,0.182449690183315,0.0970712610977854,0.0634980971308987,0.166244774580357,0.13797233625524,0.167575015299508,0.297983855315275,0.10376350304697,0.207365172777167,0.226240049262217,0.380148370955355,0.40877090886484,0.0371895506838822,0.146872973064815,-0.0722363592138147,0.09106582716817,0.152883937079171,0.121274950880413,0.173888918042865,0.113676862414507,0.0799476310045752,0.0215180967420215,0.0563977935183263,0.153955153454024,0.100472481833358,0.118568958303462,0.235022347215586,0.0391267749872406,0.411319234691169,-0.00658578850527592,0.0529509878362527
"PT-ZYGI",0.151676477696947,0.281588096098992,0.779670239383009,0.363808367902258,0.275798424406529,0.498865882887127,0.0571419463383413,0.278291524210618,0.450627239085088,0.736220066887014,0.74000669639448,-0.198267958570637,-0.00382946174381504,-0.0723673847170555,0.136056852923569,0.0371895506838822,0.717934212640156,0.0879245616520784,0.231704457351892,0.346849646918582,0.674970954615311,0.737706826721291,0.218595730864519,0.167239783303575,0.239985552720601,0.173166560016869,0.38558075509568,0.248035009470113,0.532122153157421,0.0961301991484765,0.157891017096268,-0.0187012936046561,0.153820828223544,0.107081352480762,0.0785554749913219
"PT-TSP",0.0252231038626875,0.0877349796783933,0.163704207967185,0.102264852013444,0.099033507235355,0.121588051292655,0.0526945462619074,0.109746362311399,0.10248927871649,0.171576496221527,0.147381022007882,0.019242734080133,0.0928180623419839,0.0718442439073808,0.173715780300281,0.146872973064815,0.0879245616520784,0.196865291526964,-0.00995272281906804,0.0987230908498012,0.0862089183290624,0.199294068537976,0.0411902874240254,0.0146539340849468,0.126669963592068,-0.0151906073460003,0.10700523229144,0.0904006929769191,0.109196748567158,0.00386034095988146,0.105823622615021,-0.00191849609224224,0.172673631698835,0.0280190666778482,0.0516180973813985
"ZS-ZI",0.0527424525101963,0.0582445039436913,0.116647874965721,-0.0569065747044431,0.012216405144507,0.105529486687657,-0.0413240028563671,-0.229025925982551,0.126421173496781,0.252359414378166,0.143908925415789,-0.119299502789108,-0.0111306822502399,-0.0167875365161866,-0.0867871957394756,-0.0722363592138147,0.231704457351892,-0.00995272281906804,0.435854462799524,-0.0276952145744665,0.0167399985100545,0.0706068936011588,-0.000465535400502249,-0.0426925807947336,0.0121103320374107,0.0288728154395808,0.101396480454165,0.132745025954475,0.250586889530197,0.0174977158498662,-0.123702393793086,0.0801031710934187,-0.0430700688986892,0.114747725078888,0.00645627528734733
"ZI-MT",0.1220235270705,0.246916884975464,0.636236851308577,0.366582144290059,0.326964801064501,0.408120377744868,0.118069325437313,0.475171599085532,0.451873924857996,0.525665474648942,0.617163092372017,0.110766337308278,0.230116416854744,0.0905761180883157,0.263640287706577,0.09106582716817,0.346849646918582,0.0987230908498012,-0.0276952145744665,0.49524734856786,0.613604862890215,0.660729241583026,0.161632897126851,0.290881717297336,0.133420780309403,0.193904711682432,0.268649429392992,0.163395559574795,0.219728910211782,0.0981147726031162,0.445958423954931,-0.00348250023189616,0.21186274671077,0.0317974327482196,0.127069325112462
"ZI-ZYGI",0.213661609195695,0.404357900354727,1.19360106642128,0.569013917055131,0.427156928452355,0.649838342413504,0.0217977039926844,0.642583821858561,0.639341207285415,1.03296968576009,1.1513490573445,0.0783903599251919,0.24807072453228,0.0434909517385106,0.379122552185887,0.152883937079171,0.674970954615311,0.0862089183290624,0.0167399985100545,0.613604862890215,1.1822038027665,1.13474683226762,0.402461539667201,0.351842341631967,0.293386090603056,0.241863176923362,0.496744544705212,0.225111534630691,0.458637781112624,0.200926129750985,0.543436115721695,-0.0118508108707921,0.336984527475793,0.0991855299617698,0.129273344755323
"ZI-TSP",0.240954288261574,0.474115318788325,1.16066129151498,0.611553116841806,0.486630041414274,0.667638903507173,0.151678245696713,0.655152154783567,0.696803997303186,0.995069440944826,1.0761161313188,0.0284942956052638,0.313664185668257,0.0859326273285699,0.429297799668617,0.121274950880413,0.737706826721291,0.199294068537976,0.0706068936011588,0.660729241583026,1.13474683226762,1.43721285415427,0.387373984447064,0.513685442032823,0.417739208808509,0.276091279841119,0.61322405391495,0.440846826984263,0.668417175797953,0.194557565997106,0.636241986412836,0.0521777577518541,0.272817268817545,0.0863504189557623,0.155733856610862
"MT-PNS",0.107683218256689,0.192866654890625,0.648340782192407,0.237843084713361,0.25092340786907,0.149914072131758,0.0679924389262525,0.244397087289437,0.267749988444774,0.268291930508477,0.54765491144735,0.0924478060531857,0.237490853143881,0.121584774533184,0.260420439647192,0.173888918042865,0.218595730864519,0.0411902874240254,-0.000465535400502249,0.161632897126851,0.402461539667201,0.387373984447064,0.383152649348643,0.0562993714671433,0.157979033164738,0.0846613857713646,0.202116077830684,0.100312128163844,0.167572838874467,0.174612302563221,0.319156772601888,0.0671457545078517,0.253560224357426,0.00858811153475331,0.0854395350618005
"PNS-APET",0.0752786708387136,0.22320927550049,0.269757859948318,0.255826181003535,0.245458879234029,0.161799152301651,0.183872303693947,0.31926948582917,0.301879149243247,0.206801231292952,0.241964663869803,0.044199749155594,0.160789417291454,0.186842947554083,0.250846534592371,0.113676862414507,0.167239783303575,0.0146539340849468,-0.0426925807947336,0.290881717297336,0.351842341631967,0.513685442032823,0.0562993714671433,0.64508174594347,-0.0563812519652808,0.169842265671201,0.13924287842036,0.399897778279204,0.295486653721298,0.0895981536420742,0.457465094936406,0.0545712669144479,0.123282028608116,-0.0456401728968989,0.0737138110984164
"APET-BA",0.0689099728834769,0.133444150437738,0.393612806813451,0.197622306544804,0.169205085167329,0.224277033271082,0.0277307271555113,0.18694993716438,0.189236333661464,0.379143365992212,0.32725716093203,0.0147658064223308,0.0835797469225236,-0.040560691178562,0.232503468024049,0.0799476310045752,0.239985552720601,0.126669963592068,0.0121103320374107,0.133420780309403,0.293386090603056,0.417739208808509,0.157979033164738,-0.0563812519652808,0.429476660981556,0.0123359035191798,0.281060372902074,0.0784446419303157,0.179201412762641,0.0266274079490091,0.114516346848447,-0.0235953085119055,0.15045063823366,0.0513035545540626,0.00491345407553182
"APET-TS",0.0648609799407828,0.144290992910411,0.323645120950036,0.17774153428928,0.175688896474879,0.182181293335872,0.0967892939645559,0.17599202557681,0.211148365880674,0.105381700467916,0.269296813615,0.00210406694673137,0.0929760350793677,0.0437390463593459,0.0900234135189875,0.0215180967420215,0.173166560016869,-0.0151906073460003,0.0288728154395808,0.193904711682432,0.241863176923362,0.276091279841119,0.0846613857713646,0.169842265671201,0.0123359035191798,0.214653883196242,0.124962034707023,0.0857034003814422,0.148231048201376,0.0863593426390856,0.220286275426828,0.0305453644318312,0.0507503325162851,0.00676554615352588,0.0726313413224097
"BA-EAM",0.117609459480018,0.216010114976206,0.594325670861674,0.246734079672839,0.220103517687639,0.315619507787899,0.0439862073728847,0.232372484381044,0.313581593837622,0.497043671717763,0.546428920113656,-0.0158976504996668,0.177981333882175,0.0708375734761778,0.262788886630689,0.0563977935183263,0.38558075509568,0.10700523229144,0.101396480454165,0.268649429392992,0.496744544705212,0.61322405391495,0.202116077830684,0.13924287842036,0.281060372902074,0.124962034707023,0.392937004630808,0.162213352611875,0.315789540968965,0.111948137122117,0.281675979013142,0.0528850409184035,0.160196817069956,0.0803441538129611,0.0904774906345907
"EAM-ZYGI",0.079051743581008,0.218261094490258,0.337957890995474,0.22122657910142,0.220890445608426,0.209760508434993,0.145343810354409,0.163260626554593,0.277436534671012,0.318190968671266,0.270267437167727,-0.0224513655991587,0.129711743188436,0.134427208321994,0.229903008516082,0.153955153454024,0.248035009470113,0.0904006929769191,0.132745025954475,0.163395559574795,0.225111534630691,0.440846826984263,0.100312128163844,0.399897778279204,0.0784446419303157,0.0857034003814422,0.162213352611875,0.508608670282542,0.43076425521691,0.0969297378843758,0.212060699768122,0.0662530226433276,0.159584958289313,0.0366496247633428,0.0790341134828707
"ZYGI-TSP",0.128650205490676,0.294999320865007,0.588627490256144,0.299618957590107,0.258658177331707,0.379725508236536,0.109955462851266,0.145891632737114,0.353074893824551,0.518168458874179,0.513713825116996,-0.146575302125829,0.0343557859471039,-0.0127884241314176,0.183373333095387,0.100472481833358,0.532122153157421,0.109196748567158,0.250586889530197,0.219728910211782,0.458637781112624,0.668417175797953,0.167572838874467,0.295486653721298,0.179201412762641,0.148231048201376,0.315789540968965,0.43076425521691,0.629974437188866,0.1292095234232,0.122213846249345,0.0849020269501125,0.167529983499632,0.0857770391026023,0.080039238443148
"LD-AS",0.0826959253625311,0.119036023275966,0.40035817938905,0.148962232208442,0.164908052362984,0.138903787378914,0.0343515215466168,0.119812725484872,0.156618298477329,0.0927332957132976,0.296371359717368,0.0801526684288569,0.228444613197781,0.14784334420469,0.173298458385093,0.118568958303462,0.0961301991484765,0.00386034095988146,0.0174977158498662,0.0981147726031162,0.200926129750985,0.194557565997106,0.174612302563221,0.0895981536420742,0.0266274079490091,0.0863593426390856,0.111948137122117,0.0969297378843758,0.1292095234232,0.261884269505143,0.216249960354487,0.212368782812911,0.112424373814258,-0.0333066462393325,0.0296545338180728
"BR-LD",0.149310383102081,0.315483836242305,0.6766529581581,0.35993805624468,0.414057238087431,0.190806909343601,0.14741831919082,0.563618473526357,0.502028656566289,0.0221734030980972,0.573934781828125,0.324578064030977,0.660130993116309,0.364006125791258,0.482146072161289,0.235022347215586,0.157891017096268,0.105823622615021,-0.123702393793086,0.445958423954931,0.543436115721695,0.636241986412836,0.319156772601888,0.457465094936406,0.114516346848447,0.220286275426828,0.281675979013142,0.212060699768122,0.122213846249345,0.216249960354487,1.33302865496547,0.124422386543409,0.278009483692006,-0.101126647179518,0.152472336187458
"OPI-LD",0.0400067178214289,0.036912029536182,0.118940502944718,0.0168443861764686,0.0614552393937532,-0.00134701745992839,0.00890196535647253,-0.0448209061346674,0.0409122635091209,-0.134879431940421,0.0554566961600141,0.0235304784220145,0.184625620289456,0.151517728323107,0.0807518305704347,0.0391267749872406,-0.0187012936046561,-0.00191849609224224,0.0801031710934187,-0.00348250023189616,-0.0118508108707921,0.0521777577518541,0.0671457545078517,0.0545712669144479,-0.0235953085119055,0.0305453644318312,0.0528850409184035,0.0662530226433276,0.0849020269501125,0.212368782812911,0.124422386543409,0.301394504552516,-0.0114284810670698,-0.00275528454328606,-0.00678022379106184
"PT-AS",0.10105257923772,0.234587056609553,0.623776384811471,0.268735508238291,0.290401351026165,0.239586638638224,0.107799444953833,0.297069544056707,0.291982155598418,0.412410482218659,0.546932503308099,0.163778448434968,0.21058833593801,0.157894157702501,0.463675294493535,0.411319234691169,0.153820828223544,0.172673631698835,-0.0430700688986892,0.21186274671077,0.336984527475793,0.272817268817545,0.253560224357426,0.123282028608116,0.15045063823366,0.0507503325162851,0.160196817069956,0.159584958289313,0.167529983499632,0.112424373814258,0.278009483692006,-0.0114284810670698,0.601861186092474,0.0586965432729905,0.127373009763484
"JP-AS",0.00209924933529266,0.0317763461855703,0.118489040477924,0.0418476855514657,0.00325747043843788,0.106215300063153,-0.0730577521103992,0.000283377744552216,0.0670144568278219,0.244754771871424,0.172983776770665,-0.0768278816746429,-0.03089492441808,-0.0229636058483283,0.00248029591405747,-0.00658578850527592,0.107081352480762,0.0280190666778482,0.114747725078888,0.0317974327482196,0.0991855299617698,0.0863504189557623,0.00858811153475331,-0.0456401728968989,0.0513035545540626,0.00676554615352588,0.0803441538129611,0.0366496247633428,0.0857770391026023,-0.0333066462393325,-0.101126647179518,-0.00275528454328606,0.0586965432729905,0.189946124573476,0.0461950977230009
"BA-OPI",0.0263849376175848,0.100249040476933,0.200326116778597,0.0946660383101762,0.105198352934989,0.0877080833529263,0.0949360758784413,0.110904902130804,0.123263945006234,0.0624469056841354,0.190763200914358,0.0484091024833734,0.140233337927163,0.0844303858543813,0.105988177595933,0.0529509878362527,0.0785554749913219,0.0516180973813985,0.00645627528734733,0.127069325112462,0.129273344755323,0.155733856610862,0.0854395350618005,0.0737138110984164,0.00491345407553182,0.0726313413224097,0.0904774906345907,0.0790341134828707,0.080039238443148,0.0296545338180728,0.152472336187458,-0.00678022379106184,0.127373009763484,0.0461950977230009,0.144465185457132
