"","IS-PM","IS-NLE","IS-PNS","PM-ZS","PM-ZI","PM-MT","NLE-NON","NLE-ZS","NLE-ZI","NON-BR","NON-PNS","BR-PT","BR-APET","PT-APET","PT-BA","PT-EAM","PT-ZYGI","PT-TSP","ZS-ZI","ZI-MT","ZI-ZYGI","ZI-TSP","MT-PNS","PNS-APET","APET-BA","APET-TS","BA-EAM","EAM-ZYGI","ZYGI-TSP","LD-AS","BR-LD","OPI-LD","PT-AS","JP-AS","BA-OPI"
"IS-PM",0.0490959392067232,0.0470377377089951,0.154475805141127,0.0485119900530417,0.0444911952314864,0.065636236172182,0.0324849560392783,0.0649962565781548,0.0868285540680612,0.145730020499717,0.129457800208311,0.0660439497023078,0.0767514113185019,0.0466162286731747,0.0851173975707733,0.0253186952786746,0.0471666845245805,0.0216100235725664,0.0265100672341476,0.0471706228607052,0.0973496295348328,0.0928253177308599,0.0531011054779651,0.0221906198299939,0.062226922829538,0.0176730738651255,0.070074117947518,0.0303579823275382,0.032903600780131,0.0482091492376011,0.0148850823986714,0.0338402399879337,0.0689542366790377,0.0139177731682678,0.0267995323506527
"IS-NLE",0.0470377377089951,0.11936928059425,0.268050618783145,0.128411669506735,0.142215709841512,0.139395490629688,0.0603279569808883,0.15065441038188,0.18829617207515,0.22936023042703,0.236130185914308,0.0581260661565288,0.136071157549061,0.0638019994177753,0.148574773839179,0.019955092932077,0.147282827472285,0.0483249165537884,0.0368985987297239,0.0953680034425259,0.172105653805522,0.222851283628427,0.108155127680756,0.0915938368625002,0.117250118582654,0.0418738829691422,0.163848603373102,0.0820990484419506,0.140610764516532,0.104981387177396,0.124289838884658,0.0678846064907172,0.125801170055682,0.0396474983868599,0.0270037257317687
"IS-PNS",0.154475805141127,0.268050618783145,0.961701010407654,0.399967134308259,0.464547583489318,0.464058276743497,0.140343903921513,0.413671724768382,0.545470315925406,0.816875709715283,0.798578265298789,0.173356303092393,0.38499268206108,0.159681547817592,0.490611490424558,0.103499572307592,0.410326360727643,0.136585914478235,0.134277270447011,0.297537627333901,0.505355334537606,0.676944863469229,0.387204272649083,0.138910468417217,0.435858659100595,0.0921640038195643,0.49208493121261,0.246751429342723,0.389446159891786,0.313149892049631,0.385366110102338,0.194715274938792,0.431314163257249,0.101455570941313,0.144404236727373
"PM-ZS",0.0485119900530417,0.128411669506735,0.399967134308259,0.229392666623619,0.254573337869961,0.205505599081521,0.103121096632759,0.214186979073243,0.271038220958768,0.379232988915577,0.33493243663656,0.0857659798239158,0.211100343026703,0.0901851144523374,0.229817244268959,0.0460559779434553,0.235107965978897,0.0676052594595901,0.062022800316118,0.147074487937157,0.21095811574925,0.307150541786166,0.169848365474225,0.0963201349477583,0.198101355145712,0.0476885605822813,0.251318515395719,0.117309037037632,0.223125544232175,0.139283989590959,0.140656547127314,0.0997990240248583,0.204294042632925,0.0722245796884269,0.0509584595065701
"PM-ZI",0.0444911952314864,0.142215709841512,0.464547583489318,0.254573337869961,0.326212258241176,0.253554357836369,0.101138988003272,0.234644196367769,0.324383433417318,0.388029042204257,0.375650541875247,0.0322864797816927,0.200986756680591,0.0769902580365918,0.240937331784226,0.0385240052985443,0.290825526700784,0.0792143570586236,0.086082271079015,0.171736088763629,0.231296877694374,0.362443798439407,0.195713006435039,0.124286837507816,0.213882013663042,0.0455985306067647,0.279334533995642,0.137210940791371,0.277252829147005,0.141018575144468,0.238055825461099,0.0887802244010586,0.217962652457807,0.0823142808754984,0.0698447462609243
"PM-MT",0.065636236172182,0.139395490629688,0.464058276743497,0.205505599081521,0.253554357836369,0.265857532168822,0.0772527460722785,0.218872735025428,0.287932612624268,0.410735993495308,0.386469829785788,0.0757966688886751,0.190687184560155,0.0770447317809276,0.230573819681844,0.0387442579941624,0.241244684898935,0.0764572106540725,0.0661703464259586,0.165810329091917,0.266673684935176,0.369789515438765,0.176156555919496,0.10986033799443,0.199303959993502,0.0389193752718142,0.252040972532612,0.140512866524283,0.235070648258454,0.13783783493052,0.229211646598643,0.0809024218813028,0.215130031585566,0.07197291848656,0.0644389358121696
"NLE-NON",0.0324849560392783,0.0603279569808883,0.140343903921513,0.103121096632759,0.101138988003272,0.0772527460722785,0.24704385391512,0.121932435292258,0.135629978590301,0.046342082766345,0.091918204090339,0.101177801228895,0.11034480496829,0.00695151608316329,0.0278671199953332,-0.0411969746401018,0.0488860217813668,-0.0299570160271554,0.0225292630392529,0.0678422157553884,0.0633392944652029,0.0934587029015601,0.0548596908878354,0.015258559301659,0.0799103252411099,0.0227386164056314,0.0842421947883408,0.0267679754277013,0.0532680499998017,0.0289444510936475,-0.090191925121537,0.0400541353539484,0.0271344935978099,0.0726065168115104,0.0234740189544599
"NLE-ZS",0.0649962565781548,0.15065441038188,0.413671724768382,0.214186979073243,0.234644196367769,0.218872735025428,0.121932435292258,0.290326902182577,0.308244008147497,0.414483726511034,0.367372484464398,0.130506302344893,0.215135554521628,0.115216148720036,0.282410071256316,0.074023436301548,0.229793495054845,0.0947198568622096,0.013350515810119,0.167694118455768,0.24769474797192,0.312054930405466,0.159058241512797,0.104366762717207,0.217006165948844,0.0552355636661537,0.278794007385591,0.105172943250283,0.203006709832893,0.152116479116655,0.0996436818588616,0.114619442423023,0.251435928841626,0.0919613543562365,0.0512749202409345
"NLE-ZI",0.0868285540680612,0.18829617207515,0.545470315925406,0.271038220958768,0.324383433417318,0.287932612624268,0.135629978590301,0.308244008147497,0.39952780535593,0.473774525046204,0.465592834819691,0.098096961489765,0.249312326410287,0.11707444870047,0.312111138153057,0.0683379545174745,0.307099729665109,0.0955540687601983,0.0933728525827676,0.199486113719294,0.323634518051399,0.407327723127661,0.214559849444642,0.154673714882341,0.254726907002955,0.0597555573271297,0.324024244736363,0.140869540547069,0.266133678508268,0.180415735066182,0.211109429295425,0.120810000182645,0.281595693085634,0.0955173240007824,0.0794251335880883
"NON-BR",0.145730020499717,0.22936023042703,0.816875709715283,0.379232988915577,0.388029042204257,0.410735993495308,0.046342082766345,0.414483726511034,0.473774525046204,1.31273303374792,0.729785351064717,0.439424474365262,0.523019590682987,0.279022699401492,0.587979225558655,0.184797463671636,0.392384027774177,0.205630491495193,0.0683935649668712,0.269156088610089,0.519569955814878,0.627165583634442,0.330481297126629,0.165674657492775,0.439935282024009,0.109038709605584,0.50709284844548,0.220006774183851,0.34970923432625,0.318315395928613,-0.0327936095533197,0.276858840714382,0.458060021384091,0.11772021937695,0.0752603801457124
"NON-PNS",0.129457800208311,0.236130185914308,0.798578265298789,0.33493243663656,0.375650541875247,0.386469829785788,0.091918204090339,0.367372484464398,0.465592834819691,0.729785351064717,0.711783339036565,0.1623896740537,0.335552175866782,0.139860574261766,0.438788551820887,0.111150222915585,0.351459355327312,0.128705644270019,0.0977649441222553,0.249851176034569,0.451516629467852,0.568197272027432,0.3315144036368,0.112416907864195,0.378315940083207,0.0815403703668223,0.425852549424435,0.202815754221085,0.321585689907257,0.282154402300706,0.297842797799317,0.203400992879194,0.392022324050471,0.0743896577588718,0.0920863808774368
"BR-PT",0.0660439497023078,0.0581260661565288,0.173356303092393,0.0857659798239158,0.0322864797816927,0.0757966688886751,0.101177801228895,0.130506302344893,0.098096961489765,0.439424474365262,0.1623896740537,0.440429986368001,0.401795427638819,0.195984670286201,0.252781381670341,0.0879959830386529,0.0379162610590901,0.0669839953702435,-0.0167552611675203,0.0611175006783319,0.0956515052681037,0.0964875579496803,0.0696863371012156,0.000505707068459869,0.130291681655459,0.0809624892061829,0.181510251055617,0.0679432456040293,0.0460806275810112,0.182505969878506,-0.204235135512555,0.21355268557437,0.18435342084087,0.0826263064018273,0.0109247486146406
"BR-APET",0.0767514113185019,0.136071157549061,0.38499268206108,0.211100343026703,0.200986756680591,0.190687184560155,0.11034480496829,0.215135554521628,0.249312326410287,0.523019590682987,0.335552175866782,0.401795427638819,0.606632124688207,0.278780992919274,0.329936746567111,0.09534030305353,0.252666547760885,0.0977193158378219,0.0453817668986994,0.146153967108719,0.18942157307663,0.322903838589179,0.159734699550278,0.126916874296675,0.180946261875924,0.110762514038206,0.3098142543407,0.189396713350215,0.270741558931516,0.302418922043134,0.0770385220669748,0.300005693428267,0.243029778622838,0.129615707908371,0.0331473784124568
"PT-APET",0.0466162286731747,0.0638019994177753,0.159681547817592,0.0901851144523374,0.0769902580365918,0.0770447317809276,0.00695151608316329,0.115216148720036,0.11707444870047,0.279022699401492,0.139860574261766,0.195984670286201,0.278780992919274,0.232430225856137,0.260239487837641,0.133362138967844,0.138415641437988,0.102556639856785,0.005371237405085,0.0745808892325936,0.0916158583009068,0.124657519715809,0.0508330100583253,0.10119553482103,0.0873132830634781,0.0658200235748269,0.185725988312061,0.0933483697497259,0.125501171425202,0.159886805422376,0.0300205227521465,0.139616284404329,0.195174276011552,0.0885564155308194,0.0328098932783815
"PT-BA",0.0851173975707733,0.148574773839179,0.490611490424558,0.229817244268959,0.240937331784226,0.230573819681844,0.0278671199953332,0.282410071256316,0.312111138153057,0.587979225558655,0.438788551820887,0.252781381670341,0.329936746567111,0.260239487837641,0.567620163776642,0.22683326816933,0.231920643078612,0.183966390125582,0.0342023556759539,0.17204210684277,0.27333346447058,0.305346519321805,0.181647262355583,0.0960131118010801,0.356152453281183,0.123971373942781,0.438300243314132,0.137583530565273,0.198947126620019,0.26129430409961,0.205265197311402,0.182540314518122,0.466022269770302,0.117280802966703,0.0787050226624886
"PT-EAM",0.0253186952786746,0.019955092932077,0.103499572307592,0.0460559779434553,0.0385240052985443,0.0387442579941624,-0.0411969746401018,0.074023436301548,0.0683379545174745,0.184797463671636,0.111150222915585,0.0879959830386529,0.09534030305353,0.133362138967844,0.22683326816933,0.18342543681829,0.0759510438268199,0.100441072466071,-0.00235780893235112,0.0372537088516549,0.0771367586188773,0.021054603491801,0.0324826508510376,0.0121948888499618,0.0860573503543448,0.0181763277806698,0.105446986473229,0.0229816693798858,0.01215707294241,0.086299652765914,0.00768172851840385,0.0534566318449242,0.217855858591746,0.0315438845413792,0.0362016982543224
"PT-ZYGI",0.0471666845245805,0.147282827472285,0.410326360727643,0.235107965978897,0.290825526700784,0.241244684898935,0.0488860217813668,0.229793495054845,0.307099729665109,0.392384027774177,0.351459355327312,0.0379162610590901,0.252666547760885,0.138415641437988,0.231920643078612,0.0759510438268199,0.379331845861385,0.122929104185181,0.0765937753665952,0.179631873605815,0.243534918134978,0.37711795347237,0.168678982543892,0.185165312518892,0.138212307475051,0.0413635798728799,0.260125927774919,0.166380622801737,0.336876175919239,0.150406399614131,0.230530241737671,0.0996757815497456,0.231480738122967,0.078989757284665,0.0555241997159008
"PT-TSP",0.0216100235725664,0.0483249165537884,0.136585914478235,0.0676052594595901,0.0792143570586236,0.0764572106540725,-0.0299570160271554,0.0947198568622096,0.0955540687601983,0.205630491495193,0.128705644270019,0.0669839953702435,0.0977193158378219,0.102556639856785,0.183966390125582,0.100441072466071,0.122929104185181,0.130284415355931,-0.0050136471518642,0.0736059568115424,0.110707729161848,0.120501648140371,0.0509464785412882,0.0469129770643911,0.069170961969334,0.0300004188385954,0.12620608436916,0.0292420721579515,0.0890743915328342,0.0719347719084205,0.0829001582854628,0.04738925368409,0.161729138815765,0.0231866719238705,0.0169611682388833
"ZS-ZI",0.0265100672341476,0.0368985987297239,0.134277270447011,0.062022800316118,0.086082271079015,0.0661703464259586,0.0225292630392529,0.013350515810119,0.0933728525827676,0.0683935649668712,0.0977649441222553,-0.0167552611675203,0.0453817668986994,0.005371237405085,0.0342023556759539,-0.00235780893235112,0.0765937753665952,-0.0050136471518642,0.0956644603894895,0.0283940181642279,0.0823705999507553,0.0901294600609529,0.0564476136981276,0.0494150519138794,0.0440345661890951,0.00729001809067422,0.0467998947783586,0.0345011150763828,0.0557729338486133,0.0329256983769175,0.0916940947125586,0.00627141742306792,0.0382396062306179,0.00105247343172712,0.0317413035578179
"ZI-MT",0.0471706228607052,0.0953680034425259,0.297537627333901,0.147074487937157,0.171736088763629,0.165810329091917,0.0678422157553884,0.167694118455768,0.199486113719294,0.269156088610089,0.249851176034569,0.0611175006783319,0.146153967108719,0.0745808892325936,0.17204210684277,0.0372537088516549,0.179631873605815,0.0736059568115424,0.0283940181642279,0.144071898724212,0.18064336668014,0.237479405603748,0.106198456942499,0.0704733208794553,0.136030871179141,0.0332706284598165,0.184628083800346,0.0751131107676901,0.155024813187892,0.0869177173098237,0.141298665979991,0.0589701461060642,0.152666782988502,0.0549412637407409,0.0405761759900837
"ZI-ZYGI",0.0973496295348328,0.172105653805522,0.505355334537606,0.21095811574925,0.231296877694374,0.266673684935176,0.0633392944652029,0.24769474797192,0.323634518051399,0.519569955814878,0.451516629467852,0.0956515052681037,0.18942157307663,0.0916158583009068,0.27333346447058,0.0771367586188773,0.243534918134978,0.110707729161848,0.0823705999507553,0.18064336668014,0.436958871675976,0.427784805940161,0.19570149490279,0.143655767948137,0.21467056814635,0.0473758770140404,0.263303060704278,0.072413133325424,0.171256991014341,0.16022022216011,0.19566478970267,0.102216158220837,0.24788277568508,0.0550653060592083,0.0496948904068943
"ZI-TSP",0.0928253177308599,0.222851283628427,0.676944863469229,0.307150541786166,0.362443798439407,0.369789515438765,0.0934587029015601,0.312054930405466,0.407327723127661,0.627165583634442,0.568197272027432,0.0964875579496803,0.322903838589179,0.124657519715809,0.305346519321805,0.021054603491801,0.37711795347237,0.120501648140371,0.0901294600609529,0.237479405603748,0.427784805940161,0.637932463617217,0.275829019048913,0.220871028000212,0.261778719866391,0.0743630570971432,0.370451832691835,0.227326112401339,0.401713243756879,0.236176969937434,0.379244667571604,0.138883779515101,0.25305605596303,0.0937986850157484,0.0792053846607784
"MT-PNS",0.0531011054779651,0.108155127680756,0.387204272649083,0.169848365474225,0.195713006435039,0.176156555919496,0.0548596908878354,0.159058241512797,0.214559849444642,0.330481297126629,0.3315144036368,0.0696863371012156,0.159734699550278,0.0508330100583253,0.181647262355583,0.0324826508510376,0.168678982543892,0.0509464785412882,0.0564476136981276,0.106198456942499,0.19570149490279,0.275829019048913,0.185990082666951,0.0396535706531603,0.167246487063818,0.0394123189776745,0.194286883142047,0.098258200349531,0.164402259144417,0.150782485686519,0.123787441433563,0.110768153801425,0.16230629978486,0.0274406440399772,0.0509506291414321
"PNS-APET",0.0221906198299939,0.0915938368625002,0.138910468417217,0.0963201349477583,0.124286837507816,0.10986033799443,0.015258559301659,0.104366762717207,0.154673714882341,0.165674657492775,0.112416907864195,0.000505707068459869,0.126916874296675,0.10119553482103,0.0960131118010801,0.0121948888499618,0.185165312518892,0.0469129770643911,0.0494150519138794,0.0704733208794553,0.143655767948137,0.220871028000212,0.0396535706531603,0.231205021598739,0.00692814223647747,0.0227650434750707,0.119686041996924,0.104266899261754,0.185437879450204,0.0636097781601937,0.178778506024192,0.0242454385876558,0.0770814084310084,0.0723370439025219,0.0259310490373515
"APET-BA",0.062226922829538,0.117250118582654,0.435858659100595,0.198101355145712,0.213882013663042,0.199303959993502,0.0799103252411099,0.217006165948844,0.254726907002955,0.439935282024009,0.378315940083207,0.130291681655459,0.180946261875924,0.0873132830634781,0.356152453281183,0.0860573503543448,0.138212307475051,0.069170961969334,0.0440345661890951,0.136030871179141,0.21467056814635,0.261778719866391,0.167246487063818,0.00692814223647747,0.342766720425475,0.0911670765508588,0.323294710502823,0.0957340856490245,0.135672634210124,0.160457812365154,0.145589458863667,0.109320115805959,0.276999416573942,0.0702603077990922,0.0514246150187587
"APET-TS",0.0176730738651255,0.0418738829691422,0.0921640038195643,0.0476885605822813,0.0455985306067647,0.0389193752718142,0.0227386164056314,0.0552355636661537,0.0597555573271297,0.109038709605584,0.0815403703668223,0.0809624892061829,0.110762514038206,0.0658200235748269,0.123971373942781,0.0181763277806698,0.0413635798728799,0.0300004188385954,0.00729001809067422,0.0332706284598165,0.0473758770140404,0.0743630570971432,0.0394123189776745,0.0227650434750707,0.0911670765508588,0.0689456878681033,0.124078921408964,0.0339857988133107,0.054129670342688,0.0772716499885603,0.0629110468805051,0.0582770642638195,0.0796994847959927,0.0424721813632469,0.00763296790652255
"BA-EAM",0.070074117947518,0.163848603373102,0.49208493121261,0.251318515395719,0.279334533995642,0.252040972532612,0.0842421947883408,0.278794007385591,0.324024244736363,0.50709284844548,0.425852549424435,0.181510251055617,0.3098142543407,0.185725988312061,0.438300243314132,0.105446986473229,0.260125927774919,0.12620608436916,0.0467998947783586,0.184628083800346,0.263303060704278,0.370451832691835,0.194286883142047,0.119686041996924,0.323294710502823,0.124078921408964,0.430068908690765,0.142697685439243,0.263456409303569,0.221146084244748,0.238327734947571,0.158343073189366,0.356792331293464,0.124562900068188,0.0586995280356117
"EAM-ZYGI",0.0303579823275382,0.0820990484419506,0.246751429342723,0.117309037037632,0.137210940791371,0.140512866524283,0.0267679754277013,0.105172943250283,0.140869540547069,0.220006774183851,0.202815754221085,0.0679432456040293,0.189396713350215,0.0933483697497259,0.137583530565273,0.0229816693798858,0.166380622801737,0.0292420721579515,0.0345011150763828,0.0751131107676901,0.072413133325424,0.227326112401339,0.098258200349531,0.104266899261754,0.0957340856490245,0.0339857988133107,0.142697685439243,0.204886233932753,0.229491020563537,0.129891973219419,0.181930345282298,0.0811378427665598,0.106781124057432,0.0507654924201287,0.0513473122639416
"ZYGI-TSP",0.032903600780131,0.140610764516532,0.389446159891786,0.223125544232175,0.277252829147005,0.235070648258454,0.0532680499998017,0.203006709832893,0.266133678508268,0.34970923432625,0.321585689907257,0.0460806275810112,0.270741558931516,0.125501171425202,0.198947126620019,0.01215707294241,0.336876175919239,0.0890743915328342,0.0557729338486133,0.155024813187892,0.171256991014341,0.401713243756879,0.164402259144417,0.185437879450204,0.135672634210124,0.054129670342688,0.263456409303569,0.229491020563537,0.394139073234074,0.16084109075759,0.286403191752253,0.107225185936015,0.172419432745968,0.0828516690021486,0.046157474692911
"LD-AS",0.0482091492376011,0.104981387177396,0.313149892049631,0.139283989590959,0.141018575144468,0.13783783493052,0.0289444510936475,0.152116479116655,0.180415735066182,0.318315395928613,0.282154402300706,0.182505969878506,0.302418922043134,0.159886805422376,0.26129430409961,0.086299652765914,0.150406399614131,0.0719347719084205,0.0329256983769175,0.0869177173098237,0.16022022216011,0.236176969937434,0.150782485686519,0.0636097781601937,0.160457812365154,0.0772716499885603,0.221146084244748,0.129891973219419,0.16084109075759,0.26642057902492,0.124522606223864,0.204357260123879,0.186881037515013,0.0476276961906633,0.050766706595772
"BR-LD",0.0148850823986714,0.124289838884658,0.385366110102338,0.140656547127314,0.238055825461099,0.229211646598643,-0.090191925121537,0.0996436818588616,0.211109429295425,-0.0327936095533197,0.297842797799317,-0.204235135512555,0.0770385220669748,0.0300205227521465,0.205265197311402,0.00768172851840385,0.230530241737671,0.0829001582854628,0.0916940947125586,0.141298665979991,0.19566478970267,0.379244667571604,0.123787441433563,0.178778506024192,0.145589458863667,0.0629110468805051,0.238327734947571,0.181930345282298,0.286403191752253,0.124522606223864,0.929571826062606,-0.049157792227824,0.208830855450848,0.0457690249087996,0.0783688129204475
"OPI-LD",0.0338402399879337,0.0678846064907172,0.194715274938792,0.0997990240248583,0.0887802244010586,0.0809024218813028,0.0400541353539484,0.114619442423023,0.120810000182645,0.276858840714382,0.203400992879194,0.21355268557437,0.300005693428267,0.139616284404329,0.182540314518122,0.0534566318449242,0.0996757815497456,0.04738925368409,0.00627141742306792,0.0589701461060642,0.102216158220837,0.138883779515101,0.110768153801425,0.0242454385876558,0.109320115805959,0.0582770642638195,0.158343073189366,0.0811378427665598,0.107225185936015,0.204357260123879,-0.049157792227824,0.266369152073984,0.128424707368554,0.0581344943555403,-0.0128167954108451
"PT-AS",0.0689542366790377,0.125801170055682,0.431314163257249,0.204294042632925,0.217962652457807,0.215130031585566,0.0271344935978099,0.251435928841626,0.281595693085634,0.458060021384091,0.392022324050471,0.18435342084087,0.243029778622838,0.195174276011552,0.466022269770302,0.217855858591746,0.231480738122967,0.161729138815765,0.0382396062306179,0.152666782988502,0.24788277568508,0.25305605596303,0.16230629978486,0.0770814084310084,0.276999416573942,0.0796994847959927,0.356792331293464,0.106781124057432,0.172419432745968,0.186881037515013,0.208830855450848,0.128424707368554,0.486764566076322,0.107799926877858,0.0710348506947655
"JP-AS",0.0139177731682678,0.0396474983868599,0.101455570941313,0.0722245796884269,0.0823142808754984,0.07197291848656,0.0726065168115104,0.0919613543562365,0.0955173240007824,0.11772021937695,0.0743896577588718,0.0826263064018273,0.129615707908371,0.0885564155308194,0.117280802966703,0.0315438845413792,0.078989757284665,0.0231866719238705,0.00105247343172712,0.0549412637407409,0.0550653060592083,0.0937986850157484,0.0274406440399772,0.0723370439025219,0.0702603077990922,0.0424721813632469,0.124562900068188,0.0507654924201287,0.0828516690021486,0.0476276961906633,0.0457690249087996,0.0581344943555403,0.107799926877858,0.115286185694184,0.0191175688237769
"BA-OPI",0.0267995323506527,0.0270037257317687,0.144404236727373,0.0509584595065701,0.0698447462609243,0.0644389358121696,0.0234740189544599,0.0512749202409345,0.0794251335880883,0.0752603801457124,0.0920863808774368,0.0109247486146406,0.0331473784124568,0.0328098932783815,0.0787050226624886,0.0362016982543224,0.0555241997159008,0.0169611682388833,0.0317413035578179,0.0405761759900837,0.0496948904068943,0.0792053846607784,0.0509506291414321,0.0259310490373515,0.0514246150187587,0.00763296790652255,0.0586995280356117,0.0513473122639416,0.046157474692911,0.050766706595772,0.0783688129204475,-0.0128167954108451,0.0710348506947655,0.0191175688237769,0.0804286545965973
