"","IS-PM","IS-NLE","IS-PNS","PM-ZS","PM-ZI","PM-MT","NLE-NON","NLE-ZS","NLE-ZI","NON-BR","NON-PNS","BR-PT","BR-APET","PT-APET","PT-BA","PT-EAM","PT-ZYGI","PT-TSP","ZS-ZI","ZI-MT","ZI-ZYGI","ZI-TSP","MT-PNS","PNS-APET","APET-BA","APET-TS","BA-EAM","EAM-ZYGI","ZYGI-TSP","LD-AS","BR-LD","OPI-LD","PT-AS","JP-AS","BA-OPI"
"IS-PM",0.420396908358975,0.456460803556464,1.26829527425532,0.528392563883909,0.695491764205246,0.740070602352673,0.431126557586367,0.603777231934878,0.930824639455608,1.02138303273805,0.711197616920761,0.163463617961057,0.446867048126388,0.357119166638465,0.786444399419189,0.426652704381144,0.636924577485171,0.0278146329310888,0.377005062359651,0.0965678112591599,0.854669333066789,0.776024612174533,0.310737227130822,0.753284643924434,0.513877855869871,0.161519484025499,0.5013021476105,0.504072479220265,0.592991154170059,0.369469155137484,0.42519588194855,0.350700959006843,0.489907688831772,0.115808575068992,0.139199612041057
"IS-NLE",0.456460803556464,1.30195257741717,2.11599650976075,1.15943466204523,1.54456492605278,1.43236478830323,0.434648860562951,0.652548990159237,1.45571682804426,1.95532977056028,1.31047256791157,0.132855410913402,0.785103446112262,0.644716932584599,1.51256116138026,0.757950550465357,1.1755329181081,0.0553420668610815,0.83602037532001,0.385844362772573,1.28708541956267,1.68496273939673,0.544722601552007,1.5767527896583,1.10917332755443,0.427865584345795,1.00128225679488,1.2348615483957,1.26858850507631,0.934989945849415,1.278174667602,0.592131560158981,0.981058976600338,0.438480711395948,0.087675362639108
"IS-PNS",1.26829527425532,2.11599650976075,6.18291735079252,2.95812195702556,3.60902240430886,3.90811256319994,2.49920501486822,2.59828382169965,4.06258407312872,4.8773225671801,3.23933843103462,0.403639541923141,1.62312314232445,1.56577820153245,3.54280225184466,1.90916992643577,2.65966479263459,0.197120569078888,1.66311303778615,0.469238042501108,3.14596051009436,3.71518871034649,1.42260969813362,2.58946121649327,2.44178862185235,0.710465260532087,2.33427485850599,2.34118589831137,2.69784078866469,1.80734361610014,2.12508904482064,1.33565061424403,2.45068647751445,1.0172323663673,0.35364261030182
"PM-ZS",0.528392563883909,1.15943466204523,2.95812195702556,2.05850539625088,2.22686805011616,2.29183902562933,1.43332703104708,1.67788288634184,2.25139289941671,2.80829382313696,1.41533278727263,0.250215277562521,0.831953535437951,0.799259455302124,1.93609980132883,1.00801116518223,1.46469315389929,0.129338808765403,0.697495723851149,0.272640947086518,1.61891822462086,2.14753899200677,0.784135324813653,1.812981452296,1.38478818997118,0.351479289825947,1.27812405631601,1.28961316158994,1.49612774627713,1.0629108664507,1.61361514690593,0.672896007566859,1.62301216424769,0.686715788492422,0.172560869807251
"PM-ZI",0.695491764205246,1.54456492605278,3.60902240430886,2.22686805011616,3.65157278278476,2.88148575771282,1.67462108792019,1.77220912205594,3.56752304351459,3.65873620462642,1.83272771272368,0.160119397359666,1.0780368981851,0.953118951594196,2.72804284055632,1.24998456174602,1.73612857224542,0.277115578659709,1.72191388782408,0.818913810737843,1.10996736732069,2.21249386634618,0.978835407423829,2.3791595660523,2.36481404268897,0.397709699082585,1.87045409048337,1.88872453422306,1.77936970690741,1.53911618497506,2.09023698741716,0.780734068336154,1.79161291616846,0.76885639031636,0.24720992122185
"PM-MT",0.740070602352673,1.43236478830323,3.90811256319994,2.29183902562933,2.88148575771282,3.11812484570454,1.80321320342046,1.84535524880342,2.95417920329826,3.52611723426056,1.92088263791031,0.210974428403073,1.08982686163074,1.10566470448739,2.5790209237888,1.34273132919289,1.86212332421003,0.32339164952662,1.20752181353056,0.400437844200761,2.22591627950419,2.77739497371461,1.02053854610542,2.32310990413838,1.88050703988075,0.451274220858683,1.7198573207531,1.46302938716624,1.77913726686026,1.29393808334667,1.83237381786744,0.809125879009915,1.99794142091134,0.700688187235044,0.330393189891948
"NLE-NON",0.431126557586367,0.434648860562951,2.49920501486822,1.43332703104708,1.67462108792019,1.80321320342046,4.00236922991681,1.56235724345688,2.0533291178557,0.07558401329994,0.340200959907358,-0.0506761688878409,0.863729361246682,1.12204005757873,1.48947187440579,1.02997970990629,1.03651299934604,0.386749500285652,0.609276482192249,0.157850223751005,0.996708621029443,1.83763127186257,0.335560819272188,1.42505809582927,0.708758221885321,0.168965765533274,0.879933924006018,1.02243168430103,1.01853998760913,0.735051347447559,1.0784102645805,0.138775960918946,0.981181863694025,0.627455335553904,0.202536202285121
"NLE-ZS",0.603777231934878,0.652548990159237,2.59828382169965,1.67788288634184,1.77220912205594,1.84535524880342,1.56235724345688,2.15294340317327,2.29972663274467,2.24966748917626,1.2292982304359,0.213300945131118,0.569802718101151,0.656957658209729,1.6110817553083,1.00744141213833,1.3050029136646,0.0809602165421839,0.226162510424003,0.13484655616824,1.23593406904446,1.31557147287522,0.596175189074248,1.13802626534338,1.05726194900147,0.112634898722968,0.950468923397991,0.881072127300454,1.18452943254794,0.570481353068745,1.31413580418176,0.385144558021219,1.48544926183358,0.565008068904803,0.189460696912371
"NLE-ZI",0.930824639455608,1.45571682804426,4.06258407312872,2.25139289941671,3.56752304351459,2.95417920329826,2.0533291178557,2.29972663274467,4.04677859083644,4.0060295688836,2.18403713116406,0.223353260406223,1.19878979553732,1.0927763056673,2.80959055026685,1.45352883042533,2.1012130950759,0.314491454828636,1.73913395559998,0.846489322134244,1.43707840629525,2.37982163687809,0.98931697201212,2.31908254732677,2.31652379579565,0.350053807178861,1.82753994780336,2.06287184860546,2.07297675586282,1.44398065313802,2.10416839376031,0.703264659547773,1.87247286361492,0.736912697151745,0.346259706063584
"NON-BR",1.02138303273805,1.95532977056028,4.8773225671801,2.80829382313696,3.65873620462642,3.52611723426056,0.07558401329994,2.24966748917626,4.0060295688836,8.23914343826799,3.38989007923497,0.477189360332502,0.784546643607127,0.644055366484278,3.31812862159105,1.18303698371971,2.54435302512801,-0.0906797661984861,1.88273654079811,1.01486423211618,3.03803773906919,3.75665932561174,1.44608429630764,2.93388611967169,3.15348852565868,0.6256678457102,2.56239699747527,2.48273476867491,2.74797845652638,1.66009086936733,2.12387915440319,1.10634617205628,2.41239926903163,0.67083675326335,0.185154474098393
"NON-PNS",0.711197616920761,1.31047256791157,3.23933843103462,1.41533278727263,1.83272771272368,1.92088263791031,0.340200959907358,1.2292982304359,2.18403713116406,3.38989007923497,2.4245119311774,0.248386850305964,0.776989587258254,0.628576569344586,1.82315567266855,0.893407086236007,1.45796283527912,0.00302965353032671,1.04019703948983,0.536950486540464,1.70051285432292,1.90586402384392,0.848012560490789,1.25239894850563,1.43652090448607,0.346304579120083,1.25291342993111,1.48250903227464,1.53478475775252,0.887715891843786,1.36952653108227,0.660342640613915,1.3570703408316,0.513889206689705,0.191222864937493
"BR-PT",0.163463617961057,0.132855410913402,0.403639541923141,0.250215277562521,0.160119397359666,0.210974428403073,-0.0506761688878409,0.213300945131118,0.223353260406223,0.477189360332502,0.248386850305964,0.578384217826099,0.538509423508269,0.0617675972103878,0.266099758761136,-0.0312617474908847,0.0600285214715007,-0.114036278652974,0.0677326057553625,-0.0119858962499174,0.259604009112409,0.197044180025913,0.117905651015705,0.182018671900238,0.242168993428268,0.166184781941994,0.231238000167328,0.178104969516027,0.109147381125339,0.23395668052501,-0.0798935434148671,0.359722793237577,0.132110329434546,0.138319247283789,0.154344577765052
"BR-APET",0.446867048126388,0.785103446112262,1.62312314232445,0.831953535437951,1.0780368981851,1.08982686163074,0.863729361246682,0.569802718101151,1.19878979553732,0.784546643607127,0.776989587258254,0.538509423508269,1.65755843821687,1.01553933672219,1.41123443645305,0.746304151174381,0.975374814248003,0.134991240747614,0.69631998458107,0.27394996360824,1.19986169920526,1.52274925247626,0.403890251478647,1.3588598541832,0.852641529257163,0.523274832696684,0.91576790364793,0.841655526998714,1.0056565578028,1.04060884690257,1.26854605567913,0.765569757311642,0.85668888607984,0.606259601905675,0.339343503022511
"PT-APET",0.357119166638465,0.644716932584599,1.56577820153245,0.799259455302124,0.953118951594196,1.10566470448739,1.12204005757873,0.656957658209729,1.0927763056673,0.644055366484278,0.628576569344586,0.0617675972103878,1.01553933672219,1.47963390163928,1.84064761202167,1.48390179712352,1.41691861274597,0.618246673224696,0.501678170014377,0.173701103946051,1.2017354398376,1.13374329329438,0.386926190442424,1.10289393342293,0.599517449194244,0.432337604361141,0.751894637329077,0.594144583678946,1.02592647360476,0.811012164747331,0.791600458315787,0.507536841323148,1.3841551260956,0.322607336201294,0.316609948084939
"PT-BA",0.786444399419189,1.51256116138026,3.54280225184466,1.93609980132883,2.72804284055632,2.5790209237888,1.48947187440579,1.6110817553083,2.80959055026685,3.31812862159105,1.82315567266855,0.266099758761136,1.41123443645305,1.84064761202167,4.08975066999032,2.31920608335242,2.36301403141078,0.515592231114136,1.20661903242916,0.517290714131546,2.34991980934157,2.11449706952879,0.952749016297884,2.34217908814809,2.64747565156227,0.676508158994074,2.24476577805584,1.55337472780664,1.93334489409607,1.62042930305923,2.04827491265569,1.07073335009436,2.86800900507216,0.765607635152061,0.429730528798822
"PT-EAM",0.426652704381144,0.757950550465357,1.90916992643577,1.00801116518223,1.24998456174602,1.34273132919289,1.02997970990629,1.00744141213833,1.45352883042533,1.18303698371971,0.893407086236007,-0.0312617474908847,0.746304151174381,1.48390179712352,2.31920608335242,1.96619150177887,1.75934638711229,0.610557667362149,0.487184159421979,0.160868161261651,1.29511300256677,0.930612239277051,0.46468094603721,1.1003119867635,0.908523402377602,0.34821178859628,0.800374845106618,0.775958894411998,1.25884040212929,0.766986047207159,0.84524015117586,0.437397645001056,1.94610303058718,0.276505296334273,0.35856210631786
"PT-ZYGI",0.636924577485171,1.1755329181081,2.65966479263459,1.46469315389929,1.73612857224542,1.86212332421003,1.03651299934604,1.3050029136646,2.1012130950759,2.54435302512801,1.45796283527912,0.0600285214715007,0.975374814248003,1.41691861274597,2.36301403141078,1.75934638711229,2.38879496366757,0.541107827548963,0.920155995346776,0.351696107599414,1.95874489698988,2.08105905520904,0.727636062049892,1.78062844870416,1.19400723835049,0.576869242165511,1.13044057753569,1.38750143828574,2.06829261801196,1.1531365775365,1.28339390148239,0.591873869586937,1.84474269621089,0.298191288563535,0.435365975370199
"PT-TSP",0.0278146329310888,0.0553420668610815,0.197120569078888,0.129338808765403,0.277115578659709,0.32339164952662,0.386749500285652,0.0809602165421839,0.314491454828636,-0.0906797661984861,0.00302965353032671,-0.114036278652974,0.134991240747614,0.618246673224696,0.515592231114136,0.610557667362149,0.541107827548963,1.02203545853904,0.24672062530477,0.033444075675125,0.254113031928936,0.158324131239298,0.14965076524982,0.219665106432072,-0.0546822181685493,0.0729288902432022,0.0109632900152433,-0.134327398399809,-0.0505299245068028,0.106235626145588,-0.0203025650260972,0.165857817628318,0.466586460571578,-0.223946887833985,0.0245511071099064
"ZS-ZI",0.377005062359651,0.83602037532001,1.66311303778615,0.697495723851149,1.72191388782408,1.20752181353056,0.609276482192249,0.226162510424003,1.73913395559998,1.88273654079811,1.04019703948983,0.0677326057553625,0.69631998458107,0.501678170014377,1.20661903242916,0.487184159421979,0.920155995346776,0.24672062530477,1.50833530260744,0.627988478276683,0.478966808900131,1.31078218455292,0.425617659441916,1.24784602987636,1.18501520688432,0.268583647873641,0.870255291551705,1.22884283662536,1.01000741688082,0.913981897220966,0.762506809949618,0.368704651405314,0.436641071171222,0.175699895328087,0.196985640431075
"ZI-MT",0.0965678112591599,0.385844362772573,0.469238042501108,0.272640947086518,0.818913810737843,0.400437844200761,0.157850223751005,0.13484655616824,0.846489322134244,1.01486423211618,0.536950486540464,-0.0119858962499174,0.27394996360824,0.173701103946051,0.517290714131546,0.160868161261651,0.351696107599414,0.033444075675125,0.627988478276683,0.888780897177073,-0.0228231782158369,0.681338165642206,0.0805907970466246,0.618234331101516,0.642958964187351,0.227643659859807,0.418078352585167,0.929959162855081,0.503438266764052,0.363842563878372,0.737763107363057,0.0380508645920238,0.355782750983686,0.218939760074102,0.0372838301203509
"ZI-ZYGI",0.854669333066789,1.28708541956267,3.14596051009436,1.61891822462086,1.10996736732069,2.22591627950419,0.996708621029443,1.23593406904446,1.43707840629525,3.03803773906919,1.70051285432292,0.259604009112409,1.19986169920526,1.2017354398376,2.34991980934157,1.29511300256677,1.95874489698988,0.254113031928936,0.478966808900131,-0.0228231782158369,4.23997134514308,3.42853379632904,0.99069548735265,2.71916721634933,1.32874063052697,0.769320124636582,1.51936619972656,0.765241856226557,1.66991747617623,0.970341768158505,1.66713855794783,0.828385401299032,1.85089693408994,0.386223301068161,0.356561405325686
"ZI-TSP",0.776024612174533,1.68496273939673,3.71518871034649,2.14753899200677,2.21249386634618,2.77739497371461,1.83763127186257,1.31557147287522,2.37982163687809,3.75665932561174,1.90586402384392,0.197044180025913,1.52274925247626,1.13374329329438,2.11449706952879,0.930612239277051,2.08105905520904,0.158324131239298,1.31078218455292,0.681338165642206,3.42853379632904,4.87787884251914,1.02573023193355,3.38487665305484,1.66395107389007,0.952168047682933,1.6812673637683,2.12950184596564,2.42517505172659,1.46608725317443,2.54202608081264,0.737467798474674,1.30719191378704,0.600917174333966,0.268744865352572
"MT-PNS",0.310737227130822,0.544722601552007,1.42260969813362,0.784135324813653,0.978835407423829,1.02053854610542,0.335560819272188,0.596175189074248,0.98931697201212,1.44608429630764,0.848012560490789,0.117905651015705,0.403890251478647,0.386926190442424,0.952749016297884,0.46468094603721,0.727636062049892,0.14965076524982,0.425617659441916,0.0805907970466246,0.99069548735265,1.02573023193355,0.618661909955753,0.863206226043057,0.7176966361079,0.197599187780846,0.640115263117543,0.507112651148663,0.662709026962398,0.504089269267868,0.67004402842861,0.342843199975978,0.630016889554483,0.0850198555790304,0.108442981356357
"PNS-APET",0.753284643924434,1.5767527896583,2.58946121649327,1.812981452296,2.3791595660523,2.32310990413838,1.42505809582927,1.13802626534338,2.31908254732677,2.93388611967169,1.25239894850563,0.182018671900238,1.3588598541832,1.10289393342293,2.34217908814809,1.1003119867635,1.78062844870416,0.219665106432072,1.24784602987636,0.618234331101516,2.71916721634933,3.38487665305484,0.863206226043057,4.15228386042207,1.57864679667148,0.583581833139917,1.68521035339238,1.93433340533177,1.89760962939991,1.32308252196314,2.25136114354571,0.670975270685253,1.51348618077637,0.42691131794846,0.248163420427295
"APET-BA",0.513877855869871,1.10917332755443,2.44178862185235,1.38478818997118,2.36481404268897,1.88050703988075,0.708758221885321,1.05726194900147,2.31652379579565,3.15348852565868,1.43652090448607,0.242168993428268,0.852641529257163,0.599517449194244,2.64747565156227,0.908523402377602,1.19400723835049,-0.0546822181685493,1.18501520688432,0.642958964187351,1.32874063052697,1.66395107389007,0.7176966361079,1.57864679667148,2.65672138997796,0.461457317339799,1.85374192727709,1.34104905702179,1.2573721632345,1.12079948601465,1.8744419714403,0.632543436074696,1.58241789460887,0.645976060996763,0.149395355998515
"APET-TS",0.161519484025499,0.427865584345795,0.710465260532087,0.351479289825947,0.397709699082585,0.451274220858683,0.168965765533274,0.112634898722968,0.350053807178861,0.6256678457102,0.346304579120083,0.166184781941994,0.523274832696684,0.432337604361141,0.676508158994074,0.34821178859628,0.576869242165511,0.0729288902432022,0.268583647873641,0.227643659859807,0.769320124636582,0.952168047682933,0.197599187780846,0.583581833139917,0.461457317339799,0.655578366613422,0.442981277555838,0.408216581071207,0.579324472282196,0.424751962594535,0.262466626509404,0.42027970806127,0.447417029267155,0.27734337813439,0.0624817141194521
"BA-EAM",0.5013021476105,1.00128225679488,2.33427485850599,1.27812405631601,1.87045409048337,1.7198573207531,0.879933924006018,0.950468923397991,1.82753994780336,2.56239699747527,1.25291342993111,0.231238000167328,0.91576790364793,0.751894637329077,2.24476577805584,0.800374845106618,1.13044057753569,0.0109632900152433,0.870255291551705,0.418078352585167,1.51936619972656,1.6812673637683,0.640115263117543,1.68521035339238,1.85374192727709,0.442981277555838,1.72826460795916,1.00797966013474,1.1449027426945,1.09329838161528,1.46150488916219,0.770941229194289,1.41358544328812,0.690918466978808,0.155075319429541
"EAM-ZYGI",0.504072479220265,1.2348615483957,2.34118589831137,1.28961316158994,1.88872453422306,1.46302938716624,1.02243168430103,0.881072127300454,2.06287184860546,2.48273476867491,1.48250903227464,0.178104969516027,0.841655526998714,0.594144583678946,1.55337472780664,0.775958894411998,1.38750143828574,-0.134327398399809,1.22884283662536,0.929959162855081,0.765241856226557,2.12950184596564,0.507112651148663,1.93433340533177,1.34104905702179,0.408216581071207,1.00797966013474,2.57580852024306,1.90161152764719,1.05020755382879,1.54194488984845,0.392389707499483,0.925506653094312,0.369873713279314,0.0874006643842764
"ZYGI-TSP",0.592991154170059,1.26858850507631,2.69784078866469,1.49612774627713,1.77936970690741,1.77913726686026,1.01853998760913,1.18452943254794,2.07297675586282,2.74797845652638,1.53478475775252,0.109147381125339,1.0056565578028,1.02592647360476,1.93334489409607,1.25884040212929,2.06829261801196,-0.0505299245068028,1.01000741688082,0.503438266764052,1.66991747617623,2.42517505172659,0.662709026962398,1.89760962939991,1.2573721632345,0.579324472282196,1.1449027426945,1.90161152764719,2.31092980511059,1.21404556064923,1.45587017110682,0.531108129847784,1.35889178893742,0.454436124722869,0.330183297099759
"LD-AS",0.369469155137484,0.934989945849415,1.80734361610014,1.0629108664507,1.53911618497506,1.29393808334667,0.735051347447559,0.570481353068745,1.44398065313802,1.66009086936733,0.887715891843786,0.23395668052501,1.04060884690257,0.811012164747331,1.62042930305923,0.766986047207159,1.1531365775365,0.106235626145588,0.913981897220966,0.363842563878372,0.970341768158505,1.46608725317443,0.504089269267868,1.32308252196314,1.12079948601465,0.424751962594535,1.09329838161528,1.05020755382879,1.21404556064923,1.54848817938914,1.28690597895289,0.813578021738719,0.941914408212024,0.46623198232076,0.233513957537125
"BR-LD",0.42519588194855,1.278174667602,2.12508904482064,1.61361514690593,2.09023698741716,1.83237381786744,1.0784102645805,1.31413580418176,2.10416839376031,2.12387915440319,1.36952653108227,-0.0798935434148671,1.26854605567913,0.791600458315787,2.04827491265569,0.84524015117586,1.28339390148239,-0.0203025650260972,0.762506809949618,0.737763107363057,1.66713855794783,2.54202608081264,0.67004402842861,2.25136114354571,1.8744419714403,0.262466626509404,1.46150488916219,1.54194488984845,1.45587017110682,1.28690597895289,4.36860051360264,0.112504043425838,1.52558560543605,0.808176525082976,0.212007480410094
"OPI-LD",0.350700959006843,0.592131560158981,1.33565061424403,0.672896007566859,0.780734068336154,0.809125879009915,0.138775960918946,0.385144558021219,0.703264659547773,1.10634617205628,0.660342640613915,0.359722793237577,0.765569757311642,0.507536841323148,1.07073335009436,0.437397645001056,0.591873869586937,0.165857817628318,0.368704651405314,0.0380508645920238,0.828385401299032,0.737467798474674,0.342843199975978,0.670975270685253,0.632543436074696,0.42027970806127,0.770941229194289,0.392389707499483,0.531108129847784,0.813578021738719,0.112504043425838,1.31005879444192,0.782699363953118,0.427440343567596,-0.0928580815308185
"PT-AS",0.489907688831772,0.981058976600338,2.45068647751445,1.62301216424769,1.79161291616846,1.99794142091134,0.981181863694025,1.48544926183358,1.87247286361492,2.41239926903163,1.3570703408316,0.132110329434546,0.85668888607984,1.3841551260956,2.86800900507216,1.94610303058718,1.84474269621089,0.466586460571578,0.436641071171222,0.355782750983686,1.85089693408994,1.30719191378704,0.630016889554483,1.51348618077637,1.58241789460887,0.447417029267155,1.41358544328812,0.925506653094312,1.35889178893742,0.941914408212024,1.52558560543605,0.782699363953118,2.97439433415594,0.802288604310521,0.371327628124211
"JP-AS",0.115808575068992,0.438480711395948,1.0172323663673,0.686715788492422,0.76885639031636,0.700688187235044,0.627455335553904,0.565008068904803,0.736912697151745,0.67083675326335,0.513889206689705,0.138319247283789,0.606259601905675,0.322607336201294,0.765607635152061,0.276505296334273,0.298191288563535,-0.223946887833985,0.175699895328087,0.218939760074102,0.386223301068161,0.600917174333966,0.0850198555790304,0.42691131794846,0.645976060996763,0.27734337813439,0.690918466978808,0.369873713279314,0.454436124722869,0.46623198232076,0.808176525082976,0.427440343567596,0.802288604310521,1.03292284678619,-0.0506344664601561
"BA-OPI",0.139199612041057,0.087675362639108,0.35364261030182,0.172560869807251,0.24720992122185,0.330393189891948,0.202536202285121,0.189460696912371,0.346259706063584,0.185154474098393,0.191222864937493,0.154344577765052,0.339343503022511,0.316609948084939,0.429730528798822,0.35856210631786,0.435365975370199,0.0245511071099064,0.196985640431075,0.0372838301203509,0.356561405325686,0.268744865352572,0.108442981356357,0.248163420427295,0.149395355998515,0.0624817141194521,0.155075319429541,0.0874006643842764,0.330183297099759,0.233513957537125,0.212007480410094,-0.0928580815308185,0.371327628124211,-0.0506344664601561,0.478999760707633
