"","IS-PM","IS-NLE","IS-PNS","PM-ZS","PM-ZI","PM-MT","NLE-NON","NLE-ZS","NLE-ZI","NON-BR","NON-PNS","BR-PT","BR-APET","PT-APET","PT-BA","PT-EAM","PT-ZYGI","PT-TSP","ZS-ZI","ZI-MT","ZI-ZYGI","ZI-TSP","MT-PNS","PNS-APET","APET-BA","APET-TS","BA-EAM","EAM-ZYGI","ZYGI-TSP","LD-AS","BR-LD","OPI-LD","PT-AS","JP-AS","BA-OPI"
"IS-PM",74.8186287054272,82.719719490663,164.155625151689,81.8663542675776,76.5747342063532,81.6580447835005,63.4783849769551,110.474955034,133.937016981729,68.7075622623202,132.091421270633,56.6183292128337,67.4145010646672,16.8628996617678,41.7633141841328,22.4857910236998,69.7384223891281,11.2904385255176,47.2536109029841,28.7295994066955,23.2945409720778,64.357760533673,38.0066031942282,24.4458065092075,33.0697860091186,11.3643639595034,81.7566823848884,24.5842169591207,69.1219323223019,62.6573825259582,0.185239539608965,50.5825731230987,40.104291741077,44.5247642736926,11.3959306713047
"IS-NLE",82.719719490663,192.951012754009,224.273001167428,142.662674633462,139.811580175735,118.227099486903,79.2358622154109,158.837798187652,212.271339037051,93.7090632108435,180.97048312813,80.4085449619383,91.6155556609531,13.1594857333691,43.6172134695036,39.1611137211929,104.014083251103,25.4610109487423,68.3824508882781,29.4988710629235,14.3705468462473,85.4925840719281,65.6878085636812,33.0223317834212,35.2419528425128,4.83494216647324,101.201098311565,25.1749967171136,102.16640762999,88.501887350672,7.49638880132679,46.7730168583685,68.0628456206409,63.1495927698216,28.9446056960713
"IS-PNS",164.155625151689,224.273001167428,457.80946181956,237.017311480291,222.442609932235,251.323225561407,170.759352050738,307.187705585138,355.774097575863,191.172743334024,360.742008964348,156.174437702953,183.864898991456,51.0902625579244,129.370990124776,65.9973174629781,178.882988278013,34.3384696738329,120.083092076085,92.3705602167762,75.3541976001408,176.766009790614,103.16190442257,53.9426023728535,100.942817645869,28.9031304776581,237.811488302127,59.2304348530831,174.297309559801,164.544414173699,-10.2734957047076,131.233165013354,123.208221273117,123.718719311321,36.6798704772806
"PM-ZS",81.8663542675776,142.662674633462,237.017311480291,163.855259488296,140.242571439211,139.592722303345,94.410166728141,188.494715114439,203.134634459767,109.16387184379,185.640597227315,87.3093646115353,92.7645124191169,15.5222757948213,55.9348091653595,37.7514697550246,96.1373994201534,16.947954569088,64.3294377530976,42.4946610394805,26.8159171964508,87.8737493363137,58.3529361819247,29.2218119100788,46.6451179936466,11.1974480289079,112.299244464915,28.2138311936917,102.001422007865,91.2241563700363,6.87322069998591,51.6134443125684,73.1630123658268,60.7704213923945,30.7143684146674
"PM-ZI",76.5747342063532,139.811580175735,222.442609932235,140.242571439211,146.078187608234,131.914982016435,88.9945574456956,159.146025331467,196.935718106516,93.5590573017825,174.136766216915,75.7616909505212,89.9875693572278,18.7339883184935,51.1542993390692,33.1412929549168,93.4834420461758,22.0172775653021,57.6933111026539,28.5447874987577,17.3211982407114,78.063871194912,57.1140289379423,29.4674901145019,42.2779906091109,6.49089246566988,106.662589717391,23.1190112381749,94.2494523847591,83.5202708019254,6.25718770636056,51.2297542668657,60.8245811781302,54.5066877296479,23.5109847199222
"PM-MT",81.6580447835005,118.227099486903,251.323225561407,139.592722303345,131.914982016435,162.662988753787,100.596094192228,171.146991505077,194.559795772725,107.3238032581,190.441738652746,88.1465055158601,98.794320541977,26.3272433420045,73.8424742674935,42.9200388826569,98.6619559526072,23.0007341999615,64.6306530308768,64.4500722769262,48.0415364597484,99.0263622525746,45.2689349091854,29.8630444550613,58.9709049451234,17.1763252382767,129.921011493986,31.7869967303997,94.3436192139283,90.3019631221851,-5.41054395426839,70.2788276958473,71.3464588684564,70.0547967305819,18.7569509238474
"NLE-NON",63.4783849769551,79.2358622154109,170.759352050738,94.410166728141,88.9945574456956,100.596094192228,115.879265149537,114.296333508739,133.139449146195,27.3853734493479,109.023204065133,46.8150249404118,61.6150453284134,13.8520957304372,33.2102573779727,25.9811358852673,67.3296608486338,21.7106759948967,45.2363751502828,29.0304367681151,25.4455943701447,67.763080565212,38.5374816998341,20.9501667861368,27.4257868083271,8.0015407549291,68.4287591720251,23.6406385595414,68.3488421428914,58.2278814358655,0.730612677980764,43.7846483332646,39.0119265807927,46.7681398884467,16.2840448304865
"NLE-ZS",110.474955034,158.837798187652,307.187705585138,188.494715114439,159.146025331467,171.146991505077,114.296333508739,254.450835178983,265.937709921197,149.456818719444,260.55247313205,118.311780296702,128.753807826562,30.4750151116564,91.0068510979587,54.9615701301001,129.81006561125,17.727936961509,81.7256956828848,67.2551495360541,44.9105038523168,121.382385578929,74.3953722704162,35.1103025109105,70.3134664479957,17.5513240755471,161.036446274678,40.7609785483164,132.2427670972,121.220912884686,2.99192494394682,81.7857660385658,103.42664058622,91.8610227378115,36.4631353529952
"NLE-ZI",133.937016981729,212.271339037051,355.774097575863,203.134634459767,196.935718106516,194.559795772725,133.139449146195,265.937709921197,323.36448882868,164.608049870379,303.772550804158,134.573020042656,152.536265885902,35.0021464109334,95.776196165347,61.7285944470865,157.099697825631,30.4625074275326,102.792238241042,66.08962773575,41.861013455346,139.820395177802,92.8269232127926,46.1870073688952,73.6253261939489,17.5016347342226,181.791050169749,47.2022998354739,152.938759459489,138.575859111886,5.22499584027807,96.5726345544106,110.007308623854,108.998683849799,36.241145586324
"NON-BR",68.7075622623202,93.7090632108435,191.172743334024,109.16387184379,93.5590573017825,107.3238032581,27.3853734493479,149.456818719444,164.608049870379,202.846136682957,203.776580066893,116.158897496939,93.6833652002617,16.3436062713701,60.9817687751038,27.3297707988848,76.0992944790776,-3.19945069920167,58.7302437139687,46.4308881630882,33.4152138351683,73.9482567059047,40.4113835550736,25.1777889414818,48.1270963125228,22.5249400655478,121.95976421043,31.6756936806943,72.246045771653,78.5323959400214,-21.1697350641711,55.6565863336682,64.9746126616887,58.9188696755643,13.4718937332611
"NON-PNS",132.091421270633,180.97048312813,360.742008964348,185.640597227315,174.136766216915,190.441738652746,109.023204065133,260.55247313205,303.772550804158,203.776580066893,344.191781536929,144.929673109632,164.279239433197,42.2076261589712,106.072141651758,52.3076675040148,148.613964832458,19.3559416256005,101.313092835907,77.4152081095527,58.9742495493749,145.19641329877,88.0469222743124,43.5459413755616,81.5406555831622,25.1749791654897,201.411124104842,50.1100343048325,140.833636578348,143.981779225607,-3.94625639209484,111.772587045449,100.655565949477,111.639044075577,31.4404629687025
"BR-PT",56.6183292128337,80.4085449619383,156.174437702953,87.3093646115353,75.7616909505212,88.1465055158601,46.8150249404118,118.311780296702,134.573020042656,116.158897496939,144.929673109632,99.9715518890938,76.1634633967744,9.82926643962712,46.6938726149524,19.7460464430686,53.0779227502412,1.31201012316175,44.6039560226237,37.7570481279608,25.1302644642556,54.8958884872504,38.2677873254455,19.4701873723059,35.7569749393424,14.9839778595512,88.3621078696427,26.2543605644669,56.3228061254639,65.5835763451732,-9.53872826548406,42.4353826630834,60.6014420272579,47.6035113772127,14.8653623271944
"BR-APET",67.4145010646672,91.6155556609531,183.864898991456,92.7645124191169,89.9875693572278,98.794320541977,61.6150453284134,128.753807826562,152.536265885902,93.6833652002617,164.279239433197,76.1634633967744,95.1360520997298,27.9167837116532,58.2806222446981,26.3955683275552,77.7533597050001,11.6079801658814,50.4239573301094,40.164459907859,30.1268535602129,75.246931107171,43.7615327087906,25.0821787160124,43.9829728093369,11.2593327927382,106.118855387053,27.9284469167154,73.6902669094061,74.2286171977434,-4.15072980536379,58.7902128832415,50.0113355863469,58.0903943147238,16.8191540962454
"PT-APET",16.8628996617678,13.1594857333691,51.0902625579244,15.5222757948213,18.7339883184935,26.3272433420045,13.8520957304372,30.4750151116564,35.0021464109334,16.3436062713701,42.2076261589712,9.82926643962712,27.9167837116532,27.7285024237368,32.2604397889919,14.057520462186,21.2415095215457,5.75994115091372,8.89161579997523,16.6240600082587,14.7981061446861,19.9653459457574,8.94754758292477,7.75079361739449,13.4195766047865,5.6531744493544,32.5942547871312,6.17653527409542,13.5857101696548,14.2732270082408,-5.04946904217741,19.3353844971823,19.0843651855533,16.3579864372324,4.79099758834794
"PT-BA",41.7633141841328,43.6172134695036,129.370990124776,55.9348091653595,51.1542993390692,73.8424742674935,33.2102573779727,91.0068510979587,95.776196165347,60.9817687751038,106.072141651758,46.6938726149524,58.2806222446981,32.2604397889919,75.1027971880544,34.7001313479182,52.768440717416,12.8137307709373,27.1937629815691,42.7277698632809,36.3890263956507,48.7676163032234,24.9013558208778,13.6959215455948,51.8908073887197,9.35547600127062,89.4319737136397,16.6872400819351,44.3349644740479,48.1630361886671,-12.8316015802193,47.3806197145344,53.4327827458827,40.8354271886737,10.8321265346123
"PT-EAM",22.4857910236998,39.1611137211929,65.9973174629781,37.7514697550246,33.1412929549168,42.9200388826569,25.9811358852673,54.9615701301001,61.7285944470865,27.3297707988848,52.3076675040148,19.7460464430686,26.3955683275552,14.057520462186,34.7001313479182,40.8032376419849,39.4997867046547,12.7319924925991,20.3147699702463,23.0185314006284,16.8699641181139,28.7861577760323,11.773028722575,8.47183530611676,22.1948989856993,2.96620318088751,33.910527245329,10.768325807193,26.3457570687971,22.0860575418329,1.15129076328722,16.3673320744832,40.3829289203136,28.0968038220983,7.89527900944268
"PT-ZYGI",69.7384223891281,104.014083251103,178.882988278013,96.1373994201534,93.4834420461758,98.6619559526072,67.3296608486338,129.81006561125,157.099697825631,76.0992944790776,148.613964832458,53.0779227502412,77.7533597050001,21.2415095215457,52.768440717416,39.4997867046547,100.374872056194,22.6088902868148,53.4665864714572,37.7805745993622,27.1568708497517,83.5627644404449,39.8853695736844,27.4947270539826,41.9368283004092,8.30487312556698,102.802457330584,25.6639442264545,92.0120388130573,72.4107107924764,-4.77725873732844,54.8371533951685,45.1025833305073,56.7204278779563,13.4648354486059
"PT-TSP",11.2904385255176,25.4610109487423,34.3384696738329,16.947954569088,22.0172775653021,23.0007341999615,21.7106759948967,17.727936961509,30.4625074275326,-3.19945069920167,19.3559416256005,1.31201012316175,11.6079801658814,5.75994115091372,12.8137307709373,12.7319924925991,22.6088902868148,20.367529045223,9.07224417328785,8.48287475017542,5.73730516212378,17.4321468608956,5.96431154893197,4.13927748878059,10.042509168757,-2.55238496187054,17.1635991264903,1.06460320356505,17.8753692303894,13.3050378763594,2.46290256330392,8.31552254556941,8.78514828566666,8.60119993336134,3.48465467098981
"ZS-ZI",47.2536109029841,68.3824508882781,120.083092076085,64.3294377530976,57.6933111026539,64.6306530308768,45.2363751502828,81.7256956828848,102.792238241042,58.7302437139687,101.313092835907,44.6039560226237,50.4239573301094,8.89161579997523,27.1937629815691,20.3147699702463,53.4665864714572,9.07224417328785,43.8676036434674,23.1799533018894,17.7254966882888,49.7913189316086,27.2258543433056,14.7105829754139,22.5469968340076,9.79969574267153,62.5329584092161,17.1457889066852,48.0678859650374,43.5715286788264,1.2051351426169,35.1560905206086,31.3218176813526,38.4462459448935,8.42926845613298
"ZI-MT",28.7295994066955,29.4988710629235,92.3705602167762,42.4946610394805,28.5447874987577,64.4500722769262,29.0304367681151,67.2551495360541,66.08962773575,46.4308881630882,77.4152081095527,37.7570481279608,40.164459907859,16.6240600082587,42.7277698632809,23.0185314006284,37.7805745993622,8.48287475017542,23.1799533018894,56.6546111014705,33.3322504981176,45.475818871351,2.76175586409177,11.7253672639648,30.5531565120524,10.4239158222182,59.1978129333642,17.0193788213065,31.7044474682406,36.0431804064469,-8.20373959419982,31.5118713004263,31.4744843434633,34.4572688119047,5.97356914543616
"ZI-ZYGI",23.2945409720778,14.3705468462473,75.3541976001408,26.8159171964508,17.3211982407114,48.0415364597484,25.4455943701447,44.9105038523168,41.861013455346,33.4152138351683,58.9742495493749,25.1302644642556,30.1268535602129,14.7981061446861,36.3890263956507,16.8699641181139,27.1568708497517,5.73730516212378,17.7254966882888,33.3322504981176,36.4676689584926,36.263550580852,7.86210388289332,10.8196771584795,27.1515145640513,10.3064274780227,47.7303278488047,13.2092394475758,22.1513887112616,28.5085936838366,-6.83947984606377,31.0109679301199,22.2343811384526,24.339468210413,0.843002324530254
"ZI-TSP",64.357760533673,85.4925840719281,176.766009790614,87.8737493363137,78.063871194912,99.0263622525746,67.763080565212,121.382385578929,139.820395177802,73.9482567059047,145.19641329877,54.8958884872504,75.246931107171,19.9653459457574,48.7676163032234,28.7861577760323,83.5627644404449,17.4321468608956,49.7913189316086,45.475818871351,36.263550580852,92.3052354060127,37.0969351969925,23.6074279187067,39.7457291414026,11.9727902667897,94.9835154233825,30.0246885012975,77.4787679945393,68.8479135564013,-5.60488595285905,56.9032513970663,38.6676310903015,57.0754347131343,12.8882950969907
"MT-PNS",38.0066031942282,65.6878085636812,103.16190442257,58.3529361819247,57.1140289379423,45.2689349091854,38.5374816998341,74.3953722704162,92.8269232127926,40.4113835550736,88.0469222743124,38.2677873254455,43.7615327087906,8.94754758292477,24.9013558208778,11.773028722575,39.8853695736844,5.96431154893197,27.2258543433056,2.76175586409177,7.86210388289332,37.0969351969925,44.1129129741362,11.478141460646,19.1737995110476,3.67515687776004,49.3421569603898,12.675348178167,44.4756981668035,39.491497775672,0.939823945547159,28.6936705032667,33.5366805647282,29.4774230575064,12.1868160127056
"PNS-APET",24.4458065092075,33.0223317834212,53.9426023728535,29.2218119100788,29.4674901145019,29.8630444550613,20.9501667861368,35.1103025109105,46.1870073688952,25.1777889414818,43.5459413755616,19.4701873723059,25.0821787160124,7.75079361739449,13.6959215455948,8.47183530611676,27.4947270539826,4.13927748878059,14.7105829754139,11.7253672639648,10.8196771584795,23.6074279187067,11.478141460646,23.5662990759087,6.69288413911716,0.372276144797421,28.7488575066088,11.1945122409124,25.2688462169022,26.6053868219527,1.54253362793821,15.9190839917235,12.6979429529369,15.617302544273,5.4551916186087
"APET-BA",33.0697860091186,35.2419528425128,100.942817645869,46.6451179936466,42.2779906091109,58.9709049451234,27.4257868083271,70.3134664479957,73.6253261939489,48.1270963125228,81.5406555831622,35.7569749393424,43.9829728093369,13.4195766047865,51.8908073887197,22.1948989856993,41.9368283004092,10.042509168757,22.5469968340076,30.5531565120524,27.1515145640513,39.7457291414026,19.1737995110476,6.69288413911716,47.6362437582762,5.1167152525918,70.6132486250047,13.9193830557091,40.126705413955,41.363054732484,-10.3780237333615,37.4984351445135,31.4068218104711,29.5021345890449,6.04631557773352
"APET-TS",11.3643639595034,4.83494216647324,28.9031304776581,11.1974480289079,6.49089246566988,17.1763252382767,8.0015407549291,17.5513240755471,17.5016347342226,22.5249400655478,25.1749791654897,14.9839778595512,11.2593327927382,5.6531744493544,9.35547600127062,2.96620318088751,8.30487312556698,-2.55238496187054,9.79969574267153,10.4239158222182,10.3064274780227,11.9727902667897,3.67515687776004,0.372276144797421,5.1167152525918,15.1660487588862,20.0482966621433,4.05247415525345,8.31771377120765,6.33306211936285,-3.75825683784178,12.3922930445803,6.49002677558318,8.24192275810734,-0.324235306745302
"BA-EAM",81.7566823848884,101.201098311565,237.811488302127,112.299244464915,106.662589717391,129.921011493986,68.4287591720251,161.036446274678,181.791050169749,121.95976421043,201.411124104842,88.3621078696427,106.118855387053,32.5942547871312,89.4319737136397,33.910527245329,102.802457330584,17.1635991264903,62.5329584092161,59.1978129333642,47.7303278488047,94.9835154233825,49.3421569603898,28.7488575066088,70.6132486250047,20.0482966621433,167.840431638408,26.1903186524619,98.1060991229406,91.2119480833074,-17.6463706797078,82.0948717227014,59.6567482391131,65.3329139687828,13.4238470837818
"EAM-ZYGI",24.5842169591207,25.1749967171136,59.2304348530831,28.2138311936917,23.1190112381749,31.7869967303997,23.6406385595414,40.7609785483164,47.2022998354739,31.6756936806943,50.1100343048325,26.2543605644669,27.9284469167154,6.17653527409542,16.6872400819351,10.768325807193,25.6639442264545,1.06460320356505,17.1457889066852,17.0193788213065,13.2092394475758,30.0246885012975,12.675348178167,11.1945122409124,13.9193830557091,4.05247415525345,26.1903186524619,20.6206425789928,23.2581245082713,26.4585500142406,-4.25994003679028,17.7800883888988,15.9809892054683,20.6008302388719,5.80480339576852
"ZYGI-TSP",69.1219323223019,102.16640762999,174.297309559801,102.001422007865,94.2494523847591,94.3436192139283,68.3488421428914,132.2427670972,152.938759459489,72.246045771653,140.833636578348,56.3228061254639,73.6902669094061,13.5857101696548,44.3349644740479,26.3457570687971,92.0120388130573,17.8753692303894,48.0678859650374,31.7044474682406,22.1513887112616,77.4787679945393,44.4756981668035,25.2688462169022,40.126705413955,8.31771377120765,98.1060991229406,23.2581245082713,100.479998663204,72.4976346984007,-5.83869591319156,50.2319874200258,41.5021342988598,48.0180272852144,14.5405151940813
"LD-AS",62.6573825259582,88.501887350672,164.544414173699,91.2241563700363,83.5202708019254,90.3019631221851,58.2278814358655,121.220912884686,138.575859111886,78.5323959400214,143.981779225607,65.5835763451732,74.2286171977434,14.2732270082408,48.1630361886671,22.0860575418329,72.4107107924764,13.3050378763594,43.5715286788264,36.0431804064469,28.5085936838366,68.8479135564013,39.491497775672,26.6053868219527,41.363054732484,6.33306211936285,91.2119480833074,26.4585500142406,72.4976346984007,87.2160625175752,-2.51971279026165,55.5715708097896,40.7249971061858,39.7168045981496,13.6424894778258
"BR-LD",0.185239539608965,7.49638880132679,-10.2734957047076,6.87322069998591,6.25718770636056,-5.41054395426839,0.730612677980764,2.99192494394682,5.22499584027807,-21.1697350641711,-3.94625639209484,-9.53872826548406,-4.15072980536379,-5.04946904217741,-12.8316015802193,1.15129076328722,-4.77725873732844,2.46290256330392,1.2051351426169,-8.20373959419982,-6.83947984606377,-5.60488595285905,0.939823945547159,1.54253362793821,-10.3780237333615,-3.75825683784178,-17.6463706797078,-4.25994003679028,-5.83869591319156,-2.51971279026165,55.0449302119071,-23.4922523195483,5.9266743388005,-6.45165355973652,9.69995340187799
"OPI-LD",50.5825731230987,46.7730168583685,131.233165013354,51.6134443125684,51.2297542668657,70.2788276958473,43.7846483332646,81.7857660385658,96.5726345544106,55.6565863336682,111.772587045449,42.4353826630834,58.7902128832415,19.3353844971823,47.3806197145344,16.3673320744832,54.8371533951685,8.31552254556941,35.1560905206086,31.5118713004263,31.0109679301199,56.9032513970663,28.6936705032667,15.9190839917235,37.4984351445135,12.3922930445803,82.0948717227014,17.7800883888988,50.2319874200258,55.5715708097896,-23.4922523195483,74.4835432660535,26.8562654424292,45.3799565539484,-1.97187223053142
"PT-AS",40.104291741077,68.0628456206409,123.208221273117,73.1630123658268,60.8245811781302,71.3464588684564,39.0119265807927,103.42664058622,110.007308623854,64.9746126616887,100.655565949477,60.6014420272579,50.0113355863469,19.0843651855533,53.4327827458827,40.3829289203136,45.1025833305073,8.78514828566666,31.3218176813526,31.4744843434633,22.2343811384526,38.6676310903015,33.5366805647282,12.6979429529369,31.4068218104711,6.49002677558318,59.6567482391131,15.9809892054683,41.5021342988598,40.7249971061858,5.9266743388005,26.8562654424292,83.3751308285925,46.3662774977712,20.5658345484178
"JP-AS",44.5247642736926,63.1495927698216,123.718719311321,60.7704213923945,54.5066877296479,70.0547967305819,46.7681398884467,91.8610227378115,108.998683849799,58.9188696755643,111.639044075577,47.6035113772127,58.0903943147238,16.3579864372324,40.8354271886737,28.0968038220983,56.7204278779563,8.60119993336134,38.4462459448935,34.4572688119047,24.339468210413,57.0754347131343,29.4774230575064,15.617302544273,29.5021345890449,8.24192275810734,65.3329139687828,20.6008302388719,48.0180272852144,39.7168045981496,-6.45165355973652,45.3799565539484,46.3662774977712,76.6926908432205,11.6359283041841
"BA-OPI",11.3959306713047,28.9446056960713,36.6798704772806,30.7143684146674,23.5109847199222,18.7569509238474,16.2840448304865,36.4631353529952,36.241145586324,13.4718937332611,31.4404629687025,14.8653623271944,16.8191540962454,4.79099758834794,10.8321265346123,7.89527900944268,13.4648354486059,3.48465467098981,8.42926845613298,5.97356914543616,0.843002324530254,12.8882950969907,12.1868160127056,5.4551916186087,6.04631557773352,-0.324235306745302,13.4238470837818,5.80480339576852,14.5405151940813,13.6424894778258,9.69995340187799,-1.97187223053142,20.5658345484178,11.6359283041841,21.0315544360447
