"","IS-PM","IS-NLE","IS-PNS","PM-ZS","PM-ZI","PM-MT","NLE-NON","NLE-ZS","NLE-ZI","NON-BR","NON-PNS","BR-PT","BR-APET","PT-APET","PT-BA","PT-EAM","PT-ZYGI","PT-TSP","ZS-ZI","ZI-MT","ZI-ZYGI","ZI-TSP","MT-PNS","PNS-APET","APET-BA","APET-TS","BA-EAM","EAM-ZYGI","ZYGI-TSP","LD-AS","BR-LD","OPI-LD","PT-AS","JP-AS","BA-OPI"
"IS-PM",15.5357903276695,12.4588797104678,16.5427749063373,7.04875157872155,1.90543489849526,5.33097170836549,-1.68604271347778,12.3633321457936,11.5584197760522,13.6735384150858,9.27932902172563,9.42646071167899,13.5786054052892,3.2404492038742,3.97981806218543,8.76838274503197,7.95993114515291,-0.0192467293895077,1.58793686946489,7.77684723894006,4.14608801053379,8.62952151360406,-2.29097657855342,5.42755043838008,2.2993367771286,-0.331926469815672,4.83581555265373,4.51975135353656,7.80200817255886,2.18950269549062,1.30722542460398,-2.02976891027604,-0.132880763937481,1.43317923363394,-2.8295197991049
"IS-NLE",12.4588797104678,25.0921863631536,26.6835907788335,14.7481553501335,9.0471078007219,21.4299015428945,-6.0304872940035,16.2527404936022,16.8809794506957,20.6265044723004,17.4229300965638,17.8727375210469,21.7127747035842,3.96424355383539,7.94608578996785,9.93706484269091,11.7177771367425,1.50998321091224,7.77429662276436,17.8138443663286,11.4805998480891,17.0320599370106,-2.8825841983877,9.89644320466775,3.80936253585106,-0.00554754548684609,10.4732863396306,8.71868080802777,13.0648841035459,5.08950136744526,12.661210390634,1.60422600901317,5.37351886209598,3.15541315806993,0.0181925193004236
"IS-PNS",16.5427749063373,26.6835907788335,117.475434323821,21.8129123964561,25.1453788688015,77.0478323736329,3.61822346064944,7.04723577860152,14.2046956143427,38.1672279222179,69.362794523327,13.8010239320064,32.4619548065939,13.2239651514214,19.236444215102,17.5397727979827,43.3808912139085,-1.71700562503824,15.8790971850102,46.3617877234014,54.0400910901046,59.6200295839452,26.8905967658047,-2.39334925226407,5.79867076928514,3.01115450324679,37.496765283796,13.3984059287749,42.6994780987215,49.9721314232688,46.8282913287294,56.7277160086498,12.213300770525,3.77257170370816,-2.06417770001415
"PM-ZS",7.04875157872155,14.7481553501335,21.8129123964561,23.0438491843131,14.5167052180982,27.2813184803485,-0.124914964189547,16.3389819259126,11.3372438797874,21.7831624939607,11.9605356747935,9.91517984980193,13.7222286252198,3.18219628928106,5.32118413591862,7.35946986029058,10.8666456777017,1.2692440730631,4.6126091437795,17.9033224217766,10.8381416630486,18.4945179725233,-6.36132217637698,8.05148764632445,3.57598058432085,0.359711138332351,8.224480295599,6.26631540218213,10.8378943061575,8.44148625193029,10.4762423370478,3.21025718871455,0.147382004876157,-2.65187290261515,-0.223592849209481
"PM-ZI",1.90543489849526,9.0471078007219,25.1453788688015,14.5167052180982,17.9713613890846,26.8231900756119,1.81215713996216,5.64308805174399,9.87585842451488,16.026324481469,12.9237673662448,8.47788787111194,10.0080739437947,-0.990652261372252,3.46108361890313,7.48709124159436,14.1737751807529,0.425067275148314,4.82690458593154,13.2937911195231,16.3246207667874,18.2310787728867,1.81279991515813,6.11092678276661,3.85634681762627,1.09993801435256,8.86547128768623,4.66916158963362,13.9749000272493,10.9248021828896,14.7937805291857,11.9242021060353,-1.0290381379153,-1.34500450289093,-0.341088218520351
"PM-MT",5.33097170836549,21.4299015428945,77.0478323736329,27.2813184803485,26.8231900756119,84.2338017606565,2.40433056696417,5.18784571464277,8.45043919927869,19.121692567452,40.4340725680822,12.9823521156934,25.0962772332404,7.61653324857895,12.1796926099096,10.4704129665654,25.9443262051152,1.53042524288252,14.7385204472522,54.4559616598959,37.1222388097005,41.9770371781968,-4.54787092194875,3.87487664910926,3.19346710654216,0.576979610428633,20.6469990889997,11.9308813015938,25.4178353824662,29.5257313889847,34.7599342570066,35.5928903541236,10.6896472657105,-1.99454612885615,-1.50006306617821
"NLE-NON",-1.68604271347778,-6.0304872940035,3.61822346064944,-0.124914964189547,1.81215713996216,2.40433056696417,13.5844861703086,-5.53864506857406,-5.22307834635162,-9.96339383646349,-4.18593709224741,-1.56395088195948,-2.18831593524108,-0.803094376428281,2.2288539228033,0.653165067066697,-2.08985343505563,-1.00678810517475,-2.01285863858431,-1.12799912712949,2.54536997016632,-1.50170861583409,2.03421581650533,-2.68337988226271,2.26836735122267,1.0161026638306,-0.528465217311818,-2.17004840190959,-3.68194272984894,-2.29904255073356,4.33366632724809,-3.20493635275223,-3.14719266739071,-1.0676758026365,-0.628846263817221
"NLE-ZS",12.3633321457936,16.2527404936022,7.04723577860152,16.3389819259126,5.64308805174399,5.18784571464277,-5.53864506857406,28.9673286516608,18.0155035872659,21.5564235122204,7.80003771683932,12.055638421968,14.0212513897819,2.82947368284802,1.89660239695334,7.35059108042701,5.76444309887931,0.482717933210898,-2.52589731785004,7.77976422680745,2.37843042620968,10.7490894685436,-4.81784850102962,9.87650398862061,0.917423789877843,0.125762665256249,5.67531842091861,5.25945481601346,6.66594931477758,-0.193498083183542,6.94636647665545,-8.47167512330663,-1.12529550899978,2.02232606882614,-1.07636908324957
"NLE-ZI",11.5584197760522,16.8809794506957,14.2046956143427,11.3372438797874,9.87585842451488,8.45043919927869,-5.22307834635162,18.0155035872659,24.0719374424947,22.584321706225,16.4351978873763,16.9758219641739,19.6013847902108,0.389487958051826,2.76191793122939,11.1665255356613,14.7341814899854,-0.230652495027888,6.40202464333575,10.1866676966496,7.7634277806237,14.9925703967383,1.03451257811869,9.74482195662532,3.57155083275202,0.0999180483775847,9.67421627524918,7.3077208154276,15.1927201347277,5.55947659977965,8.50207552070283,1.21532153216261,-0.0192377827878354,0.396912706170707,-1.98729438416086
"NON-BR",13.6735384150858,20.6265044723004,38.1672279222179,21.7831624939607,16.026324481469,19.121692567452,-9.96339383646349,21.5564235122204,22.584321706225,98.0784035745893,27.0039458236101,11.5486366202066,-1.72494691929613,-4.14984444167262,3.7724714334375,7.19244947924501,23.3523145838717,0.64252088979095,4.44956591120742,9.15843182238225,17.4824395720005,34.4090419112236,5.37153849437226,4.53117173581079,6.86649284566244,-2.18585513678092,18.882620302838,8.58660795208207,25.2716382074728,13.2240630144504,-12.9661155634329,9.38811446270582,10.7210049748315,-4.45711949139787,0.486748578945259
"NON-PNS",9.27932902172563,17.4229300965638,69.362794523327,11.9605356747935,12.9237673662448,40.4340725680822,-4.18593709224741,7.80003771683932,16.4351978873763,27.0039458236101,61.3197571425662,9.84133783570337,26.5556381802197,11.2983162455838,12.5502853344933,14.7300445324348,28.8246638104549,-0.960246901583141,14.1192108596521,28.2750659198443,27.7183173322702,34.3188995326813,22.0968534137624,-7.51391143641669,3.42427193584589,0.747604935973388,24.7874153904314,9.46553986235308,28.1145410993307,32.0997567391073,30.5228601491596,32.9132009635348,11.2551839993697,0.768632450019974,-0.265855530982037
"BR-PT",9.42646071167899,17.8727375210469,13.8010239320064,9.91517984980193,8.47788787111194,12.9823521156934,-1.56395088195948,12.055638421968,16.9758219641739,11.5486366202066,9.84133783570337,43.6254998569828,44.7131708866102,-4.99443619035957,-0.729567699582918,8.54515683481339,10.4322160738162,-1.99363968529589,5.36421583851951,11.1969126381692,17.3938600920785,17.6651647651578,2.40227767354954,9.93389330388195,4.48272015294876,0.0685078586648264,10.5960401511664,4.15473199510026,10.1053168016712,2.77307914625414,16.293648047694,5.03962427887636,-4.20258562124663,0.837937289689354,-13.5316422639796
"BR-APET",13.5786054052892,21.7127747035842,32.4619548065939,13.7222286252198,10.0080739437947,25.0962772332404,-2.18831593524108,14.0212513897819,19.6013847902108,-1.72494691929613,26.5556381802197,44.7131708866102,67.889313740244,8.09851907285947,4.44341444549234,15.8808199722898,18.4607625428517,0.0569947593956705,10.1647971769178,22.0090892995484,18.9164770966364,25.3524132937293,6.3550780997192,7.37985887043175,2.91462492760387,2.46746720069076,13.0108735698945,8.92469308838055,16.3197232819331,13.2050967534759,25.6129006627535,17.4439852575119,-2.40587414768879,2.45055423236477,-18.8855132643157
"PT-APET",3.2404492038742,3.96424355383539,13.2239651514214,3.18219628928106,-0.990652261372252,7.61653324857895,-0.803094376428281,2.82947368284802,0.389487958051826,-4.14984444167262,11.2983162455838,-4.99443619035957,8.09851907285947,13.7122559991884,8.56235120906108,4.3644820404128,3.70891291710306,2.26584407819609,4.24447914999309,7.45622820893468,-0.954330452577473,1.94880846065219,0.874982729180513,-2.36374101467484,-1.30540966296246,2.52291295013225,2.4453165952581,2.8865867889766,2.78938111396442,8.32438449836239,0.644469787941111,7.70358985809119,4.89915209334277,0.950732909011238,0.0896538809887369
"PT-BA",3.97981806218543,7.94608578996785,19.236444215102,5.32118413591862,3.46108361890313,12.1796926099096,2.2288539228033,1.89660239695334,2.76191793122939,3.7724714334375,12.5502853344933,-0.729567699582918,4.44341444549234,8.56235120906108,14.51691272552,6.71186041034548,5.04156495752676,1.21444826571132,6.27498993420236,7.68631041917098,3.38504264629155,2.56807628163688,0.538494483717103,-0.461452298469972,6.16270664498242,0.369951711114762,7.3937997235407,4.29732631444242,4.13992363145533,7.58911059176275,4.13456692048904,5.59892110361361,7.04090084242742,-0.58020506591114,2.49044558851466
"PT-EAM",8.76838274503197,9.93706484269091,17.5397727979827,7.35946986029058,7.48709124159436,10.4704129665654,0.653165067066697,7.35059108042701,11.1665255356613,7.19244947924501,14.7300445324348,8.54515683481339,15.8808199722898,4.3644820404128,6.71186041034548,17.5143058485785,13.1359964937144,3.51113865586996,3.32338369121876,8.45176939937499,4.55595668061303,6.82538449280223,1.52495611907321,1.68138431330549,4.22129751315657,0.326621921334394,3.39305623561847,7.82794264364748,11.3025000928859,0.984348074044095,6.98691717453563,-0.072389829343168,5.29526782517667,4.54161083999944,-3.03719336599959
"PT-ZYGI",7.95993114515291,11.7177771367425,43.3808912139085,10.8666456777017,14.1737751807529,25.9443262051152,-2.08985343505563,5.76444309887931,14.7341814899854,23.3523145838717,28.8246638104549,10.4322160738162,18.4607625428517,3.70891291710306,5.04156495752676,13.1359964937144,39.085075493228,0.428872985140381,9.37658422833191,15.6704682356508,29.4516820114431,35.0445950421314,17.2521024261363,6.94190634991381,3.07665062636313,2.41336229184756,18.8532930613888,14.7168953767466,37.6696372281478,26.7479119483621,20.6785470041014,29.7875421563026,3.90756180910324,4.06474045833992,-2.66503696663064
"PT-TSP",-0.0192467293895077,1.50998321091224,-1.71700562503824,1.2692440730631,0.425067275148314,1.53042524288252,-1.00678810517475,0.482717933210898,-0.230652495027888,0.64252088979095,-0.960246901583141,-1.99363968529589,0.0569947593956705,2.26584407819609,1.21444826571132,3.51113865586996,0.428872985140381,4.61915889087939,-0.008200392461614,1.56586076152813,-5.40597500580056,-2.81961048123761,-4.59637170433477,-1.4098016939324,-0.329563011652129,-0.474338036136387,-4.42716315377089,2.66208736322808,-0.227868433681353,-5.15055140366192,-3.03067438741341,-5.20837143117619,5.31774309770331,2.27348221253579,-0.256698631038238
"ZS-ZI",1.58793686946489,7.77429662276436,15.8790971850102,4.6126091437795,4.82690458593154,14.7385204472522,-2.01285863858431,-2.52589731785004,6.40202464333575,4.44956591120742,14.1192108596521,5.36421583851951,10.1647971769178,4.24447914999309,6.27498993420236,3.32338369121876,9.37658422833191,-0.008200392461614,13.3208674432562,11.2570424778777,6.4481649766759,9.2317341764348,1.50858198755558,1.16620491922987,2.61375744055225,0.593668821039704,7.9126859542982,4.47258845391469,9.31944756360708,11.3656446884197,4.50941394617014,12.9858621797539,2.53369352423071,-0.592412118172885,2.11509718485586
"ZI-MT",7.77684723894006,17.8138443663286,46.3617877234014,17.9033224217766,13.2937911195231,54.4559616598959,-1.12799912712949,7.77976422680745,10.1866676966496,9.15843182238225,28.2750659198443,11.1969126381692,22.0090892995484,7.45622820893468,7.68631041917098,8.45176939937499,15.6704682356508,1.56586076152813,11.2570424778777,43.1165906226427,20.0130918929702,25.9036302002112,-8.74064584160443,3.52899941440419,0.374137929101989,0.456918213849425,11.4992143384567,10.0751546288129,15.2261297799927,14.8809632318015,21.9188079913473,16.730134901176,9.73538633418791,0.375087032208715,-2.39782375260315
"ZI-ZYGI",4.14608801053379,11.4805998480891,54.0400910901046,10.8381416630486,16.3246207667874,37.1222388097005,2.54536997016632,2.37843042620968,7.7634277806237,17.4824395720005,27.7183173322702,17.3938600920785,18.9164770966364,-0.954330452577473,3.38504264629155,4.55595668061303,29.4516820114431,-5.40597500580056,6.4481649766759,20.0130918929702,46.3272918682751,41.8121307509511,21.9506229347112,7.40080771207846,2.24190924247997,4.35686475310697,23.4715759605082,6.30786190546671,30.2168593279317,32.9025429110482,34.029415932372,37.1990111181017,-4.18631258414648,-0.011004570942375,-4.27709570577368
"ZI-TSP",8.62952151360406,17.0320599370106,59.6200295839452,18.4945179725233,18.2310787728867,41.9770371781968,-1.50170861583409,10.7490894685436,14.9925703967383,34.4090419112236,34.3188995326813,17.6651647651578,25.3524132937293,1.94880846065219,2.56807628163688,6.82538449280223,35.0445950421314,-2.81961048123761,9.2317341764348,25.9036302002112,41.8121307509511,53.8692274321602,19.7503539789873,9.00330626689383,1.57971711394839,3.8579072822578,25.9840590547485,12.15700506181,36.4285032658983,37.5113163556135,33.4004420369937,38.8934888692732,-1.9224938845842,-1.05191690530963,-3.7301992943415
"MT-PNS",-2.29097657855342,-2.8825841983877,26.8905967658047,-6.36132217637698,1.81279991515813,-4.54787092194875,2.03421581650533,-4.81784850102962,1.03451257811869,5.37153849437226,22.0968534137624,2.40227767354954,6.3550780997192,0.874982729180513,0.538494483717103,1.52495611907321,17.2521024261363,-4.59637170433477,1.50858198755558,-8.74064584160443,21.9506229347112,19.7503539789873,36.3491607499662,-5.62411649808496,-0.183378013554544,4.25463470364332,15.643264634643,1.01931269193008,17.7789541832815,24.3668237882625,21.1071083432916,29.6757819678478,-3.27132922042184,5.1660039323176,-1.15063675106745
"PNS-APET",5.42755043838008,9.89644320466775,-2.39334925226407,8.05148764632445,6.11092678276661,3.87487664910926,-2.68337988226271,9.87650398862061,9.74482195662532,4.53117173581079,-7.51391143641669,9.93389330388195,7.37985887043175,-2.36374101467484,-0.461452298469972,1.68138431330549,6.94190634991381,-1.4098016939324,1.16620491922987,3.52899941440419,7.40080771207846,9.00330626689383,-5.62411649808496,16.2661737525855,0.748449609589313,1.45873487390281,3.93570858817705,4.148443863292,8.38364673810091,3.23470706028298,6.35671839004608,-1.42737192073052,-6.26767262511264,-2.98066298078779,0.679283101791336
"APET-BA",2.2993367771286,3.80936253585106,5.79867076928514,3.57598058432085,3.85634681762627,3.19346710654216,2.26836735122267,0.917423789877843,3.57155083275202,6.86649284566244,3.42427193584589,4.48272015294876,2.91462492760387,-1.30540966296246,6.16270664498242,4.22129751315657,3.07665062636313,-0.329563011652129,2.61375744055225,0.374137929101989,2.24190924247997,1.57971711394839,-0.183378013554544,0.748449609589313,7.86529766083621,-1.4689542801177,3.94709945288787,2.85592660567881,2.43924450793789,0.875745348833328,0.172930516053836,-0.46615203327106,2.03170390902951,-0.575033729673443,-0.429195443226942
"APET-TS",-0.331926469815672,-0.00554754548684609,3.01115450324679,0.359711138332351,1.09993801435256,0.576979610428633,1.0161026638306,0.125762665256249,0.0999180483775847,-2.18585513678092,0.747604935973388,0.0685078586648264,2.46746720069076,2.52291295013225,0.369951711114762,0.326621921334394,2.41336229184756,-0.474338036136387,0.593668821039704,0.456918213849425,4.35686475310697,3.8579072822578,4.25463470364332,1.45873487390281,-1.4689542801177,3.57919200744896,1.93094818011892,0.380331019045768,2.70584572562724,4.03131778469257,4.97711283232365,4.29845093399742,-2.21730522078032,2.4529466089381,0.777172554771356
"BA-EAM",4.83581555265373,10.4732863396306,37.496765283796,8.224480295599,8.86547128768623,20.6469990889997,-0.528465217311818,5.67531842091861,9.67421627524918,18.882620302838,24.7874153904314,10.5960401511664,13.0108735698945,2.4453165952581,7.3937997235407,3.39305623561847,18.8532930613888,-4.42716315377089,7.9126859542982,11.4992143384567,23.4715759605082,25.9840590547485,15.643264634643,3.93570858817705,3.94709945288787,1.93094818011892,23.8226282554444,2.19672055448483,19.3509722441851,28.2085453168697,20.6942550258251,27.6532798234085,0.602237892684668,-1.5159084544152,0.846817932221827
"EAM-ZYGI",4.51975135353656,8.71868080802777,13.3984059287749,6.26631540218213,4.66916158963362,11.9308813015938,-2.17004840190959,5.25945481601346,7.3077208154276,8.58660795208207,9.46553986235308,4.15473199510026,8.92469308838055,2.8865867889766,4.29732631444242,7.82794264364748,14.7168953767466,2.66208736322808,4.47258845391469,10.0751546288129,6.30786190546671,12.15700506181,1.01931269193008,4.148443863292,2.85592660567881,0.380331019045768,2.19672055448483,14.1766716920399,14.6072514882737,2.27106093191565,6.01487314788355,2.91916707467431,5.22516089457658,5.324987724079,0.623041486917238
"ZYGI-TSP",7.80200817255886,13.0648841035459,42.6994780987215,10.8378943061575,13.9749000272493,25.4178353824662,-3.68194272984894,6.66594931477758,15.1927201347277,25.2716382074728,28.1145410993307,10.1053168016712,16.3197232819331,2.78938111396442,4.13992363145533,11.3025000928859,37.6696372281478,-0.227868433681353,9.31944756360708,15.2261297799927,30.2168593279317,36.4285032658983,17.7789541832815,8.38364673810091,2.43924450793789,2.70584572562724,19.3509722441851,14.6072514882737,37.8957782245334,27.7149475774348,22.2848122072066,29.6977243346317,2.65499357854248,3.16537367355209,-0.427562354652998
"LD-AS",2.18950269549062,5.08950136744526,49.9721314232688,8.44148625193029,10.9248021828896,29.5257313889847,-2.29904255073356,-0.193498083183542,5.55947659977965,13.2240630144504,32.0997567391073,2.77307914625414,13.2050967534759,8.32438449836239,7.58911059176275,0.984348074044095,26.7479119483621,-5.15055140366192,11.3656446884197,14.8809632318015,32.9025429110482,37.5113163556135,24.3668237882625,3.23470706028298,0.875745348833328,4.03131778469257,28.2085453168697,2.27106093191565,27.7149475774348,55.1711502176708,29.3522385947903,52.6904668198808,-1.91525203678716,-12.0955127240271,-0.794191834545852
"BR-LD",1.30722542460398,12.661210390634,46.8282913287294,10.4762423370478,14.7937805291857,34.7599342570066,4.33366632724809,6.94636647665545,8.50207552070283,-12.9661155634329,30.5228601491596,16.293648047694,25.6129006627535,0.644469787941111,4.13456692048904,6.98691717453563,20.6785470041014,-3.03067438741341,4.50941394617014,21.9188079913473,34.029415932372,33.4004420369937,21.1071083432916,6.35671839004608,0.172930516053836,4.97711283232365,20.6942550258251,6.01487314788355,22.2848122072066,29.3522385947903,67.4131170290148,23.9738629411934,0.0678308424955724,-0.440702422992004,2.68335022246054
"OPI-LD",-2.02976891027604,1.60422600901317,56.7277160086498,3.21025718871455,11.9242021060353,35.5928903541236,-3.20493635275223,-8.47167512330663,1.21532153216261,9.38811446270582,32.9132009635348,5.03962427887636,17.4439852575119,7.70358985809119,5.59892110361361,-0.072389829343168,29.7875421563026,-5.20837143117619,12.9858621797539,16.730134901176,37.1990111181017,38.8934888692732,29.6757819678478,-1.42737192073052,-0.46615203327106,4.29845093399742,27.6532798234085,2.91916707467431,29.6977243346317,52.6904668198808,23.9738629411934,68.5545515457019,-1.78606761783833,-0.0371804633480538,-6.47046585723181
"PT-AS",-0.132880763937481,5.37351886209598,12.213300770525,0.147382004876157,-1.0290381379153,10.6896472657105,-3.14719266739071,-1.12529550899978,-0.0192377827878354,10.7210049748315,11.2551839993697,-4.20258562124663,-2.40587414768879,4.89915209334277,7.04090084242742,5.29526782517667,3.90756180910324,5.31774309770331,2.53369352423071,9.73538633418791,-4.18631258414648,-1.9224938845842,-3.27132922042184,-6.26767262511264,2.03170390902951,-2.21730522078032,0.602237892684668,5.22516089457658,2.65499357854248,-1.91525203678716,0.0678308424955724,-1.78606761783833,22.4749385101347,3.22831206609374,1.87236812119837
"JP-AS",1.43317923363394,3.15541315806993,3.77257170370816,-2.65187290261515,-1.34500450289093,-1.99454612885615,-1.0676758026365,2.02232606882614,0.396912706170707,-4.45711949139787,0.768632450019974,0.837937289689354,2.45055423236477,0.950732909011238,-0.58020506591114,4.54161083999944,4.06474045833992,2.27348221253579,-0.592412118172885,0.375087032208715,-0.011004570942375,-1.05191690530963,5.1660039323176,-2.98066298078779,-0.575033729673443,2.4529466089381,-1.5159084544152,5.324987724079,3.16537367355209,-12.0955127240271,-0.440702422992004,-0.0371804633480538,3.22831206609374,26.4324037495524,0.935745232893551
"BA-OPI",-2.8295197991049,0.0181925193004236,-2.06417770001415,-0.223592849209481,-0.341088218520351,-1.50006306617821,-0.628846263817221,-1.07636908324957,-1.98729438416086,0.486748578945259,-0.265855530982037,-13.5316422639796,-18.8855132643157,0.0896538809887369,2.49044558851466,-3.03719336599959,-2.66503696663064,-0.256698631038238,2.11509718485586,-2.39782375260315,-4.27709570577368,-3.7301992943415,-1.15063675106745,0.679283101791336,-0.429195443226942,0.777172554771356,0.846817932221827,0.623041486917238,-0.427562354652998,-0.794191834545852,2.68335022246054,-6.47046585723181,1.87236812119837,0.935745232893551,16.0601686115546
