"","IS-PM","IS-NLE","IS-PNS","PM-ZS","PM-ZI","PM-MT","NLE-NON","NLE-ZS","NLE-ZI","NON-BR","NON-PNS","BR-PT","BR-APET","PT-APET","PT-BA","PT-EAM","PT-ZYGI","PT-TSP","ZS-ZI","ZI-MT","ZI-ZYGI","ZI-TSP","MT-PNS","PNS-APET","APET-BA","APET-TS","BA-EAM","EAM-ZYGI","ZYGI-TSP","LD-AS","BR-LD","OPI-LD","PT-AS","JP-AS","BA-OPI"
"IS-PM",3.00492970084235,5.23072332639148,7.49188219800587,1.54975803960203,3.13052421112648,3.24746111182893,3.45650328086293,1.52114077749948,4.75005138330139,2.66734210232876,4.02987732665408,2.49036764833553,2.66383551618851,0.633149905598354,2.17544374391427,0.843186814630499,2.39002981781338,-0.172809709285497,3.28947523358339,1.28122289202054,2.26601108693083,3.15702317759204,2.01161726036211,0.536063236176847,2.16608769966075,-0.500101058163006,1.74007384385986,1.64157962719854,2.60626707009659,1.78842329168677,0.719207997162771,3.422697967222,1.80229339751084,1.23041240017947,-0.124812242315254
"IS-NLE",5.23072332639148,26.0099655640664,26.9360793807657,13.2111975051423,18.4469696982998,18.3013642111369,3.36400860995042,7.75347977557478,15.7556854124607,14.4295069765254,16.7690480754495,7.33892947719962,8.40880611605627,2.24621261455197,9.97297604939399,2.29941347086585,10.6889973977729,0.260131905340556,10.89375054917,5.70411776547613,6.58502024105475,12.3776352096492,7.62794690966983,8.26322221814327,8.08106202697475,-1.32566024078254,10.0479539241338,8.72184888056093,11.1493152590231,7.18197938205398,-1.15913364585625,13.8088463026224,5.96800867485802,-1.38385138746757,-2.0550559064239
"IS-PNS",7.49188219800587,26.9360793807657,46.6350169439836,17.9865504680526,24.8799948054017,27.6944837706644,8.5998034924228,8.56002274977197,21.6489470232069,18.1881172393125,23.8422582469758,6.37611614301436,10.2680471964601,3.89010710431421,13.6374166308665,5.47114891235922,15.4311754091368,3.41307053858588,16.1765579466147,5.79631621729851,10.4150931887813,19.6267862922172,13.3019730703892,4.91013444153721,11.464489429156,-1.17891174750001,13.579415439203,12.0427114415178,15.6458354978966,8.34261368783293,-0.891185194522747,16.2197067662108,7.13530858649862,2.47294358776171,-1.41709826362761
"PM-ZS",1.54975803960203,13.2111975051423,17.9865504680526,15.7673434010489,15.6801984497118,15.4479472594912,5.06517310338516,9.89083987361299,10.3958999640289,8.8607251456864,8.8331695918898,3.76279889843206,4.93029368688008,0.945520340287722,5.20752202229505,2.12723862819772,7.50092193500802,2.14544708311264,2.90362265901768,2.44639250114367,3.07740655739711,7.31795764694866,4.79597774956602,6.16398736749717,3.56533696101705,-0.29490609345672,6.36472332899007,5.73065091350073,7.8354450757853,5.10506883395152,-2.14474595537633,9.76251864332247,2.34780543856612,0.167788937699131,-1.74796775933198
"PM-ZI",3.13052421112648,18.4469696982998,24.8799948054017,15.6801984497118,23.3836795369561,20.6424608792218,6.26069412203013,8.80903261820658,17.0480408371758,11.6341234729993,13.6316878939451,4.21674695511251,6.71738582349669,2.32068597914643,7.74327680805665,3.64898672339416,10.312281652642,2.55945182833426,10.8959751787562,5.21598606525156,1.48517333684618,8.7087207324279,6.63120811803228,8.39675178713363,5.26319464072035,-0.188613583990783,8.84840685116336,7.53396019624396,10.6090061754422,5.43743039926677,-2.36543594265197,12.4281116022072,3.99791383251379,2.46814653219282,-0.43286167807216
"PM-MT",3.24746111182893,18.3013642111369,27.6944837706644,15.4479472594912,20.6424608792218,22.8372249883597,4.6076819510988,7.44698453372307,15.2134586085565,12.8308637594568,14.8683059785411,2.78044196178449,6.28785075912322,2.41960426434094,7.93638561429602,4.77087687239025,11.2205081242957,3.9225292561206,11.018737505125,3.13367063823557,5.14800656821427,11.5426953632299,6.66496452060418,7.39138115167121,5.82781572173941,-0.465411833965112,8.92627443132334,7.53243705333466,10.4297150871903,5.24536555653011,-2.13547611115647,12.3753847941335,5.0780643103433,3.25338867341005,-1.11024921723971
"NLE-NON",3.45650328086293,3.36400860995042,8.5998034924228,5.06517310338516,6.26069412203013,4.6076819510988,26.1222512686724,7.63530988412209,10.4234780987129,-12.1146666690719,-1.3419891060998,2.75377500137982,4.09721746854895,0.934657690830885,1.47712754867548,1.70479878632294,4.64729362256106,1.36388230317887,2.24752963814426,2.14907191867583,2.66202122190753,5.22420187245485,1.77680870375947,1.63664852700957,1.4354155569353,0.513164393336094,-0.013017277499374,3.78281799330209,4.92059722960402,3.02083236125819,1.81616939700992,2.0526159398406,0.120993038249748,3.74325889368517,-0.679844284582717
"NLE-ZS",1.52114077749948,7.75347977557478,8.56002274977197,9.89083987361299,8.80903261820658,7.44698453372307,7.63530988412209,11.551242487992,8.36370507300182,2.22034610443859,3.37088403178438,3.1741687234487,4.02596225962968,0.731759060458283,2.95172643789703,1.61624194516172,4.57511257742073,1.43591384842006,-1.61116759092386,1.47806769995871,0.668014996235534,2.85038647561223,2.21248088245743,2.96586063821609,2.36300015890012,0.0468184584263238,3.52946761624641,2.68029812181383,5.09683116080126,4.37870872550553,-0.773533727267358,5.94850860057371,1.32453310839857,-0.732326004146018,-1.09141570646441
"NLE-ZI",4.75005138330139,15.7556854124607,21.6489470232069,10.3958999640289,17.0480408371758,15.2134586085565,10.4234780987129,8.36370507300182,17.9652000162234,8.48449774562786,12.8651854854409,4.54682942459253,6.78765095238289,2.02752734024819,6.80291979535088,3.9084599509049,10.5199536246986,1.49868730536906,11.2082282456829,4.34597447714859,3.51896822920386,8.36554696267897,6.16293966258752,5.29681683159154,5.35417585118356,-1.02623626965744,6.6308287513237,6.59821940467483,10.0835567267177,5.69075918301057,-1.36303843883196,10.9852225287709,4.09587193118532,2.38969663861637,-0.226643125766194
"NON-BR",2.66734210232876,14.4295069765254,18.1881172393125,8.8607251456864,11.6341234729993,12.8308637594568,-12.1146666690719,2.22034610443859,8.48449774562786,29.7072391713318,16.5657057361947,5.1986403897265,4.65329522159562,0.527087146129346,4.41745929259264,2.36605020491655,8.5365227085135,0.215973962782666,8.78542979584807,2.21664718483112,5.24087745766769,8.49212142603422,6.00599887641641,4.47641441942331,3.9972537551045,-3.16870568843159,6.48235583179543,5.46805908577176,7.8818518444599,3.91311972112291,-6.95113022745787,10.9050473499154,5.64584013569729,-0.0712219225626169,-0.0124190072364875
"NON-PNS",4.02987732665408,16.7690480754495,23.8422582469758,8.8331695918898,13.6316878939451,14.8683059785411,-1.3419891060998,3.37088403178438,12.8651854854409,16.5657057361947,20.1749657022423,4.47035614931556,6.06720617865995,1.8635725424345,7.98961127561568,2.8675535343623,10.0908906546538,0.47999610859479,12.0144057997634,4.33557806801887,5.20344323802022,10.2499220719996,7.23870728244037,2.90761047976431,7.18381940067214,-1.61527497060892,8.48261933549771,7.79461015779364,9.81411083457775,5.51937618279104,-2.23570194115983,10.0034629255727,4.52280077301913,-0.910119634255327,-0.734536714213816
"BR-PT",2.49036764833553,7.33892947719962,6.37611614301436,3.76279889843206,4.21674695511251,2.78044196178449,2.75377500137982,3.1741687234487,4.54682942459253,5.1986403897265,4.47035614931556,10.710161612291,6.87522776688272,1.15248779763827,4.15917826492959,-2.48547512904592,-0.915027085401098,-3.66566637927419,2.07916647138911,2.17884245771526,0.763399166622551,0.139254884380956,2.67266666755953,1.7979670197297,2.19100595342747,0.109572682976883,3.08582080916512,2.65680695076322,1.42083961494601,5.26572583648805,-0.178229473606394,7.30152871507092,2.57145945415419,-0.913275732646102,-0.698394128295495
"BR-APET",2.66383551618851,8.40880611605627,10.2680471964601,4.93029368688008,6.71738582349669,6.28785075912322,4.09721746854895,4.02596225962968,6.78765095238289,4.65329522159562,6.06720617865995,6.87522776688272,7.89688666953077,2.71965573868479,6.01746029390461,0.881432891452267,3.49010723567499,-0.0737961541697759,4.04482553634671,2.53309354708135,2.24153036631877,3.28065805751569,3.27764866058613,1.53496864651221,4.88786422761648,0.126191505473461,5.29545763925119,2.88837407151089,4.27042648654461,4.85101599269638,1.01438436564232,6.75641621092853,3.95500825834554,0.896120586998625,0.0191370902947257
"PT-APET",0.633149905598354,2.24621261455197,3.89010710431421,0.945520340287722,2.32068597914643,2.41960426434094,0.934657690830885,0.731759060458283,2.02752734024819,0.527087146129346,1.8635725424345,1.15248779763827,2.71965573868479,5.22849837223038,5.25672359403096,0.255936369300782,0.216395336657289,0.54419281834851,2.25341986103484,0.91443983722985,-0.292420376417454,1.11176343623943,1.40609979998354,2.2090918694956,1.54117097646881,1.73108283017331,3.43028228354734,1.81740465165908,1.11582681051865,1.3388547838231,-1.10117375180536,1.84814305161706,1.84570824394384,-1.03783548175953,0.0760520335738217
"PT-BA",2.17544374391427,9.97297604939399,13.6374166308665,5.20752202229505,7.74327680805665,7.93638561429602,1.47712754867548,2.95172643789703,6.80291979535088,4.41745929259264,7.98961127561568,4.15917826492959,6.01746029390461,5.25672359403096,10.8471445304417,0.581401745932979,3.38227568953227,0.482251108728547,5.50299581764109,2.49564787195276,1.85855634510259,4.67021056641495,4.63768941227102,3.431813965367,7.24815707223378,0.512305888094479,9.06236135924198,4.78470837023173,4.3449195686921,4.82798771154631,-0.339113119854005,6.52473431746138,3.88675313331267,-2.12852047969063,-0.696669061026769
"PT-EAM",0.843186814630499,2.29941347086585,5.47114891235922,2.12723862819772,3.64898672339416,4.77087687239025,1.70479878632294,1.61624194516172,3.9084599509049,2.36605020491655,2.8675535343623,-2.48547512904592,0.881432891452267,0.255936369300782,0.581401745932979,5.23130214412192,5.13579098081856,3.59189131552046,2.85756199801794,0.428882625270875,2.09329097488043,2.5966558586128,0.891132236389807,0.473503649136295,0.861819198255529,-0.404903864490936,0.513107570233814,0.637531541515585,1.95424873312869,0.396043311524746,0.0371426568585596,1.62867905412918,2.95234681491239,3.34782917322522,1.67277753877543
"PT-ZYGI",2.39002981781338,10.6889973977729,15.4311754091368,7.50092193500802,10.312281652642,11.2205081242957,4.64729362256106,4.57511257742073,10.5199536246986,8.5365227085135,10.0908906546538,-0.915027085401098,3.49010723567499,0.216395336657289,3.38227568953227,5.13579098081856,13.6629237378275,3.86028334368815,7.58160899392733,3.36120939461098,4.43464400866299,9.56688723389442,4.6065423149074,1.64044188336714,4.92874755331267,-1.46124255385484,5.45764474295229,5.82059738032659,11.101799472389,3.37600387255737,-1.53299241056573,5.93894925998061,2.85675865347011,1.96584087207021,-0.795476472091516
"PT-TSP",-0.172809709285497,0.260131905340556,3.41307053858588,2.14544708311264,2.55945182833426,3.9225292561206,1.36388230317887,1.43591384842006,1.49868730536906,0.215973962782666,0.47999610859479,-3.66566637927419,-0.0737961541697759,0.54419281834851,0.482251108728547,3.59189131552046,3.86028334368815,6.54721457619619,0.530699849384164,-0.359630405164088,1.06449247864202,3.57361662480482,0.472988944900845,0.221451159874238,0.43982122032136,-0.213044335388961,-0.013369313952624,0.447175389650537,1.77579024250521,-0.487330572214017,0.393827327334637,0.295465253118493,1.01966891954133,3.91783037139854,1.5643458031453
"ZS-ZI",3.28947523358339,10.89375054917,16.1765579466147,2.90362265901768,10.8959751787562,11.018737505125,2.24752963814426,-1.61116759092386,11.2082282456829,8.78542979584807,12.0144057997634,2.07916647138911,4.04482553634671,2.25341986103484,5.50299581764109,2.85756199801794,7.58160899392733,0.530699849384164,14.4971968508647,2.94986870697489,3.68821671199134,6.92543876330769,4.78754815899291,3.74106667455864,4.15434122426732,-0.894852293279733,4.92580034959321,5.10749845978813,6.62157376557974,2.48554026192788,-2.99293585594894,7.0551398719632,3.85637282194505,2.53736521485215,1.07274930782122
"ZI-MT",1.28122289202054,5.70411776547613,5.79631621729851,2.44639250114367,5.21598606525156,3.13367063823557,2.14907191867583,1.47806769995871,4.34597447714859,2.21664718483112,4.33557806801887,2.17884245771526,2.53309354708135,0.91443983722985,2.49564787195276,0.428882625270875,3.36120939461098,-0.359630405164088,2.94986870697489,4.68214592598975,-1.35429798960035,2.36133314903377,1.72730727778982,0.895431591552578,2.11292393353619,0.522727622878592,2.9709412722311,3.67043275820265,4.4056679862649,2.13020086069047,0.0515096531350781,1.97901607587856,1.13353855892791,-0.461503055272643,-0.278737575931079
"ZI-ZYGI",2.26601108693083,6.58502024105475,10.4150931887813,3.07740655739711,1.48517333684618,5.14800656821427,2.66202122190753,0.668014996235534,3.51896822920386,5.24087745766769,5.20344323802022,0.763399166622551,2.24153036631877,-0.292420376417454,1.85855634510259,2.09329097488043,4.43464400866299,1.06449247864202,3.68821671199134,-1.35429798960035,10.8708802846755,7.61698629949462,2.79628854263879,0.90874868200689,3.20313720910102,-2.16522590095996,1.20891442088433,0.488611739423327,2.5308047561284,2.36739702979361,-0.596291844084822,4.47114322413211,2.61286697788096,0.701369321728688,0.729388921887615
"ZI-TSP",3.15702317759204,12.3776352096492,19.6267862922172,7.31795764694866,8.7087207324279,11.5426953632299,5.22420187245485,2.85038647561223,8.36554696267897,8.49212142603422,10.2499220719996,0.139254884380956,3.28065805751569,1.11176343623943,4.67021056641495,2.5966558586128,9.56688723389442,3.57361662480482,6.92543876330769,2.36133314903377,7.61698629949462,14.4212243975997,5.51681967004328,2.70063417376256,5.59109372173947,-1.89793645450152,5.13603607107022,6.57399398652025,9.50817533952687,2.46594301858106,-0.773073160885896,4.6697805600285,2.54575786902523,1.19595789858786,-1.14824294300069
"MT-PNS",2.01161726036211,7.62794690966983,13.3019730703892,4.79597774956602,6.63120811803228,6.66496452060418,1.77680870375947,2.21248088245743,6.16293966258752,6.00599887641641,7.23870728244037,2.67266666755953,3.27764866058613,1.40609979998354,4.63768941227102,0.891132236389807,4.6065423149074,0.472988944900845,4.78754815899291,1.72730727778982,2.79628854263879,5.51681967004328,5.37899384684347,0.66389528507238,3.69118799372288,-0.574096416364171,4.19890274605951,3.96361589945168,4.90635456107994,2.32625164624132,-0.521128074805887,4.91065579075863,1.84047594586711,-0.491677575908518,-0.814747207164353
"PNS-APET",0.536063236176847,8.26322221814327,4.91013444153721,6.16398736749717,8.39675178713363,7.39138115167121,1.63664852700957,2.96586063821609,5.29681683159154,4.47641441942331,2.90761047976431,1.7979670197297,1.53496864651221,2.2090918694956,3.431813965367,0.473503649136295,1.64044188336714,0.221451159874238,3.74106667455864,0.895431591552578,0.90874868200689,2.70063417376256,0.66389528507238,9.49190243947397,-0.439441186941083,-0.026934954574979,2.8167595053406,2.98800867266567,1.56590822963944,2.31634534516431,-3.24445325691684,5.9976318852706,2.26075665838685,-0.173457154561512,-0.221731768402869
"APET-BA",2.16608769966075,8.08106202697475,11.464489429156,3.56533696101705,5.26319464072035,5.82781572173941,1.4354155569353,2.36300015890012,5.35417585118356,3.9972537551045,7.18381940067214,2.19100595342747,4.88786422761648,1.54117097646881,7.24815707223378,0.861819198255529,4.92874755331267,0.43982122032136,4.15434122426732,2.11292393353619,3.20313720910102,5.59109372173947,3.69118799372288,-0.439441186941083,9.49766070277967,-1.49129826741528,7.58896333764405,3.43222808168191,5.47706552725625,3.00162771490869,0.397901221326895,2.71409931223565,2.96583012079554,-1.00541484036634,-1.20942022709578
"APET-TS",-0.500101058163006,-1.32566024078254,-1.17891174750001,-0.29490609345672,-0.188613583990783,-0.465411833965112,0.513164393336094,0.0468184584263238,-1.02623626965744,-3.16870568843159,-1.61527497060892,0.109572682976883,0.126191505473461,1.73108283017331,0.512305888094479,-0.404903864490936,-1.46124255385484,-0.213044335388961,-0.894852293279733,0.522727622878592,-2.16522590095996,-1.89793645450152,-0.574096416364171,-0.026934954574979,-1.49129826741528,3.35654617412463,0.243081793964303,-0.369257544029457,-1.1423612620142,0.0567118318878101,1.20935001915048,-0.461570752598507,0.110105709210502,0.584119698134635,-0.0849682411307533
"BA-EAM",1.74007384385986,10.0479539241338,13.579415439203,6.36472332899007,8.84840685116336,8.92627443132334,-0.013017277499374,3.52946761624641,6.6308287513237,6.48235583179543,8.48261933549771,3.08582080916512,5.29545763925119,3.43028228354734,9.06236135924198,0.513107570233814,5.45764474295229,-0.013369313952624,4.92580034959321,2.9709412722311,1.20891442088433,5.13603607107022,4.19890274605951,2.8167595053406,7.58896333764405,0.243081793964303,10.6082956240215,4.3714543881401,6.3781486441135,5.05606760530387,-0.517273130246384,6.04388993522864,2.92844449611052,-1.98392846715895,-0.905808913135345
"EAM-ZYGI",1.64157962719854,8.72184888056093,12.0427114415178,5.73065091350073,7.53396019624396,7.53243705333466,3.78281799330209,2.68029812181383,6.59821940467483,5.46805908577176,7.79461015779364,2.65680695076322,2.88837407151089,1.81740465165908,4.78470837023173,0.637531541515585,5.82059738032659,0.447175389650537,5.10749845978813,3.67043275820265,0.488611739423327,6.57399398652025,3.96361589945168,2.98800867266567,3.43222808168191,-0.369257544029457,4.3714543881401,7.88220623231654,6.77451357331364,2.92926002504965,-2.8005939444818,4.38805497723347,1.7191770593758,-1.28634430063301,-2.24998325898236
"ZYGI-TSP",2.60626707009659,11.1493152590231,15.6458354978966,7.8354450757853,10.6090061754422,10.4297150871903,4.92059722960402,5.09683116080126,10.0835567267177,7.8818518444599,9.81411083457775,1.42083961494601,4.27042648654461,1.11582681051865,4.3449195686921,1.95424873312869,11.101799472389,1.77579024250521,6.62157376557974,4.4056679862649,2.5308047561284,9.50817533952687,4.90635456107994,1.56590822963944,5.47706552725625,-1.1423612620142,6.3781486441135,6.77451357331364,12.156539945214,3.36057884185489,-1.6379160556461,4.96300859195479,1.31483328899155,-0.510178688560383,-2.25265184745551
"LD-AS",1.78842329168677,7.18197938205398,8.34261368783293,5.10506883395152,5.43743039926677,5.24536555653011,3.02083236125819,4.37870872550553,5.69075918301057,3.91311972112291,5.51937618279104,5.26572583648805,4.85101599269638,1.3388547838231,4.82798771154631,0.396043311524746,3.37600387255737,-0.487330572214017,2.48554026192788,2.13020086069047,2.36739702979361,2.46594301858106,2.32625164624132,2.31634534516431,3.00162771490869,0.0567118318878101,5.05606760530387,2.92926002504965,3.36057884185489,7.18277229618157,-0.881359033018571,8.32665723875794,1.67555847390878,-1.14167912883869,0.934676872533628
"BR-LD",0.719207997162771,-1.15913364585625,-0.891185194522747,-2.14474595537633,-2.36543594265197,-2.13547611115647,1.81616939700992,-0.773533727267358,-1.36303843883196,-6.95113022745787,-2.23570194115983,-0.178229473606394,1.01438436564232,-1.10117375180536,-0.339113119854005,0.0371426568585596,-1.53299241056573,0.393827327334637,-2.99293585594894,0.0515096531350781,-0.596291844084822,-0.773073160885896,-0.521128074805887,-3.24445325691684,0.397901221326895,1.20935001915048,-0.517273130246384,-2.8005939444818,-1.6379160556461,-0.881359033018571,14.265342609253,-2.28604512991076,-1.03340706815223,1.25642120396051,-1.51271923715041
"OPI-LD",3.422697967222,13.8088463026224,16.2197067662108,9.76251864332247,12.4281116022072,12.3753847941335,2.0526159398406,5.94850860057371,10.9852225287709,10.9050473499154,10.0034629255727,7.30152871507092,6.75641621092853,1.84814305161706,6.52473431746138,1.62867905412918,5.93894925998061,0.295465253118493,7.0551398719632,1.97901607587856,4.47114322413211,4.6697805600285,4.91065579075863,5.9976318852706,2.71409931223565,-0.461570752598507,6.04388993522864,4.38805497723347,4.96300859195479,8.32665723875794,-2.28604512991076,17.8604605856893,3.94521245755804,1.29142699535523,0.122672072465563
"PT-AS",1.80229339751084,5.96800867485802,7.13530858649862,2.34780543856612,3.99791383251379,5.0780643103433,0.120993038249748,1.32453310839857,4.09587193118532,5.64584013569729,4.52280077301913,2.57145945415419,3.95500825834554,1.84570824394384,3.88675313331267,2.95234681491239,2.85675865347011,1.01966891954133,3.85637282194505,1.13353855892791,2.61286697788096,2.54575786902523,1.84047594586711,2.26075665838685,2.96583012079554,0.110105709210502,2.92844449611052,1.7191770593758,1.31483328899155,1.67555847390878,-1.03340706815223,3.94521245755804,7.00808729351915,3.85087199178745,1.33077528011011
"JP-AS",1.23041240017947,-1.38385138746757,2.47294358776171,0.167788937699131,2.46814653219282,3.25338867341005,3.74325889368517,-0.732326004146018,2.38969663861637,-0.0712219225626169,-0.910119634255327,-0.913275732646102,0.896120586998625,-1.03783548175953,-2.12852047969063,3.34782917322522,1.96584087207021,3.91783037139854,2.53736521485215,-0.461503055272643,0.701369321728688,1.19595789858786,-0.491677575908518,-0.173457154561512,-1.00541484036634,0.584119698134635,-1.98392846715895,-1.28634430063301,-0.510178688560383,-1.14167912883869,1.25642120396051,1.29142699535523,3.85087199178745,11.982711125444,2.94469359773917
"BA-OPI",-0.124812242315254,-2.0550559064239,-1.41709826362761,-1.74796775933198,-0.43286167807216,-1.11024921723971,-0.679844284582717,-1.09141570646441,-0.226643125766194,-0.0124190072364875,-0.734536714213816,-0.698394128295495,0.0191370902947257,0.0760520335738217,-0.696669061026769,1.67277753877543,-0.795476472091516,1.5643458031453,1.07274930782122,-0.278737575931079,0.729388921887615,-1.14824294300069,-0.814747207164353,-0.221731768402869,-1.20942022709578,-0.0849682411307533,-0.905808913135345,-2.24998325898236,-2.25265184745551,0.934676872533628,-1.51271923715041,0.122672072465563,1.33077528011011,2.94469359773917,6.02541691573955
