"","IS-PM","IS-NLE","IS-PNS","PM-ZS","PM-ZI","PM-MT","NLE-NON","NLE-ZS","NLE-ZI","NON-BR","NON-PNS","BR-PT","BR-APET","PT-APET","PT-BA","PT-EAM","PT-ZYGI","PT-TSP","ZS-ZI","ZI-MT","ZI-ZYGI","ZI-TSP","MT-PNS","PNS-APET","APET-BA","APET-TS","BA-EAM","EAM-ZYGI","ZYGI-TSP","LD-AS","BR-LD","OPI-LD","PT-AS","JP-AS","BA-OPI"
"IS-PM",6.83608156950902,11.7595130734171,18.5496711882902,11.4748382950823,9.92925166333487,9.82114277344986,9.99974761863819,8.62124691831779,12.3754004807368,10.0020487912733,10.055685610231,4.43503378142746,8.6234818667331,3.31136817622917,9.31009580580192,4.96037631159939,11.1253570246439,0.64554522241798,6.30588563935815,3.66491826437519,13.1883922858644,15.0895243001775,4.73358570438279,9.58349752181668,7.88103286180972,2.3306384261692,6.85739765605642,9.61083366542605,11.3079926740501,2.73285926224825,11.5340216547078,3.06588968205768,9.10633430922756,5.73365469937146,1.79147969628615
"IS-NLE",11.7595130734171,29.0919988546809,34.344479594213,23.1139174837958,20.7607571704683,19.1756986832436,15.850374814709,15.4465319112914,24.2657089463107,24.1224263310322,21.0113567975683,9.43460709721704,18.3840108574151,7.28857116121305,20.2016931678224,11.2368212994855,25.6332250728876,1.6502271284095,12.5428898791832,7.79509516519897,24.6616482550567,29.4190769856484,6.20779916352997,18.9635246417644,17.8079535225295,6.5795388891966,13.7673658355158,20.9649327933024,25.7681731774699,4.09716876427222,28.8654862266014,3.38261626223944,20.1617492014398,11.6687816758355,1.4550649884954
"IS-PNS",18.5496711882902,34.344479594213,87.6250531389484,43.7411963079119,40.3014056660173,41.4837239250296,44.0279590889702,36.1604438707893,45.5133737906624,38.0392790781288,46.603015886753,14.6421322812899,26.8452836498836,11.4400589916176,36.3933100433827,20.9417074767549,40.5943590488975,2.57001167147405,18.6043040609148,10.3469420640636,51.466128803588,55.6009436570189,25.412029135178,15.3577924450664,33.1621906450092,4.4182348487712,22.6053996601414,34.5792148764412,39.7601427749764,5.49986008711078,37.1357045376958,10.4843239150391,37.0518258602654,25.7831962111774,6.76767702610862
"PM-ZS",11.4748382950823,23.1139174837958,43.7411963079119,29.6369115163297,23.9263496228577,23.9447050156064,27.1582250498954,22.7809490885329,27.990873114036,28.5140214401929,25.8223256023205,8.56249722661948,16.3949040175703,6.57755456971681,23.2270176187282,13.2139013911595,28.1423788396915,1.03892988822921,12.5371361539391,7.47100759022781,31.6309563754852,34.7463208986944,10.1671415276201,17.312299134802,21.7579850525055,5.61723800731569,15.429899381601,22.784526485129,28.1920538996006,2.05958408583299,29.7741397646105,1.85409006980747,24.949807596968,14.5165960175959,2.72762780183295
"PM-ZI",9.92925166333487,20.7607571704683,40.3014056660173,23.9263496228577,31.0669260646794,22.9466683678444,21.9044819168453,20.0771434891002,32.1387311688067,21.871705285381,23.4971504976652,10.1932491092848,19.841309815297,7.98454670437891,21.4849525041657,14.021795294525,22.8522353550662,2.65495851900213,14.2873996027331,10.9550474836551,17.8333220071639,22.2573847681352,9.78666150454175,12.9277634839602,17.1235411532246,2.46650875572547,11.5374104955185,16.3570655173324,21.0096577526741,5.229072982502,28.3280632978877,6.06956240700719,25.5705595582334,18.9439472355331,3.30406699120828
"PM-MT",9.82114277344986,19.1756986832436,41.4837239250296,23.9447050156064,22.9466683678444,22.8922750042954,22.9106140436383,19.3906430123794,25.0732718563818,23.8524656002584,23.4274268259036,7.76244505407276,14.5677955253581,6.03437541459131,18.6721610539918,10.8152100111184,23.3374402587437,1.16712353862007,10.4329980639502,6.54121861362056,26.4767377715702,30.1490046590348,10.8882823955467,13.3872946549204,17.3432175867032,3.56570223964517,12.2453064458717,19.3458231369722,23.2847460833115,3.58558686671499,19.9873542617167,4.38316470744106,19.5849278914134,13.5614466277911,3.12117843957315
"NLE-NON",9.99974761863819,15.850374814709,44.0279590889702,27.1582250498954,21.9044819168453,22.9106140436383,37.7837594050044,24.8135336666705,28.4853580126284,19.6386621083625,26.7247254477823,8.24362649960505,15.2768995735921,6.06656778892688,23.0369483146466,13.8132739599955,25.7176689925932,0.559460339171271,11.1901796505714,5.81383921145516,28.5479574295676,30.2910006464692,10.4856984948886,9.95039998902176,22.0801893621293,4.10622051403041,13.5778727975484,20.2099650832422,24.8952370558417,0.652719071681501,25.4907633135897,1.51171708053077,25.2711595220247,14.4977828350891,3.06715180177994
"NLE-ZS",8.62124691831779,15.4465319112914,36.1604438707893,22.7809490885329,20.0771434891002,19.3906430123794,24.8135336666705,22.5827594432396,25.5583595434369,22.5667071095803,20.5558769427784,5.50184927256972,9.84907638484141,4.12977295001498,17.8103939240985,10.0997085964738,20.6695076243172,0.354255331241275,7.91881934360869,6.28373267410176,23.3589428990075,25.0730601003601,9.3179614551307,9.47230777721429,17.7839972333069,2.70573768077393,11.5137486121901,16.3832016727264,20.2256475625841,1.90371006672113,19.6000376811288,2.65280596166715,19.2457776692415,11.5190540744991,2.57812999984518
"NLE-ZI",12.3754004807368,24.2657089463107,45.5133737906624,27.990873114036,32.1387311688067,25.0732718563818,28.4853580126284,25.5583595434369,38.286855720594,26.0551998864701,27.3433508403094,10.3886653750695,19.8683614246649,8.28961191758904,25.2236712900203,15.9374191310907,27.0281016594183,1.91471027052328,16.8338242138324,11.5566758725866,23.0623928311209,26.3493788725475,10.1797730461083,14.1883180446105,21.1394579337486,3.2712699165706,13.9439627437886,19.0525395855962,24.9014883989602,4.65972758617958,31.6518492134696,6.15041778015939,29.6463250782949,20.6977172747189,3.28391745458823
"NON-BR",10.0020487912733,24.1224263310322,38.0392790781288,28.5140214401929,21.871705285381,23.8524656002584,19.6386621083625,22.5667071095803,26.0551998864701,58.7668934148384,23.5430822540698,5.05600925405165,0.367149676232704,-0.625520004816288,15.3143650011529,5.54268916690393,25.2479885272937,0.0762789758689161,10.0694219571128,5.39287397428103,31.6557467795251,35.53785720481,7.31266889103479,19.4735872053574,21.2227487707201,4.83803757454007,15.1911779616236,19.0933867682922,26.5978080481508,6.16032682538723,-2.26194501852821,5.43108054970611,18.1398564261488,11.3997705806979,0.503241697672137
"NON-PNS",10.055685610231,21.0113567975683,46.603015886753,25.8223256023205,23.4971504976652,23.4274268259036,26.7247254477823,20.5558769427784,27.3433508403094,23.5430822540698,32.2953168174662,9.65966092552729,19.4399337149619,7.79549735561902,22.3805670667081,13.6272396066636,27.403582509087,1.51775948461058,12.2141795589219,6.74701734900297,28.1360291343339,32.0929044299899,11.7894838085994,9.02852280753723,21.410979243478,4.32020765788496,13.4048636345163,22.6761697297361,26.754649541237,1.06431358304939,26.6166147800925,1.97014055599065,22.5342095313104,16.7819508052016,3.5903770087122
"BR-PT",4.43503378142746,9.43460709721704,14.6421322812899,8.56249722661948,10.1932491092848,7.76244505407276,8.24362649960505,5.50184927256972,10.3886653750695,5.05600925405165,9.65966092552729,8.74549675390801,12.2685275136491,2.06390547385389,7.38184002587851,3.74140740246612,8.83136003959839,0.763612159041472,5.82479485329703,2.95706600135349,6.95663437914603,9.88089307361422,4.14540515374971,7.14302967723785,6.50288736101629,2.19753713843046,4.79664081903187,8.68875950056643,9.34898603443872,0.635186519499936,17.1074741979155,0.76723777128337,8.50465578940267,6.4891251667806,1.35870555329936
"BR-APET",8.6234818667331,18.3840108574151,26.8452836498836,16.3949040175703,19.841309815297,14.5677955253581,15.2768995735921,9.84907638484141,19.8683614246649,0.367149676232704,19.4399337149619,12.2685275136491,31.1059556682944,12.2337896053614,19.5954520066288,13.3490928898045,21.1202361422593,2.46106865845518,11.5805755085591,8.16623100007647,14.2787703247396,20.5702255727382,6.63764473681885,14.8523293059802,11.4586300690931,3.40014081472738,10.2888909520844,17.0198850159286,20.0689479162797,2.67082255563379,39.7898717424321,1.9286444505496,19.1405752191393,13.9405499266321,3.10016781018109
"PT-APET",3.31136817622917,7.28857116121305,11.4400589916176,6.57755456971681,7.98454670437891,6.03437541459131,6.06656778892688,4.12977295001498,8.28961191758904,-0.625520004816288,7.79549735561902,2.06390547385389,12.2337896053614,9.12872417877178,10.5358422022559,8.68617401390992,10.5420337673918,2.02920862200004,4.56218631418858,4.29396644580829,6.1762732036893,8.3472515394437,2.99079742427485,5.08608055323599,3.28451707759138,1.16756630933487,4.15636843680879,6.41875454386675,8.70441703516449,1.61981656181142,12.792837358344,2.15062812401673,10.2169408271396,7.76918174509504,1.38850835867578
"PT-BA",9.31009580580192,20.2016931678224,36.3933100433827,23.2270176187282,21.4849525041657,18.6721610539918,23.0369483146466,17.8103939240985,25.2236712900203,15.3143650011529,22.3805670667081,7.38184002587851,19.5954520066288,10.5358422022559,26.5819379851008,16.70442316602,25.6946051137491,2.87916084060414,11.8601018875061,7.79971031328141,22.4662604204488,24.1196644191025,8.37752555436729,12.4042102437176,19.3145560362731,4.72215156173818,14.0550901487006,18.3896026791087,23.4616424664675,3.07932463147447,31.0838635761894,3.48384372739492,28.0786762276754,14.6765117492305,1.926319493871
"PT-EAM",4.96037631159939,11.2368212994855,20.9417074767549,13.2139013911595,14.021795294525,10.8152100111184,13.8132739599955,10.0997085964738,15.9374191310907,5.54268916690393,13.6272396066636,3.74140740246612,13.3490928898045,8.68617401390992,16.70442316602,13.421763006721,15.6651030994061,3.24797342740263,8.11556902002396,5.98188525682414,10.8796745143246,11.1345613304227,4.17874859459281,5.19916279054721,9.64720322910427,2.47074903521979,6.28006746924716,9.48855724689102,12.6454351555503,1.14711775638634,21.7843897989885,1.37524933253301,19.2291111572068,11.0693151582412,1.58252570277912
"PT-ZYGI",11.1253570246439,25.6332250728876,40.5943590488975,28.1423788396915,22.8522353550662,23.3374402587437,25.7176689925932,20.6695076243172,27.0281016594183,25.2479885272937,27.403582509087,8.83136003959839,21.1202361422593,10.5420337673918,25.6946051137491,15.6651030994061,38.6412268891864,1.92617302728565,12.8832247371163,9.18523431340843,34.9249903822109,38.9890699301111,9.7240531978337,19.9538946449111,22.0027296719931,7.21783542967573,17.4512124668528,30.6650897726954,38.4306831129013,3.05598961324939,30.3605922858754,0.445846050676796,25.7429587005067,14.0679905586351,2.50682519754267
"PT-TSP",0.64554522241798,1.6502271284095,2.57001167147405,1.03892988822921,2.65495851900213,1.16712353862007,0.559460339171271,0.354255331241275,1.91471027052328,0.0762789758689161,1.51775948461058,0.763612159041472,2.46106865845518,2.02920862200004,2.87916084060414,3.24797342740263,1.92617302728565,4.27360416240074,1.16461164694892,1.26111217766006,0.0537771614123388,-0.408371441166171,0.57442088310891,0.150878783997439,0.336888416082478,0.524383176479179,0.35510821751346,-0.183782382146763,-0.233541707736953,0.426555679755594,4.05487895429145,0.35020174062182,3.53196473978551,2.42409557226123,0.370213455805186
"ZS-ZI",6.30588563935815,12.5428898791832,18.6043040609148,12.5371361539391,14.2873996027331,10.4329980639502,11.1901796505714,7.91881934360869,16.8338242138324,10.0694219571128,12.2141795589219,5.82479485329703,11.5805755085591,4.56218631418858,11.8601018875061,8.11556902002396,12.8832247371163,1.16461164694892,12.080809187397,5.31447581194115,9.85064901110045,11.1078128419497,2.5608856771288,9.14623841777035,8.54914126714179,2.1834667734049,5.92985463972594,8.49585168714582,11.5823027015509,1.55442065265222,19.2342783640175,1.77935829248823,15.0839486332554,11.1628949563998,1.38977519775897
"ZI-MT",3.66491826437519,7.79509516519897,10.3469420640636,7.47100759022781,10.9550474836551,6.54121861362056,5.81383921145516,6.28373267410176,11.5566758725866,5.39287397428103,6.74701734900297,2.95706600135349,8.16623100007647,4.29396644580829,7.79971031328141,5.98188525682414,9.18523431340843,1.26111217766006,5.31447581194115,6.86616387491187,3.9591378912941,6.48185688918668,2.43990644627466,5.10475231070671,5.00271078807158,1.02341431726923,4.30861043656573,6.45265991108071,8.41891419017007,4.02655415818928,8.56842204329067,3.83390239428702,8.80381601236198,6.6485923761334,1.05730058463791
"ZI-ZYGI",13.1883922858644,24.6616482550567,51.466128803588,31.6309563754852,17.8333220071639,26.4767377715702,28.5479574295676,23.3589428990075,23.0623928311209,31.6557467795251,28.1360291343339,6.95663437914603,14.2787703247396,6.1762732036893,22.4662604204488,10.8796745143246,34.9249903822109,0.0537771614123388,9.85064901110045,3.9591378912941,49.5883015122726,50.3049669712678,14.6044206444803,21.3192508671841,23.0946850569771,6.03417702003597,18.7498253059648,30.5836473063814,36.816052101939,2.64255388429184,21.8714125471312,2.63487122514238,21.2705701905808,10.8308223962627,3.47179193296757
"ZI-TSP",15.0895243001775,29.4190769856484,55.6009436570189,34.7463208986944,22.2573847681352,30.1490046590348,30.2910006464692,25.0730601003601,26.3493788725475,35.53785720481,32.0929044299899,9.88089307361422,20.5702255727382,8.3472515394437,24.1196644191025,11.1345613304227,38.9890699301111,-0.408371441166171,11.1078128419497,6.48185688918668,50.3049669712678,59.7300905911151,16.4856177649864,26.6264119061151,25.7084150183144,8.0132407024212,22.4288039975555,35.6547685884037,42.3990914718968,4.73297379665234,24.2579198483604,3.99304711450822,19.2455825084973,12.4124992358243,4.40355595092592
"MT-PNS",4.73358570438279,6.20779916352997,25.412029135178,10.1671415276201,9.78666150454175,10.8882823955467,10.4856984948886,9.3179614551307,10.1797730461083,7.31266889103479,11.7894838085994,4.14540515374971,6.63764473681885,2.99079742427485,8.37752555436729,4.17874859459281,9.7240531978337,0.57442088310891,2.5608856771288,2.43990644627466,14.6044206444803,16.4856177649864,11.2821668280442,1.99738047623447,7.3593368356028,0.395035349430252,6.4442880092135,9.68784124082548,10.2053031633433,2.89929774767799,4.22269188042063,4.90035844234623,7.2977816762555,6.25253667463659,3.07747653785746
"PNS-APET",9.58349752181668,18.9635246417644,15.3577924450664,17.312299134802,12.9277634839602,13.3872946549204,9.95039998902176,9.47230777721429,14.1883180446105,19.4735872053574,9.02852280753723,7.14302967723785,14.8523293059802,5.08608055323599,12.4042102437176,5.19916279054721,19.9538946449111,0.150878783997439,9.14623841777035,5.10475231070671,21.3192508671841,26.6264119061151,1.99738047623447,30.6176593503906,8.59953232161676,4.52380468247348,11.8982759497204,17.5478618681899,21.8577155066106,4.45908199746409,20.3617057884814,1.26707080605761,13.1924056420618,5.62344944513654,1.71205220729472
"APET-BA",7.88103286180972,17.8079535225295,33.1621906450092,21.7579850525055,17.1235411532246,17.3432175867032,22.0801893621293,17.7839972333069,21.1394579337486,21.2227487707201,21.410979243478,6.50288736101629,11.4586300690931,3.28451707759138,19.3145560362731,9.64720322910427,22.0027296719931,0.336888416082478,8.54914126714179,5.00271078807158,23.0946850569771,25.7084150183144,7.3593368356028,8.59953232161676,21.917904739812,5.53662318029781,13.5303485613986,18.73025159036,22.4346086141096,1.49859681321061,22.6145275592906,0.486808796910991,19.4613674239711,9.87921537859525,0.783117994780027
"APET-TS",2.3306384261692,6.5795388891966,4.4182348487712,5.61723800731569,2.46650875572547,3.56570223964517,4.10622051403041,2.70573768077393,3.2712699165706,4.83803757454007,4.32020765788496,2.19753713843046,3.40014081472738,1.16756630933487,4.72215156173818,2.47074903521979,7.21783542967573,0.524383176479179,2.1834667734049,1.02341431726923,6.03417702003597,8.0132407024212,0.395035349430252,4.52380468247348,5.53662318029781,5.91824981863504,3.88350439032189,6.7090801378821,7.91462874780759,-0.313776376058273,9.42137981557775,-1.95435666900776,4.15578204400044,0.805701132769936,-0.157482343383554
"BA-EAM",6.85739765605642,13.7673658355158,22.6053996601414,15.429899381601,11.5374104955185,12.2453064458717,13.5778727975484,11.5137486121901,13.9439627437886,15.1911779616236,13.4048636345163,4.79664081903187,10.2888909520844,4.15636843680879,14.0550901487006,6.28006746924716,17.4512124668528,0.35510821751346,5.92985463972594,4.30861043656573,18.7498253059648,22.4288039975555,6.4442880092135,11.8982759497204,13.5303485613986,3.88350439032189,11.961891618969,14.6167095641978,18.3563733864204,3.45274044623013,12.896386597348,2.73293052095409,12.693193565005,6.1116172805382,0.862266067033099
"EAM-ZYGI",9.61083366542605,20.9649327933024,34.5792148764412,22.784526485129,16.3570655173324,19.3458231369722,20.2099650832422,16.3832016727264,19.0525395855962,19.0933867682922,22.6761697297361,8.68875950056643,17.0198850159286,6.41875454386675,18.3896026791087,9.48855724689102,30.6650897726954,-0.183782382146763,8.49585168714582,6.45265991108071,30.5836473063814,35.6547685884037,9.68784124082548,17.5478618681899,18.73025159036,6.7090801378821,14.6167095641978,30.5235039580337,33.1457429843963,1.25352006188671,25.4412924651564,-1.45140410754548,16.9622718520466,9.91881080212065,2.94227118417786
"ZYGI-TSP",11.3079926740501,25.7681731774699,39.7601427749764,28.1920538996006,21.0096577526741,23.2847460833115,24.8952370558417,20.2256475625841,24.9014883989602,26.5978080481508,26.754649541237,9.34898603443872,20.0689479162797,8.70441703516449,23.4616424664675,12.6454351555503,38.4306831129013,-0.233541707736953,11.5823027015509,8.41891419017007,36.816052101939,42.3990914718968,10.2053031633433,21.8577155066106,22.4346086141096,7.91462874780759,18.3563733864204,33.1457429843963,40.4366604607657,3.01380219794931,27.7156821716493,-0.0264570555767443,22.3038482020954,11.9187985694712,2.35714746477442
"LD-AS",2.73285926224825,4.09716876427222,5.49986008711078,2.05958408583299,5.229072982502,3.58558686671499,0.652719071681501,1.90371006672113,4.65972758617958,6.16032682538723,1.06431358304939,0.635186519499936,2.67082255563379,1.61981656181142,3.07932463147447,1.14711775638634,3.05598961324939,0.426555679755594,1.55442065265222,4.02655415818928,2.64255388429184,4.73297379665234,2.89929774767799,4.45908199746409,1.49859681321061,-0.313776376058273,3.45274044623013,1.25352006188671,3.01380219794931,14.5342133963181,-15.6175412381485,13.611632163511,0.152738685414833,-4.99222567611179,0.927615989934497
"BR-LD",11.5340216547078,28.8654862266014,37.1357045376958,29.7741397646105,28.3280632978877,19.9873542617167,25.4907633135897,19.6000376811288,31.6518492134696,-2.26194501852821,26.6166147800925,17.1074741979155,39.7898717424321,12.792837358344,31.0838635761894,21.7843897989885,30.3605922858754,4.05487895429145,19.2342783640175,8.56842204329067,21.8714125471312,24.2579198483604,4.22269188042063,20.3617057884814,22.6145275592906,9.42137981557775,12.896386597348,25.4412924651564,27.7156821716493,-15.6175412381485,111.478592681936,-22.4138858833499,34.8453806342755,20.2676871427683,2.97567825670841
"OPI-LD",3.06588968205768,3.38261626223944,10.4843239150391,1.85409006980747,6.06956240700719,4.38316470744106,1.51171708053077,2.65280596166715,6.15041778015939,5.43108054970611,1.97014055599065,0.76723777128337,1.9286444505496,2.15062812401673,3.48384372739492,1.37524933253301,0.445846050676796,0.35020174062182,1.77935829248823,3.83390239428702,2.63487122514238,3.99304711450822,4.90035844234623,1.26707080605761,0.486808796910991,-1.95435666900776,2.73293052095409,-1.45140410754548,-0.0264570555767443,13.611632163511,-22.4138858833499,20.1372517397137,2.36604380725885,1.20842296005022,1.16434003100253
"PT-AS",9.10633430922756,20.1617492014398,37.0518258602654,24.949807596968,25.5705595582334,19.5849278914134,25.2711595220247,19.2457776692415,29.6463250782949,18.1398564261488,22.5342095313104,8.50465578940267,19.1405752191393,10.2169408271396,28.0786762276754,19.2291111572068,25.7429587005067,3.53196473978551,15.0839486332554,8.80381601236198,21.2705701905808,19.2455825084973,7.2977816762555,13.1924056420618,19.4613674239711,4.15578204400044,12.693193565005,16.9622718520466,22.3038482020954,0.152738685414833,34.8453806342755,2.36604380725885,40.976509627694,26.0481288900713,1.89764367765007
"JP-AS",5.73365469937146,11.6687816758355,25.7831962111774,14.5165960175959,18.9439472355331,13.5614466277911,14.4977828350891,11.5190540744991,20.6977172747189,11.3997705806979,16.7819508052016,6.4891251667806,13.9405499266321,7.76918174509504,14.6765117492305,11.0693151582412,14.0679905586351,2.42409557226123,11.1628949563998,6.6485923761334,10.8308223962627,12.4124992358243,6.25253667463659,5.62344944513654,9.87921537859525,0.805701132769936,6.1116172805382,9.91881080212065,11.9187985694712,-4.99222567611179,20.2676871427683,1.20842296005022,26.0481288900713,30.9750031444446,2.85947458756571
"BA-OPI",1.79147969628615,1.4550649884954,6.76767702610862,2.72762780183295,3.30406699120828,3.12117843957315,3.06715180177994,2.57812999984518,3.28391745458823,0.503241697672137,3.5903770087122,1.35870555329936,3.10016781018109,1.38850835867578,1.926319493871,1.58252570277912,2.50682519754267,0.370213455805186,1.38977519775897,1.05730058463791,3.47179193296757,4.40355595092592,3.07747653785746,1.71205220729472,0.783117994780027,-0.157482343383554,0.862266067033099,2.94227118417786,2.35714746477442,0.927615989934497,2.97567825670841,1.16434003100253,1.89764367765007,2.85947458756571,3.76854974185682
