"","IS-PM","IS-NLE","IS-PNS","PM-ZS","PM-ZI","PM-MT","NLE-NON","NLE-ZS","NLE-ZI","NON-BR","NON-PNS","BR-PT","BR-APET","PT-APET","PT-BA","PT-EAM","PT-ZYGI","PT-TSP","ZS-ZI","ZI-MT","ZI-ZYGI","ZI-TSP","MT-PNS","PNS-APET","APET-BA","APET-TS","BA-EAM","EAM-ZYGI","ZYGI-TSP","LD-AS","BR-LD","OPI-LD","PT-AS","JP-AS","BA-OPI"
"IS-PM",10.8804514991687,19.4428050894019,30.8154102336764,20.7859114267657,21.9366062121843,15.4366176892486,18.4685481625713,15.3970243139453,23.0774819563193,17.1121066605393,14.9208759976178,4.35530838823294,13.5919928465127,6.92984767562715,16.2558267084264,12.6887992458783,23.7498166784599,2.7913264316086,10.52809511105,8.96014275425376,16.6835298500613,27.163412964559,8.0613178345992,20.1587707099844,12.7359987803232,3.25503307764928,10.7156129058935,17.6467599609655,23.8818197686683,6.95833034271793,16.3607899196805,7.87164269104257,14.7505476123956,7.43403794315949,2.46873686367627
"IS-NLE",19.4428050894019,58.2646488608133,69.0525745391743,53.9219261582833,57.3813347928269,44.1254328157674,32.3316445999035,33.1741141920733,55.1161291455898,47.3510506942993,39.4745360723941,10.7114753609597,29.2250406462654,16.9004444744309,36.660066905818,27.1771033096177,53.3481029971754,4.79896798054729,26.9657973198328,19.0918618223635,36.0731550363563,62.1236139090712,16.1631734538886,51.5254050310677,26.3510347123411,5.08635756384572,23.4420211952006,37.8540217723203,54.4690068408381,14.503337391882,35.4795883635279,17.1232998146893,31.6333353079937,13.7236767377688,5.0205230604181
"IS-PNS",30.8154102336764,69.0525745391743,109.432023821399,73.0932086547222,79.7430714391909,59.7245507948056,57.1428242668874,52.6889595389531,81.6582727394323,64.0531779800273,57.8774619409779,13.6392000267941,45.6090038578951,25.1773988317022,53.8192451761818,42.1909165397998,80.1892350638248,8.25459914700765,37.1293584847003,29.5320954763656,52.961679390012,91.9678133901259,26.5430541948013,62.5793549014779,42.1993237445741,10.0429655616849,35.2118541887814,57.6863203049904,81.2147934182879,22.5014603420344,50.7546518959927,23.9987069564824,47.6486029344156,24.1878351506493,8.64037084754934
"PM-ZS",20.7859114267657,53.9219261582833,73.0932086547222,60.5429420655919,59.589348049595,47.210153830357,41.0661590242288,40.6509929462279,60.7201461886208,51.632674687884,44.509678954963,10.2114676041239,33.9036226493629,19.9263685939043,38.7506343636195,31.7210828980178,61.2029416914243,6.87425759453673,29.0783577109474,19.2115584240934,41.4677503977035,70.0649458605261,17.2079311055333,55.9933848472627,26.607569422261,6.50220379294281,23.9982001214763,43.0381477469996,61.6280869477086,13.7297337659189,40.7652512543293,16.599799341667,38.454058985875,17.5875052699181,4.65873977991645
"PM-ZI",21.9366062121843,57.3813347928269,79.7430714391909,59.589348049595,70.2426340849439,49.8459380861729,41.3069572440705,41.380556750521,69.1485738862287,49.5394694711852,41.4850206365931,13.457328638651,39.0231539463484,21.1726368392882,41.6274023933813,33.6356149165883,64.3529551684952,6.26317491115313,32.256770230136,24.9425651012734,37.6280022225777,67.736253454465,19.993411234508,53.5067969182751,30.7104090448695,7.56321770076638,27.9031195403819,45.5530514704264,65.458124246561,18.0218589688559,43.5241528655455,20.3268459556315,40.0306593211697,21.4659659399988,4.93772436582122
"PM-MT",15.4366176892486,44.1254328157674,59.7245507948056,47.210153830357,49.8459380861729,42.8282269489446,30.0982207473099,32.0756760013023,49.8355944579301,43.1172121840258,35.6175131191778,7.9382726771256,27.1585142503438,16.9670100991375,32.0790791864275,26.0712393075078,48.7911092087504,5.91331194815829,23.45848417351,14.0342107891818,32.6360957227795,55.9543207874849,12.6330614830256,44.6739365936144,21.8627848421721,4.55868010821907,19.6498869221015,33.6108176788496,48.9695409313885,10.9620878200077,32.4321545682766,11.9461415401591,30.1587687777155,14.7693029260427,5.19246207458047
"NLE-NON",18.4685481625713,32.3316445999035,57.1428242668874,41.0661590242288,41.3069572440705,30.0982207473099,48.5881724496538,33.4742755838291,47.3381480531257,28.8390431704691,31.0849790663044,9.17618819946987,28.8239322313282,14.7554301520992,30.5947343754015,25.187030533975,45.1601058419551,6.3374988274606,20.7862263101428,15.4184045121861,29.4391127144286,53.5519243911418,12.2804976101211,40.9704438097899,21.2938759667761,4.29389404483932,19.0416915309069,34.5668236760283,45.8791914836436,9.16320796466447,41.7267509966606,8.64301538465448,34.2494885234101,17.8097070440421,2.46325736016512
"NLE-ZS",15.3970243139453,33.1741141920733,52.6889595389531,40.6509929462279,41.380556750521,32.0756760013023,33.4742755838291,33.3100864918503,46.4861105367313,33.051657145589,29.2685368758546,7.00327698332976,27.7881279691101,16.0650424241698,28.5064603873945,24.8358550775475,44.9573551567728,4.68288701365586,18.4031457409967,14.3971831993223,29.5587529326921,51.6651327375053,12.2467299032974,37.5615217694773,19.9212438052514,5.54891497731455,17.772005286969,31.2602156022919,45.5778242138812,11.7936825790106,33.9371353879179,12.1009648961312,29.3720065288816,14.0350214201393,2.23163390652619
"NLE-ZI",23.0774819563193,55.1161291455898,81.6582727394323,60.7201461886208,69.1485738862287,49.8355944579301,47.3381480531257,46.4861105367313,75.3051743203921,48.8410630652156,42.11659223858,13.0417412592623,42.1133763864294,23.226100400914,43.5463167823806,35.9865545827793,68.8255679226199,7.44136091768397,33.8157891646387,25.2556715277832,41.3793878723789,73.5977042175304,20.7599472268385,53.7332739572498,31.5962750428745,8.55439086910683,28.8696601665861,48.5511851777026,69.5693477131168,17.8150569808485,51.3621002120087,17.1143796878847,44.8981087474971,23.3000559469193,6.17555526983683
"NON-BR",17.1121066605393,47.3510506942993,64.0531779800273,51.632674687884,49.5394694711852,43.1172121840258,28.8390431704691,33.051657145589,48.8410630652156,72.406810712712,40.3696209493626,7.50676220346517,23.2078508871223,16.6054937442299,32.8884936059972,27.5587285046498,56.2387954016662,5.09028110623646,26.12087737441,12.5398087388037,44.085979591337,71.9401681943643,14.9305486551346,53.8853158472624,22.8919484149196,6.26105076990369,20.8351346702688,36.6436118742597,56.80551615002,12.3270224295358,20.7870965194081,15.3655084474538,31.1671892474635,13.3347356540458,2.68926689646376
"NON-PNS",14.9208759976178,39.4745360723941,57.8774619409779,44.509678954963,41.4850206365931,35.6175131191778,31.0849790663044,29.2685368758546,42.11659223858,40.3696209493626,44.4232868676717,6.6981645032304,24.6737415508911,13.3445122444441,32.0291379892265,23.9386875039625,47.246475944019,4.43927911545343,20.2132724024983,13.1096608977938,33.1666133080167,54.236595624642,12.8415849526401,39.8344048925065,23.3907122431003,3.09828419585275,17.8677551414463,31.6211932811183,47.1239740812323,8.79453281837111,32.8280416482952,12.4896959391081,29.7923071333866,12.2766193943607,5.21887401106147
"BR-PT",4.35530838823294,10.7114753609597,13.6392000267941,10.2114676041239,13.457328638651,7.9382726771256,9.17618819946987,7.00327698332976,13.0417412592623,7.50676220346517,6.6981645032304,14.5945146334752,13.2471984488543,-2.29967372995457,4.92295133732048,0.773352882378613,7.34311406281545,0.13893564027274,7.74011728774512,5.39873202009439,9.49147280026685,8.18105481265641,2.96353974167941,12.60581337989,6.43400588731528,3.09859298826757,6.42919030136503,8.81413308837661,8.73323332452807,5.53622197554864,9.56632123477604,6.68965854986818,7.60855278614653,9.30182861448421,3.25994443315589
"BR-APET",13.5919928465127,29.2250406462654,45.6090038578951,33.9036226493629,39.0231539463484,27.1585142503438,28.8239322313282,27.7881279691101,42.1133763864294,23.2078508871223,24.6737415508911,13.2471984488543,32.63010903054,12.3708160520653,24.7018387641856,20.3016121778844,38.380555783941,3.33860519455954,17.3077614333848,15.6441598001044,26.7583025778419,42.9566275201596,11.2903031341671,32.7045752982251,20.5591199292181,6.06659734425476,18.3427421889549,27.2301985948804,39.8621459392927,14.1346488857036,32.7114594014066,14.9923284681972,24.4583914453407,17.8233342420312,5.31150043804643
"PT-APET",6.92984767562715,16.9004444744309,25.1773988317022,19.9263685939043,21.1726368392882,16.9670100991375,14.7554301520992,16.0650424241698,23.226100400914,16.6054937442299,13.3445122444441,-2.29967372995457,12.3708160520653,14.109454708626,18.0346351892198,16.823731408995,25.6012184092077,2.83318760456806,8.75807258752791,7.27416454805485,13.158460289373,28.4057636854191,6.63273348746686,17.9939641518166,10.6291089512817,2.2223296400378,10.3382329603639,15.6436481033314,25.4830319400323,5.49620662656814,13.5280877633349,5.78181879484319,14.0352615978557,5.02926323152574,0.795171255884154
"PT-BA",16.2558267084264,36.660066905818,53.8192451761818,38.7506343636195,41.6274023933813,32.0790791864275,30.5947343754015,28.5064603873945,43.5463167823806,32.8884936059972,32.0291379892265,4.92295133732048,24.7018387641856,18.0346351892198,40.6728040091839,29.4831435449146,48.0290035533781,4.72499137300734,19.570908296562,15.2492065242435,29.6038339300837,49.3879732060269,13.8426401692832,38.3934771337942,28.0078292125659,3.143809334861,23.0629599147493,32.1517907975808,48.2183265320975,13.2091633961094,30.6348512565031,17.5986277550598,32.4285479455404,10.1719237642222,3.8377936037614
"PT-EAM",12.6887992458783,27.1771033096177,42.1909165397998,31.7210828980178,33.6356149165883,26.0712393075078,25.187030533975,24.8358550775475,35.9865545827793,27.5587285046498,23.9386875039625,0.773352882378613,20.3016121778844,16.823731408995,29.4831435449146,25.4660420964063,40.0228621932464,4.20470897100475,14.7899472103399,11.5588994965827,23.0931072967041,42.9639909253407,10.938867377979,30.2998955358669,19.3634723280134,2.98423873592571,16.3917996947474,25.5036517913571,40.2112814340241,9.70642897808071,25.5127007390106,11.6134446019152,25.5141837617325,9.53009588975826,1.99047885958154
"PT-ZYGI",23.7498166784599,53.3481029971754,80.1892350638248,61.2029416914243,64.3529551684952,48.7911092087504,45.1601058419551,44.9573551567728,68.8255679226199,56.2387954016662,47.246475944019,7.34311406281545,38.380555783941,25.6012184092077,48.0290035533781,40.0228621932464,79.2617055881047,6.19637182778557,31.8316417565212,22.9109283425694,47.6899519692501,83.2878333848731,22.4356196580214,59.2969074309338,34.261266462943,6.45910788134999,29.2089315362082,53.1065457235328,79.6603582375788,16.9149337864247,44.5843064375638,20.4481635815136,41.012683455716,17.8282586226091,5.79465055497724
"PT-TSP",2.7913264316086,4.79896798054729,8.25459914700765,6.87425759453673,6.26317491115313,5.91331194815829,6.3374988274606,4.68288701365586,7.44136091768397,5.09028110623646,4.43927911545343,0.13893564027274,3.33860519455954,2.83318760456806,4.72499137300734,4.20470897100475,6.19637182778557,5.72736269857118,3.88276188625941,1.37495418795597,4.13998505862335,8.74792024904799,1.9411114409712,6.27127151978126,2.32020978270249,0.608381097323063,2.02006086665011,4.97629123691773,4.37613530843713,0.225233266746161,8.61559907878655,-1.73746787428631,7.48179894960898,1.0592969236687,0.695946104469231
"ZS-ZI",10.52809511105,26.9657973198328,37.1293584847003,29.0783577109474,32.256770230136,23.45848417351,20.7862263101428,18.4031457409967,33.8157891646387,26.12087737441,20.2132724024983,7.74011728774512,17.3077614333848,8.75807258752791,19.570908296562,14.7899472103399,31.8316417565212,3.88276188625941,19.9477622297067,10.9224022162179,20.2101258462145,33.2253792516022,9.9536956398631,26.2642402228996,14.7346469360595,3.55252118228385,13.9702527941472,22.9946493426885,32.0068101399872,6.14491343836752,20.2713248250324,6.68091232890523,20.260512506351,11.9678204362036,3.85080600771692
"ZI-MT",8.96014275425376,19.0918618223635,29.5320954763656,19.2115584240934,24.9425651012734,14.0342107891818,15.4184045121861,14.3971831993223,25.2556715277832,12.5398087388037,13.1096608977938,5.39873202009439,15.6441598001044,7.27416454805485,15.2492065242435,11.5588994965827,22.9109283425694,1.37495418795597,10.9224022162179,13.3038490265099,12.6160955358161,22.7008396901798,8.76632370960727,14.5035571969922,12.8774799361761,4.19855501275149,11.0193763158165,17.4581758738648,23.308005110653,9.08830927592187,13.5892695628374,10.5458321540653,13.07942843674,7.36273235271644,3.05238517985785
"ZI-ZYGI",16.6835298500613,36.0731550363563,52.961679390012,41.4677503977035,37.6280022225777,32.6360957227795,29.4391127144286,29.5587529326921,41.3793878723789,44.085979591337,33.1666133080167,9.49147280026685,26.7583025778419,13.158460289373,29.6038339300837,23.0931072967041,47.6899519692501,4.13998505862335,20.2101258462145,12.6160955358161,45.9220455353436,61.2018849739015,13.5318461156113,46.7543700238823,24.0324271258856,5.95856957252224,20.2807477867798,33.4498404095678,48.2782633073068,13.8997202672431,25.6336488522019,15.1036317429384,23.8183155668451,11.6584918664217,6.40075692224607
"ZI-TSP",27.163412964559,62.1236139090712,91.9678133901259,70.0649458605261,67.736253454465,55.9543207874849,53.5519243911418,51.6651327375053,73.5977042175304,71.9401681943643,54.236595624642,8.18105481265641,42.9566275201596,28.4057636854191,49.3879732060269,42.9639909253407,83.2878333848731,8.74792024904799,33.2253792516022,22.7008396901798,61.2018849739015,108.059146745175,22.2012867491536,74.1819504039245,36.9856463669914,7.6221204616594,31.2784894716655,56.5089547712042,84.8339157695142,18.9943258159187,51.4500203651555,20.0000809609923,40.1038720498606,17.2579466882862,5.02578335192677
"MT-PNS",8.0613178345992,16.1631734538886,26.5430541948013,17.2079311055333,19.993411234508,12.6330614830256,12.2804976101211,12.2467299032974,20.7599472268385,14.9305486551346,12.8415849526401,2.96353974167941,11.2903031341671,6.63273348746686,13.8426401692832,10.938867377979,22.4356196580214,1.9411114409712,9.9536956398631,8.76632370960727,13.5318461156113,22.2012867491536,9.79864145177817,13.0584199590686,11.4666880955182,3.89163871187957,10.0920257421588,16.6498752633233,22.4356319570716,6.10329506051117,10.1435886900835,6.57105102033343,11.094533040628,4.70211219646765,2.98580288451285
"PNS-APET",20.1587707099844,51.5254050310677,62.5793549014779,55.9933848472627,53.5067969182751,44.6739365936144,40.9704438097899,37.5615217694773,53.7332739572498,53.8853158472624,39.8344048925065,12.60581337989,32.7045752982251,17.9939641518166,38.3934771337942,30.2998955358669,59.2969074309338,6.27127151978126,26.2642402228996,14.5035571969922,46.7543700238823,74.1819504039245,13.0584199590686,71.4542221786304,24.9181741077041,2.30519535759298,23.5726612428935,42.0396110352788,60.6360466135821,13.5448645283112,41.6823102542699,18.2370639721021,35.2363148542475,14.6357920461347,1.25269769118249
"APET-BA",12.7359987803232,26.3510347123411,42.1993237445741,26.607569422261,30.7104090448695,21.8627848421721,21.2938759667761,19.9212438052514,31.5962750428745,22.8919484149196,23.3907122431003,6.43400588731528,20.5591199292181,10.6291089512817,28.0078292125659,19.3634723280134,34.261266462943,2.32020978270249,14.7346469360595,12.8774799361761,24.0324271258856,36.9856463669914,11.4666880955182,24.9181741077041,24.4458590756513,3.74148468160683,18.8722886808477,23.1884044155989,35.118405810861,13.1874933062499,20.7794500720839,15.4320056644244,18.278238784463,8.12880940727907,3.88870652991403
"APET-TS",3.25503307764928,5.08635756384572,10.0429655616849,6.50220379294281,7.56321770076638,4.55868010821907,4.29389404483932,5.54891497731455,8.55439086910683,6.26105076990369,3.09828419585275,3.09859298826757,6.06659734425476,2.2223296400378,3.143809334861,2.98423873592571,6.45910788134999,0.608381097323063,3.55252118228385,4.19855501275149,5.95856957252224,7.6221204616594,3.89163871187957,2.30519535759298,3.74148468160683,5.05793112108272,4.24235854908374,5.56330498099761,6.55459069555785,3.62794470966295,2.01619113127119,3.37657108457987,4.11988504402909,3.43861425387916,2.22611062971136
"BA-EAM",10.7156129058935,23.4420211952006,35.2118541887814,23.9982001214763,27.9031195403819,19.6498869221015,19.0416915309069,17.772005286969,28.8696601665861,20.8351346702688,17.8677551414463,6.42919030136503,18.3427421889549,10.3382329603639,23.0629599147493,16.3917996947474,29.2089315362082,2.02006086665011,13.9702527941472,11.0193763158165,20.2807477867798,31.2784894716655,10.0920257421588,23.5726612428935,18.8722886808477,4.24235854908374,17.7562301385892,20.0059559234412,29.9062260523802,10.7945026992528,16.0750307552756,12.9297209698251,16.6400594699226,8.95703587947341,2.70007478571373
"EAM-ZYGI",17.6467599609655,37.8540217723203,57.6863203049904,43.0381477469996,45.5530514704264,33.6108176788496,34.5668236760283,31.2602156022919,48.5511851777026,36.6436118742597,31.6211932811183,8.81413308837661,27.2301985948804,15.6436481033314,32.1517907975808,25.5036517913571,53.1065457235328,4.97629123691773,22.9946493426885,17.4581758738648,33.4498404095678,56.5089547712042,16.6498752633233,42.0396110352788,23.1884044155989,5.56330498099761,20.0059559234412,40.5966435833299,53.5119743306506,11.5802190837528,30.0555012868196,13.034370054506,28.4165002402885,12.2687090015165,5.77367417707443
"ZYGI-TSP",23.8818197686683,54.4690068408381,81.2147934182879,61.6280869477086,65.458124246561,48.9695409313885,45.8791914836436,45.5778242138812,69.5693477131168,56.80551615002,47.1239740812323,8.73323332452807,39.8621459392927,25.4830319400323,48.2183265320975,40.2112814340241,79.6603582375788,4.37613530843713,32.0068101399872,23.308005110653,48.2782633073068,84.8339157695142,22.4356319570716,60.6360466135821,35.118405810861,6.55459069555785,29.9062260523802,53.5119743306506,81.5929822062444,17.6889988871458,45.2438389579393,22.0773438188952,40.0883969152355,18.7457391094405,5.25243621375472
"LD-AS",6.95833034271793,14.503337391882,22.5014603420344,13.7297337659189,18.0218589688559,10.9620878200077,9.16320796466447,11.7936825790106,17.8150569808485,12.3270224295358,8.79453281837111,5.53622197554864,14.1346488857036,5.49620662656814,13.2091633961094,9.70642897808071,16.9149337864247,0.225233266746161,6.14491343836752,9.08830927592187,13.8997202672431,18.9943258159187,6.10329506051117,13.5448645283112,13.1874933062499,3.62794470966295,10.7945026992528,11.5802190837528,17.6889988871458,13.6402963305178,5.41661908894544,14.0926747435833,7.00911230285783,3.61907194171588,1.88606706002322
"BR-LD",16.3607899196805,35.4795883635279,50.7546518959927,40.7652512543293,43.5241528655455,32.4321545682766,41.7267509966606,33.9371353879179,51.3621002120087,20.7870965194081,32.8280416482952,9.56632123477604,32.7114594014066,13.5280877633349,30.6348512565031,25.5127007390106,44.5843064375638,8.61559907878655,20.2713248250324,13.5892695628374,25.6336488522019,51.4500203651555,10.1435886900835,41.6823102542699,20.7794500720839,2.01619113127119,16.0750307552756,30.0555012868196,45.2438389579393,5.41661908894544,73.0443209316909,3.40469423259846,40.170659707458,16.7740041115486,0.800378261283774
"OPI-LD",7.87164269104257,17.1232998146893,23.9987069564824,16.599799341667,20.3268459556315,11.9461415401591,8.64301538465448,12.1009648961312,17.1143796878847,15.3655084474538,12.4896959391081,6.68965854986818,14.9923284681972,5.78181879484319,17.5986277550598,11.6134446019152,20.4481635815136,-1.73746787428631,6.68091232890523,10.5458321540653,15.1036317429384,20.0000809609923,6.57105102033343,18.2370639721021,15.4320056644244,3.37657108457987,12.9297209698251,13.034370054506,22.0773438188952,14.0926747435833,3.40469423259846,22.5809122700249,9.6514873235896,4.48089142418309,-1.10793593336862
"PT-AS",14.7505476123956,31.6333353079937,47.6486029344156,38.454058985875,40.0306593211697,30.1587687777155,34.2494885234101,29.3720065288816,44.8981087474971,31.1671892474635,29.7923071333866,7.60855278614653,24.4583914453407,14.0352615978557,32.4285479455404,25.5141837617325,41.012683455716,7.48179894960898,20.260512506351,13.07942843674,23.8183155668451,40.1038720498606,11.094533040628,35.2363148542475,18.278238784463,4.11988504402909,16.6400594699226,28.4165002402885,40.0883969152355,7.00911230285783,40.170659707458,9.6514873235896,45.8112481389239,19.0740220316242,2.83077654877984
"JP-AS",7.43403794315949,13.7236767377688,24.1878351506493,17.5875052699181,21.4659659399988,14.7693029260427,17.8097070440421,14.0350214201393,23.3000559469193,13.3347356540458,12.2766193943607,9.30182861448421,17.8233342420312,5.02926323152574,10.1719237642222,9.53009588975826,17.8282586226091,1.0592969236687,11.9678204362036,7.36273235271644,11.6584918664217,17.2579466882862,4.70211219646765,14.6357920461347,8.12880940727907,3.43861425387916,8.95703587947341,12.2687090015165,18.7457391094405,3.61907194171588,16.7740041115486,4.48089142418309,19.0740220316242,22.7506956733366,5.72750070741676
"BA-OPI",2.46873686367627,5.0205230604181,8.64037084754934,4.65873977991645,4.93772436582122,5.19246207458047,2.46325736016512,2.23163390652619,6.17555526983683,2.68926689646376,5.21887401106147,3.25994443315589,5.31150043804643,0.795171255884154,3.8377936037614,1.99047885958154,5.79465055497724,0.695946104469231,3.85080600771692,3.05238517985785,6.40075692224607,5.02578335192677,2.98580288451285,1.25269769118249,3.88870652991403,2.22611062971136,2.70007478571373,5.77367417707443,5.25243621375472,1.88606706002322,0.800378261283774,-1.10793593336862,2.83077654877984,5.72750070741676,11.3754337359929
