"","IS-PM","IS-NLE","IS-PNS","PM-ZS","PM-ZI","PM-MT","NLE-NON","NLE-ZS","NLE-ZI","NON-BR","NON-PNS","BR-PT","BR-APET","PT-APET","PT-BA","PT-EAM","PT-ZYGI","PT-TSP","ZS-ZI","ZI-MT","ZI-ZYGI","ZI-TSP","MT-PNS","PNS-APET","APET-BA","APET-TS","BA-EAM","EAM-ZYGI","ZYGI-TSP","LD-AS","BR-LD","OPI-LD","PT-AS","JP-AS","BA-OPI"
"IS-PM",1.43791193173373,2.17856879781821,2.92531985301451,1.41179016039231,0.62270226438524,1.18363740762117,0.512596589113221,1.16756795868732,1.33694158089302,2.45392031393655,1.86324162437516,0.225075204886323,1.2710032141677,0.842289668668721,1.28385075096772,0.829653952001966,1.62534921744834,0.154579494850464,0.246207237218206,-0.0521591997598823,2.18982718899604,2.60858390077238,0.606159813271082,1.3558740859444,0.795070719121565,-0.0106402339985947,0.906397397636718,0.751877993349439,1.67440292433427,1.12369731778469,-0.247449893793514,1.44556367922994,0.842439631717683,0.803521815194477,0.416154442107056
"IS-NLE",2.17856879781821,11.007984902893,7.15849327328462,6.87020849250372,3.60271254959051,5.46830085249666,0.965977219398297,3.40923066107666,3.58747732297403,6.38016645723534,3.11461996156855,0.480919773358281,3.14565971893261,2.05676369222181,1.99371828745441,1.40820096728391,4.25883330019567,0.72360442144848,0.676887521180743,-0.9464287847101,6.65930322022102,7.8092341575733,0.647666232622412,4.55779473947142,1.7398423740764,-0.170045897284823,1.75226860978865,0.11062103202592,3.73686934443241,2.03036488194558,-0.424146463536156,1.67266814303278,0.100406414852229,1.23020487699348,1.34072303733294
"IS-PNS",2.92531985301451,7.15849327328462,9.55087967382643,5.56387939090813,3.90233352921044,5.1204131411536,2.02114022131335,4.07086862520827,4.31066533166133,6.06575553390576,4.36169511767912,0.300217430914693,2.97719994745928,2.15216246256696,3.28959910056097,1.87636982463435,4.50393191498435,0.615875103860311,0.36155064316997,0.0568367974533196,5.99681271027332,7.19085994711845,1.86442456259797,2.93013520916493,2.22796300086831,0.33686469588696,2.50766159249672,1.27612917079455,4.33731569749257,3.57713796489025,-0.319180733646376,3.65015849865338,2.62006086406422,1.94081600218797,1.62287981899114
"PM-ZS",1.41179016039231,6.87020849250372,5.56387939090813,7.56226883632108,4.39012762973468,5.44897502690608,4.22845536804363,4.6403451166664,4.26187411588322,5.7317719920526,3.02395420041695,0.639618922303105,2.53933126467483,1.46245091261548,1.90135151518268,1.2027740213703,3.84351209984519,0.428039778904453,0.428415631868351,-0.65490132601357,5.69275096019353,5.84564747716827,0.417079560787985,5.16718934926763,1.71946900042602,-0.00026911696301365,1.84663667797307,0.277133355824517,3.16808912681916,1.85639605922091,0.028783274013876,1.47517213426444,0.539984355600943,1.01027587381733,1.18805672142757
"PM-ZI",0.62270226438524,3.60271254959051,3.90233352921044,4.39012762973468,8.78912943817478,4.23022763423479,2.29178821568445,4.76028606485342,7.22420319099161,2.12923126669988,-0.428434652117534,-1.04208134722992,0.485154295533513,0.783142309094998,1.90209663966638,0.844807196440654,2.73674866215581,0.407367809162545,1.93902308872456,3.12577269053333,-1.87124804979487,-0.139738570056792,-0.133530393164922,2.02964716536417,2.18584939301825,0.359460103827194,1.6016930696072,-0.786496444449756,2.77154716361366,2.33233890932116,-0.51999733689535,1.99626204177126,2.75487246067829,1.25898416319714,-0.305330536823219
"PM-MT",1.18363740762117,5.46830085249666,5.1204131411536,5.44897502690608,4.23022763423479,5.06702379620721,3.46407003808536,4.11013435623713,4.27722289394546,4.10634728298358,2.27484724266263,0.0995653613747012,1.98574291577126,1.4393752458837,1.87929547161915,1.29746627145885,3.67802665760538,0.665156060540136,0.302034981628647,-0.085752223333771,4.396710609933,4.77492334072715,0.601808629398896,3.98080752310271,1.39675633280805,0.198425557447284,1.64228738018726,0.389106784034613,3.04852472502679,1.76300904794448,-0.00271237242760741,1.61381233592721,1.10903601193706,1.07361870019272,0.904506879612221
"NLE-NON",0.512596589113221,0.965977219398297,2.02114022131335,4.22845536804363,2.29178821568445,3.46407003808536,7.98935646687732,3.40939683729111,2.97901081201025,-0.0329003358321466,2.39902891335683,0.59059590179966,0.833974559786382,-0.132970407329144,0.284169766190346,0.432239167740974,1.69580328427209,0.359942216445072,-0.216353252128169,-0.655170819208045,3.09781201312233,2.00517222632661,0.248151732372994,4.23403050983754,-0.114355108935213,-0.0406342103220866,0.667384929727165,-0.0497390229862892,1.02489499782604,-0.234861218660833,0.413289476858545,0.660604759736726,0.232081513878111,0.660979372312911,0.405371937954102
"NLE-ZS",1.16756795868732,3.40923066107666,4.07086862520827,4.6403451166664,4.76028606485342,4.11013435623713,3.40939683729111,5.80785039461552,5.54787206897257,4.03968721312539,0.611178448095027,0.144927390039118,1.89622628037969,1.21022386115321,1.62473662879489,1.10490578342099,3.35906781565496,0.197470776212093,-0.386034497664598,0.995995744480705,2.35365640100436,3.36093984067601,0.363835010010166,3.58474396506261,1.39279049694284,0.416306499494497,1.80610666949448,0.311851271237351,3.1895995054822,2.49026070420424,0.0326024413761661,1.73717855292747,1.14234265462498,0.854940556751341,0.496158247996427
"NLE-ZI",1.33694158089302,3.58747732297403,4.31066533166133,4.26187411588322,7.22420319099161,4.27722289394546,2.97901081201025,5.54787206897257,8.13504531969946,4.3542726113872,0.499611658853996,-0.747474050959434,1.39196444299402,1.53854522257128,2.69106899596562,1.64363577933859,4.29247030946329,0.220388021425124,1.94034814856137,2.47150733084781,0.165857966027554,2.22337018185116,0.484256932948999,2.97658883445424,2.49849552619613,0.618539343266353,2.27326693508845,0.384029760240714,4.39147284849472,2.74620614169271,-0.87230829567952,2.27645630000611,2.71333321576603,1.48107468284693,-0.164480226899129
"NON-BR",2.45392031393655,6.38016645723534,6.06575553390576,5.7317719920526,2.12923126669988,4.10634728298358,-0.0329003358321466,4.03968721312539,4.3542726113872,17.5882574486819,4.90075144569613,1.59656175217671,4.08895084964276,2.39572341821319,4.80733034715254,3.12978993226668,6.09859991819653,0.0701284832009862,1.30825218326945,-1.3950311460882,8.69867295546111,9.01682572893298,1.7756075204967,6.41158443770899,4.29518750608838,-0.0146029838972546,4.09570394545588,2.69308861997838,5.81340215919807,3.88173646766227,-4.76825213748115,2.32400544280848,2.92695290562503,1.39152102287984,1.50507621410678
"NON-PNS",1.86324162437516,3.11461996156855,4.36169511767912,3.02395420041695,-0.428434652117534,2.27484724266263,2.39902891335683,0.611178448095027,0.499611658853996,4.90075144569613,7.77033177835209,0.699942310886313,2.09100593931619,1.43697670763897,2.3961173979193,2.1856391908356,3.0703823329836,0.570887673752947,0.511299277017078,-1.20639097991842,5.9440801329181,5.5135907859844,1.36766654128257,3.1209077631918,1.01764718067783,0.0355634042818332,1.23039316480921,1.69453131724593,2.89800356041648,1.46594966015666,-0.352763927358047,1.85586750998418,2.20972457213877,1.47817792112386,1.31609263098989
"BR-PT",0.225075204886323,0.480919773358281,0.300217430914693,0.639618922303105,-1.04208134722992,0.0995653613747012,0.59059590179966,0.144927390039118,-0.747474050959434,1.59656175217671,0.699942310886313,2.05906150620636,1.43373727914011,-0.81446818388635,-0.607697134596683,-0.589658404079258,-0.498890923855424,-0.194214671501575,-0.505099431837511,-0.942872032357231,2.05874035159997,1.02664880482647,0.337569914647513,1.26732108793743,-0.168741865134574,-0.34338721404671,-0.000958746591080842,0.460061126995588,-0.496703897458022,0.0707030730362196,0.35764958908649,-0.0603952022676285,-0.186402315813277,0.0824839315322578,0.428347806117834
"BR-APET",1.2710032141677,3.14565971893261,2.97719994745928,2.53933126467483,0.485154295533513,1.98574291577126,0.833974559786382,1.89622628037969,1.39196444299402,4.08895084964276,2.09100593931619,1.43373727914011,3.5896816378318,1.50221674565972,2.07237624065288,1.64663822734991,2.69889060722757,0.223862029924573,-0.164376723521869,-0.69386561356644,4.5599388794707,3.92180157603388,0.550386283975625,3.04399096438881,1.18263139833749,-0.275735466235453,1.33610670966821,0.727051470800637,2.30042522038015,1.86768550345703,0.901586238272414,1.63064056710854,1.57820940765815,1.21011274587619,0.555591579089646
"PT-APET",0.842289668668721,2.05676369222181,2.15216246256696,1.46245091261548,0.783142309094998,1.4393752458837,-0.132970407329144,1.21022386115321,1.53854522257128,2.39572341821319,1.43697670763897,-0.81446818388635,1.50221674565972,2.49008824337848,2.65582533150556,2.20870326409307,2.94562636403279,0.338525151378243,0.46556499694092,0.0722274997147112,2.31539508448166,2.70936839525235,0.284494762562585,1.24209299256501,1.01749782383276,0.119427948340588,1.15239263993552,0.454562584479657,2.49175802737712,1.3952148216691,0.39924400911125,1.31139296507981,1.65494954294578,0.963154705151391,0.186761528518777
"PT-BA",1.28385075096772,1.99371828745441,3.28959910056097,1.90135151518268,1.90209663966638,1.87929547161915,0.284169766190346,1.62473662879489,2.69106899596562,4.80733034715254,2.3961173979193,-0.607697134596683,2.07237624065288,2.65582533150556,5.09637468128502,3.536034708761,4.12509025579454,0.601899209780348,1.18830227204383,0.310109153950459,3.24155495200011,2.91426779855772,1.13560114948434,2.46607039523395,2.78694097648996,-0.0608389349724543,2.56856980866994,1.34537889467892,3.70209728506971,3.5827941633283,-1.00606629913667,3.63478878372432,4.80357916747714,1.64110378850734,0.23099490183883
"PT-EAM",0.829653952001966,1.40820096728391,1.87636982463435,1.2027740213703,0.844807196440654,1.29746627145885,0.432239167740974,1.10490578342099,1.64363577933859,3.12978993226668,2.1856391908356,-0.589658404079258,1.64663822734991,2.20870326409307,3.536034708761,3.06325948121972,3.23430259616753,0.557804343985028,0.543504153485799,0.103357203035231,2.56716350469286,2.15409870461681,0.545426778984521,1.95982480599503,1.50589859324573,0.00893243039650787,1.48274083977663,0.819831174186656,2.74021533497353,2.1092101136673,-0.316234293678205,1.98671869324816,3.18157666473138,0.974362038962298,0.150919528870856
"PT-ZYGI",1.62534921744834,4.25883330019567,4.50393191498435,3.84351209984519,2.73674866215581,3.67802665760538,1.69580328427209,3.35906781565496,4.29247030946329,6.09859991819653,3.0703823329836,-0.498890923855424,2.69889060722757,2.94562636403279,4.12509025579454,3.23430259616753,5.86166769829988,0.257235904704047,0.951482043577066,0.0936421072402597,5.20145094006078,5.25857896411366,1.01658749670654,3.79439471425221,2.30229836400565,0.189115193756853,2.31983398272415,1.36551716859656,5.16771503085594,3.11319420957236,-1.34074724240754,3.13879463368461,3.03275487402206,1.65663238280677,0.658100705291299
"PT-TSP",0.154579494850464,0.72360442144848,0.615875103860311,0.428039778904453,0.407367809162545,0.665156060540136,0.359942216445072,0.197470776212093,0.220388021425124,0.0701284832009862,0.570887673752947,-0.194214671501575,0.223862029924573,0.338525151378243,0.601899209780348,0.557804343985028,0.257235904704047,1.44302709248703,-0.131338196906322,-0.176006055934355,0.732993440402654,1.12312403877614,0.0246231882455489,0.902701469891433,0.0977832697661075,0.117830058469429,0.149194687218359,-0.0505400438061229,-0.224922307277141,0.920830540856211,0.453274619999467,0.332734863479375,1.04983501734078,-0.0505405669712782,0.23136934360322
"ZS-ZI",0.246207237218206,0.676887521180743,0.36155064316997,0.428415631868351,1.93902308872456,0.302034981628647,-0.216353252128169,-0.386034497664598,1.94034814856137,1.30825218326945,0.511299277017078,-0.505099431837511,-0.164376723521869,0.46556499694092,1.18830227204383,0.543504153485799,0.951482043577066,-0.131338196906322,2.44229917613356,0.840343264101939,-1.07099871035961,-0.478895255407655,0.0702082960576538,0.0632552271522572,1.12445908868455,0.00752086391400062,0.542784581967347,0.144296998542251,1.1092202347024,0.203799475265566,-1.0390029727296,0.469462201648089,1.36086127256025,0.674851156314129,-0.482960059474806
"ZI-MT",-0.0521591997598823,-0.9464287847101,0.0568367974533196,-0.65490132601357,3.12577269053333,-0.085752223333771,-0.655170819208045,0.995995744480705,2.47150733084781,-1.3950311460882,-1.20639097991842,-0.942872032357231,-0.69386561356644,0.0722274997147112,0.310109153950459,0.103357203035231,0.0936421072402597,-0.176006055934355,0.840343264101939,2.60909306087598,-3.6438870861426,-2.49647411998852,-0.380374373633863,-1.24467356208691,0.424706924896724,0.269446467895643,0.0950018301032677,-0.411126148706468,0.505642917563469,0.498862738135249,0.00583715625770477,0.57818668820577,1.47615589856422,0.517611732455714,-0.734715870069874
"ZI-ZYGI",2.18982718899604,6.65930322022102,5.99681271027332,5.69275096019353,-1.87124804979487,4.396710609933,3.09781201312233,2.35365640100436,0.165857966027554,8.69867295546111,5.9440801329181,2.05874035159997,4.5599388794707,2.31539508448166,3.24155495200011,2.56716350469286,5.20145094006078,0.732993440402654,-1.07099871035961,-3.6438870861426,13.3792506402665,10.8097857024924,1.89153521354464,6.81363175760033,1.77485455491278,-0.0171561411850481,2.30814408535032,2.11625603864055,3.85561302307605,2.17094166490802,-0.491389727443353,2.71922166791202,0.8212135024736,1.49374562261641,2.0903298371086
"ZI-TSP",2.60858390077238,7.8092341575733,7.19085994711845,5.84564747716827,-0.139738570056792,4.77492334072715,2.00517222632661,3.36093984067601,2.22337018185116,9.01682572893298,5.5135907859844,1.02664880482647,3.92180157603388,2.70936839525235,2.91426779855772,2.15409870461681,5.25857896411366,1.12312403877614,-0.478895255407655,-2.49647411998852,10.8097857024924,11.7669790548848,1.7549222126198,5.64881662774891,2.11618858069092,0.511639368607367,2.47766036771062,2.18369573616081,4.60359866200651,2.80559567224155,0.0724093424971911,2.22196599116058,0.909627094044622,1.81814506422009,1.84466851044357
"MT-PNS",0.606159813271082,0.647666232622412,1.86442456259797,0.417079560787985,-0.133530393164922,0.601808629398896,0.248151732372994,0.363835010010166,0.484256932948999,1.7756075204967,1.36766654128257,0.337569914647513,0.550386283975625,0.284494762562585,1.13560114948434,0.545426778984521,1.01658749670654,0.0246231882455489,0.0702082960576538,-0.380374373633863,1.89153521354464,1.7549222126198,1.20190911978949,0.405995016785668,0.721755650991811,0.152548920330575,0.830593164460186,0.983218578475899,1.08292315812971,1.29132167207718,-0.426811026238687,1.17062678828779,1.36659828032908,0.550164569611085,0.502783589880996
"PNS-APET",1.3558740859444,4.55779473947142,2.93013520916493,5.16718934926763,2.02964716536417,3.98080752310271,4.23403050983754,3.58474396506261,2.97658883445424,6.41158443770899,3.1209077631918,1.26732108793743,3.04399096438881,1.24209299256501,2.46607039523395,1.95982480599503,3.79439471425221,0.902701469891433,0.0632552271522572,-1.24467356208691,6.81363175760033,5.64881662774891,0.405995016785668,7.53915137297387,1.43573597421625,-0.538442966391062,1.95828430951049,0.996331997018407,2.6694488426822,2.53594697457316,-1.18935662392063,2.4525776597457,1.62169221620306,0.860629619231134,0.649054779349446
"APET-BA",0.795070719121565,1.7398423740764,2.22796300086831,1.71946900042602,2.18584939301825,1.39675633280805,-0.114355108935213,1.39279049694284,2.49849552619613,4.29518750608838,1.01764718067783,-0.168741865134574,1.18263139833749,1.01749782383276,2.78694097648996,1.50589859324573,2.30229836400565,0.0977832697661075,1.12445908868455,0.424706924896724,1.77485455491278,2.11618858069092,0.721755650991811,1.43573597421625,2.77832572045927,0.264627668147771,1.92280280515611,0.949806646329239,2.51390239889018,2.09636806771611,-0.879682797794044,2.10102811050903,2.50483470419196,1.34183454166511,0.0192520267397924
"APET-TS",-0.0106402339985947,-0.170045897284823,0.33686469588696,-0.00026911696301365,0.359460103827194,0.198425557447284,-0.0406342103220866,0.416306499494497,0.618539343266353,-0.0146029838972546,0.0355634042818332,-0.34338721404671,-0.275735466235453,0.119427948340588,-0.0608389349724543,0.00893243039650787,0.189115193756853,0.117830058469429,0.00752086391400062,0.269446467895643,-0.0171561411850481,0.511639368607367,0.152548920330575,-0.538442966391062,0.264627668147771,1.10673047981407,0.0449577281814111,0.0479228796894046,0.267271167250587,-0.0642856517750223,0.509863195160379,-0.0397739608009507,-0.213403844858405,0.140059997273838,-0.0328461192403387
"BA-EAM",0.906397397636718,1.75226860978865,2.50766159249672,1.84663667797307,1.6016930696072,1.64228738018726,0.667384929727165,1.80610666949448,2.27326693508845,4.09570394545588,1.23039316480921,-0.000958746591080842,1.33610670966821,1.15239263993552,2.56856980866994,1.48274083977663,2.31983398272415,0.149194687218359,0.542784581967347,0.0950018301032677,2.30814408535032,2.47766036771062,0.830593164460186,1.95828430951049,1.92280280515611,0.0449577281814111,1.93732421957896,0.853930965132359,2.29304158225995,2.06831901656352,-0.940370019719621,1.96242402710977,2.17523850033691,1.05435174193268,0.214702374610797
"EAM-ZYGI",0.751877993349439,0.11062103202592,1.27612917079455,0.277133355824517,-0.786496444449756,0.389106784034613,-0.0497390229862892,0.311851271237351,0.384029760240714,2.69308861997838,1.69453131724593,0.460061126995588,0.727051470800637,0.454562584479657,1.34537889467892,0.819831174186656,1.36551716859656,-0.0505400438061229,0.144296998542251,-0.411126148706468,2.11625603864055,2.18369573616081,0.983218578475899,0.996331997018407,0.949806646329239,0.0479228796894046,0.853930965132359,2.33586254059936,1.52327710509523,1.55581133209792,-0.61897063707429,1.50372665261795,1.2887002951197,0.577862386599264,0.423505596731754
"ZYGI-TSP",1.67440292433427,3.73686934443241,4.33731569749257,3.16808912681916,2.77154716361366,3.04852472502679,1.02489499782604,3.1895995054822,4.39147284849472,5.81340215919807,2.89800356041648,-0.496703897458022,2.30042522038015,2.49175802737712,3.70209728506971,2.74021533497353,5.16771503085594,-0.224922307277141,1.1092202347024,0.505642917563469,3.85561302307605,4.60359866200651,1.08292315812971,2.6694488426822,2.51390239889018,0.267271167250587,2.29304158225995,1.52327710509523,5.21708634978751,2.74752943502023,-1.24830964257403,2.88457498394751,2.73333705595225,1.7687147206598,0.425944836152282
"LD-AS",1.12369731778469,2.03036488194558,3.57713796489025,1.85639605922091,2.33233890932116,1.76300904794448,-0.234861218660833,2.49026070420424,2.74620614169271,3.88173646766227,1.46594966015666,0.0707030730362196,1.86768550345703,1.3952148216691,3.5827941633283,2.1092101136673,3.11319420957236,0.920830540856211,0.203799475265566,0.498862738135249,2.17094166490802,2.80559567224155,1.29132167207718,2.53594697457316,2.09636806771611,-0.0642856517750223,2.06831901656352,1.55581133209792,2.74752943502023,7.73192936990033,-1.64571478088852,5.07179787694637,4.31665307429379,0.265458397231061,0.783834927807164
"BR-LD",-0.247449893793514,-0.424146463536156,-0.319180733646376,0.028783274013876,-0.51999733689535,-0.00271237242760741,0.413289476858545,0.0326024413761661,-0.87230829567952,-4.76825213748115,-0.352763927358047,0.35764958908649,0.901586238272414,0.39924400911125,-1.00606629913667,-0.316234293678205,-1.34074724240754,0.453274619999467,-1.0390029727296,0.00583715625770477,-0.491389727443353,0.0724093424971911,-0.426811026238687,-1.18935662392063,-0.879682797794044,0.509863195160379,-0.940370019719621,-0.61897063707429,-1.24830964257403,-1.64571478088852,6.61130778547874,-2.04761719632596,-0.367132091147057,0.732861059473231,-0.0850067000672262
"OPI-LD",1.44556367922994,1.67266814303278,3.65015849865338,1.47517213426444,1.99626204177126,1.61381233592721,0.660604759736726,1.73717855292747,2.27645630000611,2.32400544280848,1.85586750998418,-0.0603952022676285,1.63064056710854,1.31139296507981,3.63478878372432,1.98671869324816,3.13879463368461,0.332734863479375,0.469462201648089,0.57818668820577,2.71922166791202,2.22196599116058,1.17062678828779,2.4525776597457,2.10102811050903,-0.0397739608009507,1.96242402710977,1.50372665261795,2.88457498394751,5.07179787694637,-2.04761719632596,6.238428996548,3.51322776262017,1.20431788293436,0.26471881491068
"PT-AS",0.842439631717683,0.100406414852229,2.62006086406422,0.539984355600943,2.75487246067829,1.10903601193706,0.232081513878111,1.14234265462498,2.71333321576603,2.92695290562503,2.20972457213877,-0.186402315813277,1.57820940765815,1.65494954294578,4.80357916747714,3.18157666473138,3.03275487402206,1.04983501734078,1.36086127256025,1.47615589856422,0.8212135024736,0.909627094044622,1.36659828032908,1.62169221620306,2.50483470419196,-0.213403844858405,2.17523850033691,1.2887002951197,2.73333705595225,4.31665307429379,-0.367132091147057,3.51322776262017,8.50777088943061,2.54143964651725,-0.0100646932585312
"JP-AS",0.803521815194477,1.23020487699348,1.94081600218797,1.01027587381733,1.25898416319714,1.07361870019272,0.660979372312911,0.854940556751341,1.48107468284693,1.39152102287984,1.47817792112386,0.0824839315322578,1.21011274587619,0.963154705151391,1.64110378850734,0.974362038962298,1.65663238280677,-0.0505405669712782,0.674851156314129,0.517611732455714,1.49374562261641,1.81814506422009,0.550164569611085,0.860629619231134,1.34183454166511,0.140059997273838,1.05435174193268,0.577862386599264,1.7687147206598,0.265458397231061,0.732861059473231,1.20431788293436,2.54143964651725,2.45196555614463,-0.119151317741307
"BA-OPI",0.416154442107056,1.34072303733294,1.62287981899114,1.18805672142757,-0.305330536823219,0.904506879612221,0.405371937954102,0.496158247996427,-0.164480226899129,1.50507621410678,1.31609263098989,0.428347806117834,0.555591579089646,0.186761528518777,0.23099490183883,0.150919528870856,0.658100705291299,0.23136934360322,-0.482960059474806,-0.734715870069874,2.0903298371086,1.84466851044357,0.502783589880996,0.649054779349446,0.0192520267397924,-0.0328461192403387,0.214702374610797,0.423505596731754,0.425944836152282,0.783834927807164,-0.0850067000672262,0.26471881491068,-0.0100646932585312,-0.119151317741307,0.900256026976237
