"","IS-PM","IS-NLE","IS-PNS","PM-ZS","PM-ZI","PM-MT","NLE-NON","NLE-ZS","NLE-ZI","NON-BR","NON-PNS","BR-PT","BR-APET","PT-APET","PT-BA","PT-EAM","PT-ZYGI","PT-TSP","ZS-ZI","ZI-MT","ZI-ZYGI","ZI-TSP","MT-PNS","PNS-APET","APET-BA","APET-TS","BA-EAM","EAM-ZYGI","ZYGI-TSP","LD-AS","BR-LD","OPI-LD","PT-AS","JP-AS","BA-OPI"
"IS-PM",1.18572239180452,0.977449093541091,2.51561200010193,0.597561300564574,0.280531089084356,0.943141106983712,0.776760941894424,1.24419536890777,0.904354699675276,3.83137243442237,0.991677259376152,0.877180402615422,1.95474296667554,0.852883618745649,0.73463008134535,0.858372834652888,1.65625024369748,0.0193219563615006,-0.404072921605624,0.478646505134145,1.28788154938646,2.1203803517498,0.460646383546053,0.528574142198769,-0.253832238007176,-0.123480485642198,0.310859764841007,0.582222023064403,1.45070027902718,1.21831678952437,-0.641054721125466,2.13567207369054,0.643889777722619,0.897380238633614,-0.0133772253765121
"IS-NLE",0.977449093541091,6.37355348948537,4.91650879141547,3.3243909547855,2.10953325355472,3.61062161133505,-0.818990728509311,-0.131033835627989,0.583580073172825,6.20515616485628,3.19322289712093,2.67293233462539,5.24871165259623,2.18726105591671,2.49104292728896,2.82888229478255,3.73514967071912,1.162357830143,0.881366600996894,0.744858103425878,4.8205863046596,5.42567296151804,0.616192798639764,2.2523185485854,0.94276434524714,0.230226687476482,0.980465775488473,2.05494747676697,3.21598332945294,2.01103003270896,1.17120516564785,4.05406581707897,1.38111377503675,2.2267577644446,0.963725170731576
"IS-PNS",2.51561200010193,4.91650879141547,18.6507076091054,7.12512647135185,8.06440707549824,11.2603002668763,6.10733182088592,5.58041721098253,7.38537215105858,14.0326878623312,8.30893662509137,4.55978963734697,9.74572856794752,3.80115558925294,3.99547118215756,3.29007365083378,7.52448660751706,0.225537978673369,2.34065762351603,2.38395491851944,4.71857638785745,10.9933754225616,1.26344959929961,0.566640927280341,1.99168109405488,0.0230006975894917,2.67755111939556,4.16053657938243,7.27047872668824,5.55274524105799,5.72511643410034,6.01903939936945,2.25160720498648,2.79863328243488,1.00975699257576
"PM-ZS",0.597561300564574,3.3243909547855,7.12512647135185,5.22676821997153,4.27190265416421,6.35018162832952,3.86810513771899,2.43859677739566,2.73565019420436,6.08495082215593,2.85915167811828,1.81823575670507,3.93943428600789,1.78102298292349,1.2913461088255,1.31704538258897,3.49543114847839,0.95290745335959,1.0865829100733,0.140886004555584,3.12978087578289,5.36181806600791,0.378779964413587,2.13559869905235,0.764179946684779,-0.191128288052249,1.25861968103961,1.62376099321416,3.33857395754001,0.892578036254301,1.07834626002888,1.42196480888806,1.03394302148746,1.75664665559376,0.829598943061301
"PM-ZI",0.280531089084356,2.10953325355472,8.06440707549824,4.27190265416421,9.17607103303709,7.43171429838804,2.36400970405648,2.45489306162499,6.883859658342,6.21477447632982,2.85363231165638,0.848902699785038,4.05567152038034,3.28128974512437,3.48726299559432,3.02439430623243,3.90542054218222,1.25311817846891,4.54274316933257,2.21869955798205,-2.32970009175443,2.45847070572394,-0.0747725837998031,2.12251395648819,0.703928708369559,-0.399879475299123,1.60415116387755,1.73518896665894,3.41787065863566,2.38229937533318,5.95587474311013,0.467246827845223,1.17365290844621,0.912375102693972,1.26972553069426
"PM-MT",0.943141106983712,3.61062161133505,11.2603002668763,6.35018162832952,7.43171429838804,11.1476218342387,5.24059387638621,4.19272629570797,5.91516572448263,10.2249736488486,3.40739051704886,3.78869521598072,5.34210232086739,1.78263954862126,2.05738518664826,1.85949011931765,3.51516969735457,1.04897241801814,2.32854462017193,0.591781425316995,3.45618607183025,5.83837570645621,0.521645843244067,3.74377950289562,0.881293304772773,-0.127374518204488,1.78792735381505,1.97654510717603,3.48338698099048,3.57076800660756,3.51073201155361,1.80008448041452,1.56169264782971,1.2014872420649,0.611138713160177
"NLE-NON",0.776760941894424,-0.818990728509311,6.10733182088592,3.86810513771899,2.36400970405648,5.24059387638621,10.6153875337214,5.36816835012047,3.85286799239681,4.81585841343134,0.841456640508458,0.353194661280935,-0.132206221426876,0.114317842105249,-0.524344509918371,-1.01743922584716,1.65469998476275,-0.237397896108398,-0.831950417540566,-0.331390850388055,2.61040671061675,4.20154065622975,-0.503855598093128,2.20640054268724,-0.385968179756905,-0.790940714174443,1.54879583229292,-1.38285312682556,1.70867683572207,-0.640328067462777,-3.35531273324952,-0.739158832915963,1.17202206011169,1.41509665842119,0.561096938446902
"NLE-ZS",1.24419536890777,-0.131033835627989,5.58041721098253,2.43859677739566,2.45489306162499,4.19272629570797,5.36816835012047,5.40770568892106,4.09032475921776,5.77041024227174,1.75931640740876,0.365631748089367,1.18222239650987,1.06590701695815,0.637183699612305,0.455411671471371,1.4400379735135,-0.421406541489536,-1.39234076634766,-0.0313161243745739,1.01382806743179,2.90359777806364,0.10421663055419,1.60474616801302,-0.662837308509863,-0.725331727795935,0.981613323535747,-0.492645132938888,1.37423243563802,1.89705863906918,0.626009618803288,0.682431804583146,1.11186996335171,0.645292354959984,0.401389056644223
"NLE-ZI",0.904354699675276,0.583580073172825,7.38537215105858,2.73565019420436,6.883859658342,5.91516572448263,3.85286799239681,4.09032475921776,7.96746076860165,8.31715587480405,3.18317046738097,0.5892115799981,3.05358620026761,3.07151285735531,3.20949966703392,2.21604588417133,3.48850329825388,0.155539791790638,3.64713838510005,2.15409337177251,-1.52124205069268,2.87428448856383,0.113877899277619,1.98192836310335,0.0513106063284935,-0.552284609496639,2.0444600952313,0.537256972406206,2.86343777926082,2.98149446605337,3.70163987754084,1.33074807804305,1.5731786928728,1.02826255649943,0.863650677067959
"NON-BR",3.83137243442237,6.20515616485628,14.0326878623312,6.08495082215593,6.21477447632982,10.2249736488486,4.81585841343134,5.77041024227174,8.31715587480405,49.9715693869496,6.24755933003323,7.7325835704807,11.135574004376,4.22959543107823,2.16737500213885,3.45836421455412,10.3403483211315,0.373971300734902,2.80702377386463,1.64859475507931,10.9056365606548,15.4990315564218,2.00580496415999,10.8010995156822,-1.60155231398411,-1.63322673893229,-0.754726446893262,8.41881002947011,9.84515006286213,7.36220778357223,-24.5071709029847,12.8643420817864,2.26943286831973,3.75053486857762,-2.31111382888173
"NON-PNS",0.991677259376152,3.19322289712093,8.30893662509137,2.85915167811828,2.85363231165638,3.40739051704886,0.841456640508458,1.75931640740876,3.18317046738097,6.24755933003323,8.11067057774861,1.68793404348135,5.91051982339784,3.57867118902954,3.59372862181421,2.8157122002679,5.17509043480438,0.0609014343523365,1.69589963168956,2.14029037389304,2.79160899992279,6.72931122010703,0.911874042634198,-1.62364545967644,2.48361386931539,0.553344875117803,3.05712682615202,1.9829640437926,4.79462063996633,2.99876117352589,5.1195173076275,4.60727144755156,1.49508787835365,2.2924420855966,0.013273104282251
"BR-PT",0.877180402615422,2.67293233462539,4.55978963734697,1.81823575670507,0.848902699785038,3.78869521598072,0.353194661280935,0.365631748089367,0.5892115799981,7.7325835704807,1.68793404348135,8.98957255988154,6.26666836826228,-2.11188731082292,-0.398305519153921,-0.0422787053114608,0.547790981873719,0.20363533688186,0.388019382355177,0.7711136056756,5.53626953994053,2.18287481323594,0.516824983703809,1.38955619611285,1.25369299939398,1.06545274395078,-0.581015857842881,2.96396003471785,0.985698105878892,4.80144053866329,1.68245801550499,2.89879245371069,0.922654522798379,-0.632115439346563,0.0403481382418726
"BR-APET",1.95474296667554,5.24871165259623,9.74572856794752,3.93943428600789,4.05567152038034,5.34210232086739,-0.132206221426876,1.18222239650987,3.05358620026761,11.135574004376,5.91051982339784,6.26666836826228,12.6290344609043,4.67052756012356,4.40339351402674,4.98940952614706,7.50599447253227,2.12638030782507,2.29028338981942,2.42994569478085,5.20440604981002,9.5817870475943,1.63553278036949,1.16116803628156,1.7585952678099,0.176623977779994,1.32847079253137,4.58961299253411,6.77592612801982,5.97701052997891,3.65862780265519,8.24503782161442,1.67071364889369,3.67099730242814,0.720536976044527
"PT-APET",0.852883618745649,2.18726105591671,3.80115558925294,1.78102298292349,3.28128974512437,1.78263954862126,0.114317842105249,1.06590701695815,3.07151285735531,4.22959543107823,3.57867118902954,-2.11188731082292,4.67052756012356,6.29596847170199,4.25745393493834,4.34853705981231,5.46154741913119,1.66822849087434,2.02527951889203,1.9212912804865,-0.588167618423337,5.58992617914807,0.739997637394998,0.242526225596554,0.194639465273891,-0.783724372571422,1.54369778161491,1.05690029609244,4.42592576568048,0.747172896375377,-0.189852721524433,3.74603706431595,0.60264364197784,3.51334597463065,0.696727661812814
"PT-BA",0.73463008134535,2.49104292728896,3.99547118215756,1.2913461088255,3.48726299559432,2.05738518664826,-0.524344509918371,0.637183699612305,3.20949966703392,2.16737500213885,3.59372862181421,-0.398305519153921,4.40339351402674,4.25745393493834,5.7993844050104,4.74907414751164,4.3952277817343,1.6691375915585,2.53667482300327,2.14699284058256,-0.602533008422944,3.30908166668831,0.529158330932658,1.12644442756151,1.35945732287042,-0.361639764061926,2.66506689503488,1.19241121743042,3.40113470941981,2.33067411031381,6.11342857516018,2.60198082179643,2.32909522014498,2.00925467076975,1.32635901553725
"PT-EAM",0.858372834652888,2.82888229478255,3.29007365083378,1.31704538258897,3.02439430623243,1.85949011931765,-1.01743922584716,0.455411671471371,2.21604588417133,3.45836421455412,2.8157122002679,-0.0422787053114608,4.98940952614706,4.34853705981231,4.74907414751164,6.05135824072989,4.43029229271373,2.25632519623289,1.79441912970496,1.49840804066616,-0.260334805759007,3.11719392746862,0.295745454369456,1.22269300381702,0.423306215151519,-0.423833749877596,1.91518100576699,0.413121111038794,3.1312795579213,1.8388004743342,4.0713012193546,2.94862671846739,2.35658299413637,2.95600382045127,0.92944326889939
"PT-ZYGI",1.65625024369748,3.73514967071912,7.52448660751706,3.49543114847839,3.90542054218222,3.51516969735457,1.65469998476275,1.4400379735135,3.48850329825388,10.3403483211315,5.17509043480438,0.547790981873719,7.50599447253227,5.46154741913119,4.3952277817343,4.43029229271373,8.98749076659595,1.40469229573206,2.56769112054592,2.72692880744089,3.27494746460936,9.07135148814865,1.10378002974927,1.38488036104161,1.06254256789766,-0.47570649976885,2.17629541201723,3.76274277449486,7.93036760243821,2.71002634049709,-1.54288391232362,6.56169760850233,1.63793560380102,4.13406240775585,0.637399313013486
"PT-TSP",0.0193219563615006,1.162357830143,0.225537978673369,0.95290745335959,1.25311817846891,1.04897241801814,-0.237397896108398,-0.421406541489536,0.155539791790638,0.373971300734902,0.0609014343523365,0.20363533688186,2.12638030782507,1.66822849087434,1.6691375915585,2.25632519623289,1.40469229573206,2.63844522820969,0.857086321399569,0.277315931442579,0.101284088936485,1.51939182870109,0.132101983698814,1.02889916328867,0.43625694125927,0.220546032225284,0.553662771417967,0.178339618148389,0.918499558769164,0.484063183380274,0.754643149392328,0.755216942605746,0.710927838711791,0.954978895562968,0.364434490770768
"ZS-ZI",-0.404072921605624,0.881366600996894,2.34065762351603,1.0865829100733,4.54274316933257,2.32854462017193,-0.831950417540566,-1.39234076634766,3.64713838510005,2.80702377386463,1.69589963168956,0.388019382355177,2.29028338981942,2.02527951889203,2.53667482300327,1.79441912970496,2.56769112054592,0.857086321399569,5.40501406859303,1.72084655090073,-1.99846523893955,0.768660276574989,-0.00661049950663399,0.612615818211234,0.938851764177637,0.0563313258637309,1.3809367141128,0.908028588276528,1.9870409165085,0.362655623601062,3.3301955017392,0.373729277050912,0.654321702521853,0.91019164737874,0.531031356131263
"ZI-MT",0.478646505134145,0.744858103425878,2.38395491851944,0.140886004555584,2.21869955798205,0.591781425316995,-0.331390850388055,-0.0313161243745739,2.15409337177251,1.64859475507931,2.14029037389304,0.7711136056756,2.42994569478085,1.9212912804865,2.14699284058256,1.49840804066616,2.72692880744089,0.277315931442579,1.72084655090073,3.75106169589939,0.0305783759367165,1.81552268184799,0.126728154544316,-0.67791106308059,0.774201641549279,0.432454259111831,0.267591058605945,2.65252759013197,2.53229739964957,2.45759532685081,0.377487063409504,3.00246757167842,0.788863328507142,0.0606317251663341,-0.134653525683576
"ZI-ZYGI",1.28788154938646,4.8205863046596,4.71857638785745,3.12978087578289,-2.32970009175443,3.45618607183025,2.61040671061675,1.01382806743179,-1.52124205069268,10.9056365606548,2.79160899992279,5.53626953994053,5.20440604981002,-0.588167618423337,-0.602533008422944,-0.260334805759007,3.27494746460936,0.101284088936485,-1.99846523893955,0.0305783759367165,12.6237731518014,8.39253688889172,0.899268439620839,2.98751146605494,1.31526506669812,0.953105167308767,0.20991499923097,2.70397711803413,3.26802320745354,2.72803245004324,-5.91274826015696,5.79972551849296,1.22232773018731,1.79407468112127,-0.603166117649915
"ZI-TSP",2.1203803517498,5.42567296151804,10.9933754225616,5.36181806600791,2.45847070572394,5.83837570645621,4.20154065622975,2.90359777806364,2.87428448856383,15.4990315564218,6.72931122010703,2.18287481323594,9.5817870475943,5.58992617914807,3.30908166668831,3.11719392746862,9.07135148814865,1.51939182870109,0.768660276574989,1.81552268184799,8.39253688889172,16.2305078715631,2.13843436817542,1.71532672435153,1.59258834610667,-0.0779687765490372,1.80171451742543,4.52302314115239,9.02894770136143,3.78580585212466,-6.39570241593923,10.0091580397905,1.10635321998395,3.95475422475415,-0.325065442163623
"MT-PNS",0.460646383546053,0.616192798639764,1.26344959929961,0.378779964413587,-0.0747725837998031,0.521645843244067,-0.503855598093128,0.10421663055419,0.113877899277619,2.00580496415999,0.911874042634198,0.516824983703809,1.63553278036949,0.739997637394998,0.529158330932658,0.295745454369456,1.10378002974927,0.132101983698814,-0.00661049950663399,0.126728154544316,0.899268439620839,2.13843436817542,1.21615910806048,-0.139249296054727,0.184777854475205,0.122037378835326,0.280294417592416,1.07000954128985,1.09920958549367,1.38012796605955,-1.37883435219267,1.94479458543288,-0.153840554650173,0.307163968262834,-0.16077742278259
"PNS-APET",0.528574142198769,2.2523185485854,0.566640927280341,2.13559869905235,2.12251395648819,3.74377950289562,2.20640054268724,1.60474616801302,1.98192836310335,10.8010995156822,-1.62364545967644,1.38955619611285,1.16116803628156,0.242526225596554,1.12644442756151,1.22269300381702,1.38488036104161,1.02889916328867,0.612615818211234,-0.67791106308059,2.98751146605494,1.71532672435153,-0.139249296054727,9.09286496023342,-2.2295104135156,-1.42530958035467,-0.0957283028708728,1.43298829365168,0.97961777177391,1.9878678762056,-3.95266825236671,0.510433206911242,1.35676583813935,0.708619210117906,0.840548720629124
"APET-BA",-0.253832238007176,0.94276434524714,1.99168109405488,0.764179946684779,0.703928708369559,0.881293304772773,-0.385968179756905,-0.662837308509863,0.0513106063284935,-1.60155231398411,2.48361386931539,1.25369299939398,1.7585952678099,0.194639465273891,1.35945732287042,0.423306215151519,1.06254256789766,0.43625694125927,0.938851764177637,0.774201641549279,1.31526506669812,1.59258834610667,0.184777854475205,-2.2295104135156,3.18670465942771,1.2382941872987,1.73769969323449,0.626157307027334,1.18739208671815,0.61356612833662,4.59811236380922,0.832028296218958,0.805771507846269,0.106099106245144,-0.335599636824799
"APET-TS",-0.123480485642198,0.230226687476482,0.0230006975894917,-0.191128288052249,-0.399879475299123,-0.127374518204488,-0.790940714174443,-0.725331727795935,-0.552284609496639,-1.63322673893229,0.553344875117803,1.06545274395078,0.176623977779994,-0.783724372571422,-0.361639764061926,-0.423833749877596,-0.47570649976885,0.220546032225284,0.0563313258637309,0.432454259111831,0.953105167308767,-0.0779687765490372,0.122037378835326,-1.42530958035467,1.2382941872987,2.00205313544521,0.202906260598534,0.22414446958795,-0.299238841816657,0.792298884301773,2.24107394202763,0.0260938208153431,-0.186085643107177,-0.958073553571452,-0.483876292062424
"BA-EAM",0.310859764841007,0.980465775488473,2.67755111939556,1.25861968103961,1.60415116387755,1.78792735381505,1.54879583229292,0.981613323535747,2.0444600952313,-0.754726446893262,3.05712682615202,-0.581015857842881,1.32847079253137,1.54369778161491,2.66506689503488,1.91518100576699,2.17629541201723,0.553662771417967,1.3809367141128,0.267591058605945,0.20991499923097,1.80171451742543,0.280294417592416,-0.0957283028708728,1.73769969323449,0.202906260598534,4.58737507882,-2.4985815950118,1.64176596854932,-0.125022203117737,7.41856835409191,0.409513067273559,1.68678374366819,2.79819171649554,0.14935689167149
"EAM-ZYGI",0.582222023064403,2.05494747676697,4.16053657938243,1.62376099321416,1.73518896665894,1.97654510717603,-1.38285312682556,-0.492645132938888,0.537256972406206,8.41881002947011,1.9829640437926,2.96396003471785,4.58961299253411,1.05690029609244,1.19241121743042,0.413121111038794,3.76274277449486,0.178339618148389,0.908028588276528,2.65252759013197,2.70397711803413,4.52302314115239,1.07000954128985,1.43298829365168,0.626157307027334,0.22414446958795,-2.4985815950118,8.69333102978928,4.20093410923492,4.73417461319085,-6.64285138837872,4.97738797132668,-0.250455941235059,-1.84518429378703,-0.268652936104664
"ZYGI-TSP",1.45070027902718,3.21598332945294,7.27047872668824,3.33857395754001,3.41787065863566,3.48338698099048,1.70867683572207,1.37423243563802,2.86343777926082,9.84515006286213,4.79462063996633,0.985698105878892,6.77592612801982,4.42592576568048,3.40113470941981,3.1312795579213,7.93036760243821,0.918499558769164,1.9870409165085,2.53229739964957,3.26802320745354,9.02894770136143,1.09920958549367,0.97961777177391,1.18739208671815,-0.299238841816657,1.64176596854932,4.20093410923492,7.61388350599396,2.81680316703572,-2.02954203709178,6.33647825136076,1.03798050355157,2.97747270802999,0.215550646612119
"LD-AS",1.21831678952437,2.01103003270896,5.55274524105799,0.892578036254301,2.38229937533318,3.57076800660756,-0.640328067462777,1.89705863906918,2.98149446605337,7.36220778357223,2.99876117352589,4.80144053866329,5.97701052997891,0.747172896375377,2.33067411031381,1.8388004743342,2.71002634049709,0.484063183380274,0.362655623601062,2.45759532685081,2.72803245004324,3.78580585212466,1.38012796605955,1.9878678762056,0.61356612833662,0.792298884301773,-0.125022203117737,4.73417461319085,2.81680316703572,9.73218594864964,2.46474227553133,5.11212758513994,0.708358309393273,-2.10347696980013,0.767278077284825
"BR-LD",-0.641054721125466,1.17120516564785,5.72511643410034,1.07834626002888,5.95587474311013,3.51073201155361,-3.35531273324952,0.626009618803288,3.70163987754084,-24.5071709029847,5.1195173076275,1.68245801550499,3.65862780265519,-0.189852721524433,6.11342857516018,4.0713012193546,-1.54288391232362,0.754643149392328,3.3301955017392,0.377487063409504,-5.91274826015696,-6.39570241593923,-1.37883435219267,-3.95266825236671,4.59811236380922,2.24107394202763,7.41856835409191,-6.64285138837872,-2.02954203709178,2.46474227553133,55.4733768943049,-7.99061733903508,3.00736454523286,-0.484884136391275,2.86012268507283
"OPI-LD",2.13567207369054,4.05406581707897,6.01903939936945,1.42196480888806,0.467246827845223,1.80008448041452,-0.739158832915963,0.682431804583146,1.33074807804305,12.8643420817864,4.60727144755156,2.89879245371069,8.24503782161442,3.74603706431595,2.60198082179643,2.94862671846739,6.56169760850233,0.755216942605746,0.373729277050912,3.00246757167842,5.79972551849296,10.0091580397905,1.94479458543288,0.510433206911242,0.832028296218958,0.0260938208153431,0.409513067273559,4.97738797132668,6.33647825136076,5.11212758513994,-7.99061733903508,12.1019436498116,1.04768750231483,3.17164665571448,-1.82469301076052
"PT-AS",0.643889777722619,1.38111377503675,2.25160720498648,1.03394302148746,1.17365290844621,1.56169264782971,1.17202206011169,1.11186996335171,1.5731786928728,2.26943286831973,1.49508787835365,0.922654522798379,1.67071364889369,0.60264364197784,2.32909522014498,2.35658299413637,1.63793560380102,0.710927838711791,0.654321702521853,0.788863328507142,1.22232773018731,1.10635321998395,-0.153840554650173,1.35676583813935,0.805771507846269,-0.186085643107177,1.68678374366819,-0.250455941235059,1.03798050355157,0.708358309393273,3.00736454523286,1.04768750231483,3.11810417285708,1.38014465168721,0.500609725433582
"JP-AS",0.897380238633614,2.2267577644446,2.79863328243488,1.75664665559376,0.912375102693972,1.2014872420649,1.41509665842119,0.645292354959984,1.02826255649943,3.75053486857762,2.2924420855966,-0.632115439346563,3.67099730242814,3.51334597463065,2.00925467076975,2.95600382045127,4.13406240775585,0.954978895562968,0.91019164737874,0.0606317251663341,1.79407468112127,3.95475422475415,0.307163968262834,0.708619210117906,0.106099106245144,-0.958073553571452,2.79819171649554,-1.84518429378703,2.97747270802999,-2.10347696980013,-0.484884136391275,3.17164665571448,1.38014465168721,6.79280324990483,0.372464898164781
"BA-OPI",-0.0133772253765121,0.963725170731576,1.00975699257576,0.829598943061301,1.26972553069426,0.611138713160177,0.561096938446902,0.401389056644223,0.863650677067959,-2.31111382888173,0.013273104282251,0.0403481382418726,0.720536976044527,0.696727661812814,1.32635901553725,0.92944326889939,0.637399313013486,0.364434490770768,0.531031356131263,-0.134653525683576,-0.603166117649915,-0.325065442163623,-0.16077742278259,0.840548720629124,-0.335599636824799,-0.483876292062424,0.14935689167149,-0.268652936104664,0.215550646612119,0.767278077284825,2.86012268507283,-1.82469301076052,0.500609725433582,0.372464898164781,3.06335834971284
