"","IS-PM","IS-NLE","IS-PNS","PM-ZS","PM-ZI","PM-MT","NLE-NON","NLE-ZS","NLE-ZI","NON-BR","NON-PNS","BR-PT","BR-APET","PT-APET","PT-BA","PT-EAM","PT-ZYGI","PT-TSP","ZS-ZI","ZI-MT","ZI-ZYGI","ZI-TSP","MT-PNS","PNS-APET","APET-BA","APET-TS","BA-EAM","EAM-ZYGI","ZYGI-TSP","LD-AS","BR-LD","OPI-LD","PT-AS","JP-AS","BA-OPI"
"IS-PM",0.311442330159664,0.355419976086384,0.858865258563881,0.0799801694051709,0.28095154286145,0.381239132333198,0.198416986685466,0.121825607807721,0.551728516528028,1.05594758705158,0.679453926644441,0.45109465083254,0.379775416223388,0.234345213287867,0.560281082392304,0.147187120333677,0.343082059844452,0.083439359679534,0.421020369987238,0.487887131564656,0.654027797897423,0.576727909216303,0.178192909060667,0.325758469889838,0.307974145563284,0.193130339124362,0.484414968183346,0.121528503438094,0.262162125887194,0.202340961692692,0.284259962109154,0.21548940622908,0.598396334078137,0.336030419860307,0.138351696697979
"IS-NLE",0.355419976086384,0.790176706583172,1.65808104656885,0.47757193864003,0.66540513626257,0.762360656632283,0.236756936071124,0.677442566638623,0.988427083752024,1.69360407124397,1.41676284976099,0.605036285358458,0.755379152222743,0.458139434294143,1.08299781845061,0.295975006096366,0.551734431142653,0.111596260574803,0.284412691884876,0.677744417945426,1.03965064685207,1.0815784699282,0.607542122842224,0.595625448259393,0.576144676452387,0.269580203514451,0.964229364711958,0.469431689536126,0.589782858791141,0.752579738790512,0.834497942026719,0.608120270805495,1.07283897792164,0.424217264390726,0.314979842806992
"IS-PNS",0.858865258563881,1.65808104656885,4.61418513184217,1.52963618524363,1.82115898532474,2.07436544376558,1.05522331042468,2.00519895451479,2.52769498715543,3.84109721275686,3.743869075899,1.11859692874414,1.88327781449212,1.25202218631384,2.65270441525148,0.54303644149723,1.42632493479635,0.114888599835133,0.529190511204601,1.55666119106848,2.5477331293019,3.01319664116334,1.8725224245975,1.4814100702152,1.4862087312064,0.726559044946146,2.56657872992321,1.35090307646504,1.61855718576898,2.11712424702144,2.50946418996749,1.4986874641149,2.25265740355114,1.04690130395276,0.772059309020838
"PM-ZS",0.0799801694051709,0.47757193864003,1.52963618524363,1.71677997024911,0.916505634891069,0.694133684167353,0.468319132844569,2.09291608039217,0.762632023650816,0.649459876908149,1.14227585808768,-0.0171050096612074,0.686421876444914,0.458180481856049,0.833914550152809,0.242965030497998,0.264517669241528,-0.110541024179669,-1.17300030550086,0.178891028358623,0.0239340763823484,0.82581930474254,0.834121769742591,0.613638440116629,0.456951220335657,0.134733631130089,0.771611496063924,1.16838011660639,0.779675158358286,0.911733877525709,1.30902058288752,0.615792625659765,0.602288568875609,0.188901074062996,0.315147011537481
"PM-ZI",0.28095154286145,0.66540513626257,1.82115898532474,0.916505634891069,1.03400378196136,0.885619674319272,0.570330450754994,1.07382896126937,1.17167442906157,1.35040407873821,1.45170040707711,0.484001416639818,0.98542721402601,0.693430635548302,1.25832654023975,0.405053640230655,0.584491428234971,0.105942439485395,0.0978514317921378,0.627786598682784,0.603631919362223,1.11504490036837,0.777569057478046,0.68927367792914,0.65956502145967,0.272744656771695,1.09368054623809,0.829648436354873,0.757807148095959,1.04033536575874,1.23991589373035,0.700888763593333,1.16593464550136,0.431241515692214,0.387892430815587
"PM-MT",0.381239132333198,0.762360656632283,2.07436544376558,0.694133684167353,0.885619674319272,1.15713972325122,0.500007482079872,0.761677143054366,1.24295626378087,1.98980131230906,1.70282465273704,0.628293243997607,0.974232698521569,0.648305892389543,1.26537944395161,0.262254692620502,0.686205694639151,0.0640611415273408,0.532750256219596,0.856845212811886,1.20904867953773,1.47450472212464,0.596801658834022,0.797262466441961,0.68422347395071,0.319445508490244,1.17033913917429,0.588474323433435,0.696188361365717,0.933501524288211,1.13703159891037,0.711597271965793,1.10365409412174,0.525722150078059,0.404855634731459
"NLE-NON",0.198416986685466,0.236756936071124,1.05522331042468,0.468319132844569,0.570330450754994,0.500007482079872,0.830490577522553,0.452765569097278,0.637867918810274,0.371079860096703,0.620782171012646,0.386861434462396,0.76971921656094,0.605030283225066,0.829743687456664,0.293365775929011,0.246963774602799,0.0425394379569204,0.255948652452894,0.281281135970887,0.361878108507259,0.609332620926431,0.443285463589935,0.522021933950793,0.358742446040986,0.198531132314515,0.61034073894791,0.59733299787733,0.366609809256763,0.6560662233459,0.810391215444277,0.494025789424018,0.704411892543348,0.255900288844091,0.273252105614818
"NLE-ZS",0.121825607807721,0.677442566638623,2.00519895451479,2.09291608039217,1.07382896126937,0.761677143054366,0.452765569097278,2.85883596281651,0.965034752413746,0.858164836610755,1.61905986966891,-0.14464365343047,0.720720295614565,0.39137866795503,0.946837282854372,0.210251002498751,0.374567969965961,-0.156879878667269,-1.76244831437561,0.213268396267583,0.298757803895439,1.15376380584956,1.24961385910177,0.701627568077464,0.596800368186526,0.210248031244285,1.02314760210315,1.34150611815821,1.02301588623755,1.30029879782571,1.64345414176478,0.841983606289899,0.64783646976484,0.167919737763947,0.342555693250061
"NLE-ZI",0.551728516528028,0.988427083752024,2.52769498715543,0.762632023650816,1.17167442906157,1.24295626378087,0.637867918810274,0.965034752413746,1.68997949539572,2.45383710741891,2.12996654715982,0.879013835802472,1.26600917446435,0.820448765681236,1.65368723355081,0.444215003018134,0.929140824916428,0.194027402660641,0.710677047164113,1.12440463057687,1.47944720180168,1.8036965111805,0.860913259978986,1.01845638954463,0.885180885377754,0.437847044274296,1.50295895390705,0.741523047845799,0.938996662921823,1.22267038879684,1.45032284955356,0.873178657447881,1.60177921635178,0.711207110354928,0.493787199493287
"NON-BR",1.05594758705158,1.69360407124397,3.84109721275686,0.649459876908149,1.35040407873821,1.98980131230906,0.371079860096703,0.858164836610755,2.45383710741891,5.32698913299342,3.37052735780534,1.83726415757149,1.56027343000432,0.747243866237182,2.20724890132174,0.450949761628021,1.50255665489919,0.236681070575223,1.54416131507392,2.1302459110647,2.90254856416268,2.83154228480563,0.825499566122965,1.33182862941949,1.34513168744611,0.655832712052548,2.10725460453714,0.538160854125124,1.21620274719383,0.945293077962335,1.31304180071226,0.856612860614957,2.28421820063239,1.28973448876516,0.615920101983001
"NON-PNS",0.679453926644441,1.41676284976099,3.743869075899,1.14227585808768,1.45170040707711,1.70282465273704,0.620782171012646,1.61905986966891,2.12996654715982,3.37052735780534,3.25770382049466,0.854556896235224,1.4790255025598,0.929172131942776,2.10088409694686,0.416954238553168,1.24563561107089,0.131605741950627,0.477019251219595,1.3579688005112,2.2579585752458,2.59352663716566,1.5227892604319,1.18071670266667,1.19454356633598,0.569351111236698,2.09057110813927,0.952952997076972,1.34116884298303,1.72962277551014,2.06455301635472,1.17507550985539,1.78585783558817,0.84186012741689,0.621893442265404
"BR-PT",0.45109465083254,0.605036285358458,1.11859692874414,-0.0171050096612074,0.484001416639818,0.628293243997607,0.386861434462396,-0.14464365343047,0.879013835802472,1.83726415757149,0.854556896235224,1.32105800079548,0.970788568042156,0.402857514924146,0.972219265545392,0.326544993536452,0.471790478145247,0.167559766076917,1.0300234920962,0.84968379521613,0.938906180152138,0.724634514788287,0.0656366400147156,0.543835325329772,0.507491028267188,0.256715565264971,0.72254215963985,0.136407266900541,0.29756742723849,0.271928172024112,0.233338714770328,0.348371286579014,1.18553134469072,0.501799944774893,0.298042657745013
"BR-APET",0.379775416223388,0.755379152222743,1.88327781449212,0.686421876444914,0.98542721402601,0.974232698521569,0.76971921656094,0.720720295614565,1.26600917446435,1.56027343000432,1.4790255025598,0.970788568042156,1.44376702835934,0.878227395486476,1.52118810378163,0.530415915621995,0.612911675050997,0.192918749953213,0.614282406540207,0.781631742246566,0.934577672157257,1.21012199045482,0.653101994525612,0.86636385250342,0.726568219306933,0.293599005832486,1.19552165755858,0.753333791770137,0.699960470182666,1.06142415879662,1.27819635076293,0.848507694138749,1.41880006649433,0.516674408829499,0.496508856035624
"PT-APET",0.234345213287867,0.458139434294143,1.25202218631384,0.458180481856049,0.693430635548302,0.648305892389543,0.605030283225066,0.39137866795503,0.820448765681236,0.747243866237182,0.929172131942776,0.402857514924146,0.878227395486476,1.02848233064635,1.32126046554201,0.767702154123664,0.41247580487981,0.2949926901206,0.478176072144572,0.46433141128414,0.398349075167408,0.62235445560229,0.425673510779713,0.674878005303582,0.334282430201295,0.210682831980723,0.725163683298662,0.683084131206439,0.443454613471537,0.751350504589359,0.941149376654884,0.584244418625984,1.23752379411958,0.37666782502528,0.387046203754922
"PT-BA",0.560281082392304,1.08299781845061,2.65270441525148,0.833914550152809,1.25832654023975,1.26537944395161,0.829743687456664,0.946837282854372,1.65368723355081,2.20724890132174,2.10088409694686,0.972219265545392,1.52118810378163,1.32126046554201,2.31618799479575,0.963191203986067,0.88055819751416,0.38660200888315,0.716006293226788,1.04111611898425,1.27668364238298,1.47801891235415,0.950471162318817,1.09203528336664,1.02532258866676,0.478356573871617,1.66690593585575,1.06862997169562,0.960384206275922,1.38972971619956,1.67025564687148,1.07910938837856,2.19450978238389,0.736210640050325,0.565643202448799
"PT-EAM",0.147187120333677,0.295975006096366,0.54303644149723,0.242965030497998,0.405053640230655,0.262254692620502,0.293365775929011,0.210251002498751,0.444215003018134,0.450949761628021,0.416954238553168,0.326544993536452,0.530415915621995,0.767702154123664,0.963191203986067,0.947458430118843,0.220075472276224,0.322448601184784,0.234935025278429,0.302923283401025,0.022699268547128,-0.034463499372995,0.154261615728833,0.30951474643053,0.104546346857555,0.0383361036561485,0.186118978234417,0.416810827340463,0.168104289497771,0.203659716762606,0.382961229247326,0.264473830784001,1.04426390239135,0.26043158496235,0.255031488325659
"PT-ZYGI",0.343082059844452,0.551734431142653,1.42632493479635,0.264517669241528,0.584491428234971,0.686205694639151,0.246963774602799,0.374567969965961,0.929140824916428,1.50255665489919,1.24563561107089,0.471790478145247,0.612911675050997,0.41247580487981,0.88055819751416,0.220075472276224,0.754239010387863,0.0845737486499681,0.531388305040677,0.726441542675306,0.973894722200105,1.09222308604651,0.472401226454397,0.553651053235933,0.458153417235487,0.324381754347997,0.883088392719604,0.241205966113089,0.611885446822877,0.485158661814971,0.722754183641491,0.421002033754432,0.843763174445017,0.410906867564066,0.185986862748089
"PT-TSP",0.083439359679534,0.111596260574803,0.114888599835133,-0.110541024179669,0.105942439485395,0.0640611415273408,0.0425394379569204,-0.156879878667269,0.194027402660641,0.236681070575223,0.131605741950627,0.167559766076917,0.192918749953213,0.2949926901206,0.38660200888315,0.322448601184784,0.0845737486499681,0.257289733794094,0.323699407121232,0.142451026914832,0.0876915573174927,0.0462003343737121,-0.0225121134807264,0.114038625458629,0.070048137995376,0.0454766461182874,0.121408066657243,0.00787284590249461,0.0279188404900166,0.0621175164431252,0.0506953897267113,0.0879351231881984,0.43417517242881,0.135700668705807,0.0742022680515404
"ZS-ZI",0.421020369987238,0.284412691884876,0.529190511204601,-1.17300030550086,0.0978514317921378,0.532750256219596,0.255948652452894,-1.76244831437561,0.710677047164113,1.54416131507392,0.477019251219595,1.0300234920962,0.614282406540207,0.478176072144572,0.716006293226788,0.234935025278429,0.531388305040677,0.323699407121232,2.4138372404728,0.876222597332114,1.16883520899229,0.681663752903165,-0.433927350570618,0.431502544558564,0.250769880370734,0.223695836671455,0.467674571502706,-0.517801270017686,-0.0652991119187206,-0.062386383263838,-0.108811633702476,0.0653320008924879,0.936077768411109,0.534009721184386,0.179135419362329
"ZI-MT",0.487887131564656,0.677744417945426,1.55666119106848,0.178891028358623,0.627786598682784,0.856845212811886,0.281281135970887,0.213268396267583,1.12440463057687,2.1302459110647,1.3579688005112,0.84968379521613,0.781631742246566,0.46433141128414,1.04111611898425,0.302923283401025,0.726441542675306,0.142451026914832,0.876222597332114,1.07251998053392,1.17340121414474,1.19061077203933,0.226541261308099,0.624304281227193,0.565878527145919,0.316558383480091,0.910766008179379,0.237046873436501,0.519975348466842,0.391367084837776,0.541599692472987,0.39145626512659,1.08531681736974,0.610019621311951,0.287860744796758
"ZI-ZYGI",0.654027797897423,1.03965064685207,2.5477331293019,0.0239340763823484,0.603631919362223,1.20904867953773,0.361878108507259,0.298757803895439,1.47944720180168,2.90254856416268,2.2579585752458,0.938906180152138,0.934577672157257,0.398349075167408,1.27668364238298,0.022699268547128,0.973894722200105,0.0876915573174927,1.16883520899229,1.17340121414474,2.73502991059467,2.14893326850431,0.756839578825309,0.986404448929405,0.78857070681251,0.509441732426054,1.4315177831987,-0.147061779727384,0.65470413738083,1.23531781757767,0.937356941867221,0.872990915960123,1.16856980334395,0.593685241644268,0.361067839167323
"ZI-TSP",0.576727909216303,1.0815784699282,3.01319664116334,0.82581930474254,1.11504490036837,1.47450472212464,0.609332620926431,1.15376380584956,1.8036965111805,2.83154228480563,2.59352663716566,0.724634514788287,1.21012199045482,0.62235445560229,1.47801891235415,-0.034463499372995,1.09222308604651,0.0462003343737121,0.681663752903165,1.19061077203933,2.14893326850431,2.68804442549849,1.11943589445818,1.21510506298966,1.01489138993642,0.576504197726631,1.83405008913833,0.765553465090649,1.17616949352613,1.30155139823611,1.63911718320233,0.967732842073456,1.17489890155095,0.771183132298547,0.451370829328965
"MT-PNS",0.178192909060667,0.607542122842224,1.8725224245975,0.834121769742591,0.777569057478046,0.596801658834022,0.443285463589935,1.24961385910177,0.860913259978986,0.825499566122965,1.5227892604319,0.0656366400147156,0.653101994525612,0.425673510779713,0.950471162318817,0.154261615728833,0.472401226454397,-0.0225121134807264,-0.433927350570618,0.226541261308099,0.756839578825309,1.11943589445818,1.26962607733188,0.429941573849531,0.57908074667616,0.275592677742741,1.06764080295916,0.741843304505168,0.776266764686507,1.15131870641409,1.29359698309681,0.670649993595055,0.666942343718005,0.213773866157698,0.263810690111949
"PNS-APET",0.325758469889838,0.595625448259393,1.4814100702152,0.613638440116629,0.68927367792914,0.797262466441961,0.522021933950793,0.701627568077464,1.01845638954463,1.33182862941949,1.18071670266667,0.543835325329772,0.86636385250342,0.674878005303582,1.09203528336664,0.30951474643053,0.553651053235933,0.114038625458629,0.431502544558564,0.624304281227193,0.986404448929405,1.21510506298966,0.429941573849531,0.996077511317324,0.445875896921311,0.315665671833035,0.94053993247502,0.629171492775062,0.612772320727675,0.869187616838077,0.995477697550148,0.676789710916543,1.1045644328068,0.409460167690715,0.366936517415453
"APET-BA",0.307974145563284,0.576144676452387,1.4862087312064,0.456951220335657,0.65956502145967,0.68422347395071,0.358742446040986,0.596800368186526,0.885180885377754,1.34513168744611,1.19454356633598,0.507491028267188,0.726568219306933,0.334282430201295,1.02532258866676,0.104546346857555,0.458153417235487,0.070048137995376,0.250769880370734,0.565878527145919,0.78857070681251,1.01489138993642,0.57908074667616,0.445875896921311,0.813584696952678,0.275975049838965,1.06387939307293,0.562863694456608,0.594436163398841,0.691921947915279,0.872878691117751,0.538906445414369,0.889594836458732,0.405543543307477,0.174841301114826
"APET-TS",0.193130339124362,0.269580203514451,0.726559044946146,0.134733631130089,0.272744656771695,0.319445508490244,0.198531132314515,0.210248031244285,0.437847044274296,0.655832712052548,0.569351111236698,0.256715565264971,0.293599005832486,0.210682831980723,0.478356573871617,0.0383361036561485,0.324381754347997,0.0454766461182874,0.223695836671455,0.316558383480091,0.509441732426054,0.576504197726631,0.275592677742741,0.315665671833035,0.275975049838965,0.296217062527972,0.547423309984509,0.144789755663239,0.301142467364817,0.342358988893209,0.38496766739778,0.217415929207787,0.47628991908925,0.218566543219439,0.0832546396926396
"BA-EAM",0.484414968183346,0.964229364711958,2.56657872992321,0.771611496063924,1.09368054623809,1.17033913917429,0.61034073894791,1.02314760210315,1.50295895390705,2.10725460453714,2.09057110813927,0.72254215963985,1.19552165755858,0.725163683298662,1.66690593585575,0.186118978234417,0.883088392719604,0.121408066657243,0.467674571502706,0.910766008179379,1.4315177831987,1.83405008913833,1.06764080295916,0.94053993247502,1.06387939307293,0.547423309984509,1.77917438360316,0.846087217353507,1.0417141121455,1.35605394334953,1.5592336313281,0.947284686131879,1.45185788801257,0.609801958352579,0.384964883167348
"EAM-ZYGI",0.121528503438094,0.469431689536126,1.35090307646504,1.16838011660639,0.829648436354873,0.588474323433435,0.59733299787733,1.34150611815821,0.741523047845799,0.538160854125124,0.952952997076972,0.136407266900541,0.753333791770137,0.683084131206439,1.06862997169562,0.416810827340463,0.241205966113089,0.00787284590249461,-0.517801270017686,0.237046873436501,-0.147061779727384,0.765553465090649,0.741843304505168,0.629171492775062,0.562863694456608,0.144789755663239,0.846087217353507,1.54930721659719,0.79588411086589,0.592598724485774,1.30710286565813,0.511824001953379,0.899070800980698,0.339036475102858,0.314457553240286
"ZYGI-TSP",0.262162125887194,0.589782858791141,1.61855718576898,0.779675158358286,0.757807148095959,0.696188361365717,0.366609809256763,1.02301588623755,0.938996662921823,1.21620274719383,1.34116884298303,0.29756742723849,0.699960470182666,0.443454613471537,0.960384206275922,0.168104289497771,0.611885446822877,0.0279188404900166,-0.0652991119187206,0.519975348466842,0.65470413738083,1.17616949352613,0.776266764686507,0.612772320727675,0.594436163398841,0.301142467364817,1.0417141121455,0.79588411086589,0.824636100604272,0.673978769403353,1.09184306587769,0.531540926821383,0.813293110748199,0.378372130826866,0.232028932921779
"LD-AS",0.202340961692692,0.752579738790512,2.11712424702144,0.911733877525709,1.04033536575874,0.933501524288211,0.6560662233459,1.30029879782571,1.22267038879684,0.945293077962335,1.72962277551014,0.271928172024112,1.06142415879662,0.751350504589359,1.38972971619956,0.203659716762606,0.485158661814971,0.0621175164431252,-0.062386383263838,0.391367084837776,1.23531781757767,1.30155139823611,1.15131870641409,0.869187616838077,0.691921947915279,0.342358988893209,1.35605394334953,0.592598724485774,0.673978769403353,2.55403440915909,1.75493347209089,1.21089120758657,1.22608781534421,0.0456934934338652,0.47544063247363
"BR-LD",0.284259962109154,0.834497942026719,2.50946418996749,1.30902058288752,1.23991589373035,1.13703159891037,0.810391215444277,1.64345414176478,1.45032284955356,1.31304180071226,2.06455301635472,0.233338714770328,1.27819635076293,0.941149376654884,1.67025564687148,0.382961229247326,0.722754183641491,0.0506953897267113,-0.108811633702476,0.541599692472987,0.937356941867221,1.63911718320233,1.29359698309681,0.995477697550148,0.872878691117751,0.38496766739778,1.5592336313281,1.30710286565813,1.09184306587769,1.75493347209089,2.55005608282894,1.00333345166313,1.40982553806773,0.43475466946802,0.455031797592279
"OPI-LD",0.21548940622908,0.608120270805495,1.4986874641149,0.615792625659765,0.700888763593333,0.711597271965793,0.494025789424018,0.841983606289899,0.873178657447881,0.856612860614957,1.17507550985539,0.348371286579014,0.848507694138749,0.584244418625984,1.07910938837856,0.264473830784001,0.421002033754432,0.0879351231881984,0.0653320008924879,0.39145626512659,0.872990915960123,0.967732842073456,0.670649993595055,0.676789710916543,0.538906445414369,0.217415929207787,0.947284686131879,0.511824001953379,0.531540926821383,1.21089120758657,1.00333345166313,0.948588787127503,0.914608415371887,0.192645915948767,0.321373100344877
"PT-AS",0.598396334078137,1.07283897792164,2.25265740355114,0.602288568875609,1.16593464550136,1.10365409412174,0.704411892543348,0.64783646976484,1.60177921635178,2.28421820063239,1.78585783558817,1.18553134469072,1.41880006649433,1.23752379411958,2.19450978238389,1.04426390239135,0.843763174445017,0.43417517242881,0.936077768411109,1.08531681736974,1.16856980334395,1.17489890155095,0.666942343718005,1.1045644328068,0.889594836458732,0.47628991908925,1.45185788801257,0.899070800980698,0.813293110748199,1.22608781534421,1.40982553806773,0.914608415371887,2.45283463359668,0.765122594711206,0.556681468410531
"JP-AS",0.336030419860307,0.424217264390726,1.04690130395276,0.188901074062996,0.431241515692214,0.525722150078059,0.255900288844091,0.167919737763947,0.711207110354928,1.28973448876516,0.84186012741689,0.501799944774893,0.516674408829499,0.37666782502528,0.736210640050325,0.26043158496235,0.410906867564066,0.135700668705807,0.534009721184386,0.610019621311951,0.593685241644268,0.771183132298547,0.213773866157698,0.409460167690715,0.405543543307477,0.218566543219439,0.609801958352579,0.339036475102858,0.378372130826866,0.0456934934338652,0.43475466946802,0.192645915948767,0.765122594711206,0.531327438386807,0.192246288586102
"BA-OPI",0.138351696697979,0.314979842806992,0.772059309020838,0.315147011537481,0.387892430815587,0.404855634731459,0.273252105614818,0.342555693250061,0.493787199493287,0.615920101983001,0.621893442265404,0.298042657745013,0.496508856035624,0.387046203754922,0.565643202448799,0.255031488325659,0.185986862748089,0.0742022680515404,0.179135419362329,0.287860744796758,0.361067839167323,0.451370829328965,0.263810690111949,0.366936517415453,0.174841301114826,0.0832546396926396,0.384964883167348,0.314457553240286,0.232028932921779,0.47544063247363,0.455031797592279,0.321373100344877,0.556681468410531,0.192246288586102,0.282783764422889
