"","IS-PM","IS-NLE","IS-PNS","PM-ZS","PM-ZI","PM-MT","NLE-NON","NLE-ZS","NLE-ZI","NON-BR","NON-PNS","BR-PT","BR-APET","PT-APET","PT-BA","PT-EAM","PT-ZYGI","PT-TSP","ZS-ZI","ZI-MT","ZI-ZYGI","ZI-TSP","MT-PNS","PNS-APET","APET-BA","APET-TS","BA-EAM","EAM-ZYGI","ZYGI-TSP","LD-AS","BR-LD","OPI-LD","PT-AS","JP-AS","BA-OPI"
"IS-PM",0.785691205267411,0.654385836286119,2.81560794138034,1.01259640455803,1.15916360274432,1.30467212611885,1.28145753824881,1.12935905643827,1.71829096356395,1.28466073622661,1.64846902455053,0.849240480952305,0.913216332865285,0.554646905397817,1.10209442502644,0.868567869508301,1.21190748501765,0.372697411532796,0.823505890707082,0.533823046135598,1.21381980885996,1.36912894763879,0.751956734667704,0.444969735340036,0.561234681097581,0.329324593540209,1.23183807201377,0.266209056850298,0.95860696381517,0.950230549116135,0.14628626668463,0.73931318993073,0.951889776701272,0.242825080994449,0.243033504920874
"IS-NLE",0.654385836286119,2.06544147257762,3.57601415148932,1.43252628476705,1.58068780235861,1.94865503214196,0.335530653668605,0.527701187802218,1.83946967821079,1.02025594547626,2.39649562207208,0.0050695359313321,1.33763689195769,0.678345726027811,1.1498425216486,0.458446817908815,1.65939653100497,0.336177963510458,1.40465931194253,0.677913186802494,2.69730690527705,3.29276798778649,1.31615008662426,1.01850821681478,0.714356679719137,0.142955073630971,1.65956884707984,0.641088190186656,1.24806496547189,0.424917871583617,0.51870949165407,1.50294400826821,1.22593133044454,0.866270713048222,0.306382795111113
"IS-PNS",2.81560794138034,3.57601415148932,14.9643861503859,4.89924859368922,6.23798818634768,7.46283623382413,5.49819214062104,4.44513517245562,7.14749389599429,6.79540369793211,7.65146039242864,2.76340215828142,2.79656762172351,1.52342183642815,3.9454523080482,3.27479484357333,4.90598892592222,1.11016473454614,3.06380069428765,2.67229709602616,6.49614752349884,7.50274411995912,4.50832355848899,1.41900684500479,2.32807149511198,0.816908939305764,4.85345804466909,1.55561461878352,3.63833411731761,3.39787156754215,-1.28726084576699,4.80511103733226,4.61233338515848,1.76640767245511,1.1953573737002
"PM-ZS",1.01259640455803,1.43252628476705,4.89924859368922,3.78801730052737,2.2179663702956,2.82283892116592,2.33786297609358,2.32481384663714,2.47926037623295,1.79836404112457,2.73746379679568,1.03029770034196,1.88479474012569,1.06198727061639,1.61388877821509,1.51531445251886,2.30647241809279,0.608920247775605,1.52289016066014,0.918844947583938,3.11382560130024,3.22546920065025,1.53583690607607,1.33844911919478,0.477621362598405,0.507122828616558,2.00008105584869,0.765334677898233,1.54916340641089,0.973475480172686,0.39681141604857,1.81139738700631,2.0995518115113,0.771287857222981,0.272214848808374
"PM-ZI",1.15916360274432,1.58068780235861,6.23798818634768,2.2179663702956,4.74106678581259,4.07208985475561,2.05632806348131,2.07796407360695,4.67425749663798,3.32030818442204,2.96960572508634,1.73742222681836,1.17196237576265,0.605371049532665,1.96224492419984,1.55466942611143,2.0360146004829,0.554222767110241,2.40594658406379,1.09890849014953,1.3220570724985,1.50564631061817,1.3257960916765,1.28237249744474,1.21311917991675,0.133800805819097,2.3243321717916,-0.0798796491613089,1.02639636459012,0.734756668986056,-0.790653842077854,2.14085642913849,2.50648184319856,0.968334805527764,0.413470072984989
"PM-MT",1.30467212611885,1.94865503214196,7.46283623382413,2.82283892116592,4.07208985475561,4.86161617487349,3.11576309693484,2.35977684662786,4.21232576665026,2.80466765250805,3.51573607842117,1.18822850455102,1.56432783920074,0.943281712758535,2.3192522016076,1.82639714716521,2.60148115699658,0.715730457004631,1.96353542788234,1.5497454151031,3.32053451105912,3.99799578141272,1.6026799356109,1.79290413348149,1.21977072575888,0.345329689119858,2.56421857823896,0.846779939428139,1.53870434052053,1.624918768613,-0.135721780594463,2.79520479225561,2.70476883251947,1.10494873680212,0.673865076370269
"NLE-NON",1.28145753824881,0.335530653668605,5.49819214062104,2.33786297609358,2.05632806348131,3.11576309693484,6.7943837052039,2.74504516201245,2.7330725931532,0.275390368377275,1.25842553677633,1.81019056005675,1.16393138490625,0.764337126675868,1.66183378651236,1.53288086420905,0.806987923664454,0.316570854205536,0.68898857064325,0.597266452695516,1.41337767009995,2.67992858924803,1.10484347998786,0.921282873917881,0.718055851662216,0.613366358112256,1.60165725948521,0.896085919012664,0.480868918646265,2.62766760229521,-0.851050159857565,2.60650068296122,1.68437624176843,0.168063961232169,0.36360928389338
"NLE-ZS",1.12935905643827,0.527701187802218,4.44513517245562,2.32481384663714,2.07796407360695,2.35977684662786,2.74504516201245,2.96600330837929,3.00101280752457,1.84561747994364,2.50610287911452,1.82153232805316,1.53363118005159,0.819052131571399,1.82415601278789,1.87266479224523,2.1595280822899,0.799589192851722,0.765037160554052,0.794902522279983,1.55795160685903,1.34420529483033,1.02293847404905,0.403144689262335,0.783174586264667,0.597260938363962,2.05554311272352,0.246090177959639,1.41283978668957,1.52144953325041,0.724785241498562,0.78219099752053,1.71511111235968,-0.0159967039186016,0.170177241941073
"NLE-ZI",1.71829096356395,1.83946967821079,7.14749389599429,2.47926037623295,4.67425749663798,4.21232576665026,2.7330725931532,3.00101280752457,6.11513653795747,4.21149052288308,4.45490228789778,2.73547106790002,2.46845661026385,1.44796039285362,3.31644792579,2.52286373698845,3.44692457790454,1.0483879150969,3.33500559506507,1.16807828413099,2.38727324100315,2.38963525340102,1.73397878290083,1.46287227145924,1.83259363432898,0.482082435711124,3.42061357245938,0.12523023259461,2.21075544351289,2.07449973673009,-0.155693553290826,2.44347827495439,3.31322685766287,1.15269134705489,0.602866343385484
"NON-BR",1.28466073622661,1.02025594547626,6.79540369793211,1.79836404112457,3.32030818442204,2.80466765250805,0.275390368377275,1.84561747994364,4.21149052288308,15.4928391442549,4.97112798328552,4.18360779144382,0.463153594143827,-0.444982709466545,0.911916608404476,0.199082486888995,2.3611624861004,-0.746852998748318,2.72377218878731,1.8142527199068,2.481870652782,2.52047527098754,2.21469041357221,0.733555332190536,1.3971945197659,0.0573660780907862,2.13066733734908,0.0740302795277792,2.76935466921975,2.55187451921104,-8.34561085285285,2.31791914978704,2.40482207184991,1.5431602934196,1.04379224160513
"NON-PNS",1.64846902455053,2.39649562207208,7.65146039242864,2.73746379679568,2.96960572508634,3.51573607842117,1.25842553677633,2.50610287911452,4.45490228789778,4.97112798328552,6.72549870730152,1.65673986931112,3.14641108563118,1.69924650472054,3.16354707984129,1.94780592680415,4.29034318981691,0.800004674583642,2.39156570943811,1.4041506038934,4.71406327134747,4.52057905525235,2.96472793286923,0.975546352221046,1.6729045081699,0.568639337984011,3.84240811229366,0.792922718407638,3.49254066615488,1.88118643893001,1.03512411494465,2.0680761020861,3.31058463036533,1.26095983615407,0.769625120936727
"BR-PT",0.849240480952305,0.0050695359313321,2.76340215828142,1.03029770034196,1.73742222681836,1.18822850455102,1.81019056005675,1.82153232805316,2.73547106790002,4.18360779144382,1.65673986931112,3.47634240227442,1.02689361571707,0.106153033452475,1.13614416717194,1.20146911157107,1.22491913979004,0.121865264498182,1.33893992486966,0.301889070593666,0.312787362961921,-0.460540860649027,0.940241410885404,-0.0794621640555273,0.799112038174859,0.208418406704782,1.22675927182045,-0.273934041035629,0.935518045392951,1.61124515205334,-2.28160620574415,1.08515594688917,1.28863373102424,0.138580737046045,0.341207008257426
"BR-APET",0.913216332865285,1.33763689195769,2.79656762172351,1.88479474012569,1.17196237576265,1.56432783920074,1.16393138490625,1.53363118005159,2.46845661026385,0.463153594143827,3.14641108563118,1.02689361571707,3.21877859436997,1.9964137842412,2.40858176159636,1.73930941079063,2.55079203523858,0.960996869972514,1.68338116358955,0.292514000515242,2.56069773202287,2.52294302878229,1.15548295694746,1.02122971823105,0.702831797741464,0.35162819148614,2.12140527092469,0.313431057807942,1.63281318937879,1.45164654737627,2.45636311050985,1.09582972051011,1.74587329401625,0.37739696183931,0.137913993179807
"PT-APET",0.554646905397817,0.678345726027811,1.52342183642815,1.06198727061639,0.605371049532665,0.943281712758535,0.764337126675868,0.819052131571399,1.44796039285362,-0.444982709466545,1.69924650472054,0.106153033452475,1.9964137842412,2.89259779285162,2.67961467644596,2.57016432036721,1.61264182578206,1.37557988670948,1.19233367309954,0.0718186691192307,1.42558910550236,1.49412702694364,0.531845020319495,1.22913773529276,-0.020739384806732,0.370067820187731,1.30695426591665,0.398322901542012,0.431687665125281,2.01537186445942,1.67738886905294,1.60638914643223,2.16680276269946,0.56348478169826,0.0708640080890789
"PT-BA",1.10209442502644,1.1498425216486,3.9454523080482,1.61388877821509,1.96224492419984,2.3192522016076,1.66183378651236,1.82415601278789,3.31644792579,0.911916608404476,3.16354707984129,1.13614416717194,2.40858176159636,2.67961467644596,4.24448937782205,3.57031124131417,3.26084459991798,1.6998052632013,1.89336487011015,0.881467182988455,2.63850868414282,2.58803304193218,1.15075044126687,1.5104482248293,1.58949921742789,0.612937309271603,2.86709433598339,0.749751772105965,1.7511876133823,2.5223999223205,1.71519630261622,2.46197927582881,3.60246100022414,1.18941827642031,0.155571973576821
"PT-EAM",0.868567869508301,0.458446817908815,3.27479484357333,1.51531445251886,1.55466942611143,1.82639714716521,1.53288086420905,1.87266479224523,2.52286373698845,0.199082486888995,1.94780592680415,1.20146911157107,1.73930941079063,2.57016432036721,3.57031124131417,4.59384332953936,2.79582929202272,2.1466837981643,1.11951561452847,0.814538693716821,1.56002965327079,1.22334800836374,0.72723113214704,0.707895860509897,0.839775586954815,0.475208352137293,1.75150884625148,0.622445876794638,0.990501752658044,2.56629811088873,1.59268433130321,1.65235906184564,3.23080723972787,0.555230779014292,0.045220015468713
"PT-ZYGI",1.21190748501765,1.65939653100497,4.90598892592222,2.30647241809279,2.0360146004829,2.60148115699658,0.806987923664454,2.1595280822899,3.44692457790454,2.3611624861004,4.29034318981691,1.22491913979004,2.55079203523858,1.61264182578206,3.26084459991798,2.79582929202272,4.470931986591,1.46692154225287,1.87667748290219,1.29669162339157,3.88299479046214,3.46383177717941,1.63767201430534,1.11863489333325,1.70216893374658,0.553259388297423,3.07189428322559,0.838407099467229,3.11002915893115,1.82354775730715,1.99472676032697,0.946651187255627,3.05346233407277,1.10055475582378,0.48455569865439
"PT-TSP",0.372697411532796,0.336177963510458,1.11016473454614,0.608920247775605,0.554222767110241,0.715730457004631,0.316570854205536,0.799589192851722,1.0483879150969,-0.746852998748318,0.800004674583642,0.121865264498182,0.960996869972514,1.37557988670948,1.6998052632013,2.1466837981643,1.46692154225287,1.72143795542785,0.580056092307203,0.278357275882254,0.560199652036201,0.664380570513588,0.0171168045571698,0.0842197019871473,0.354458539412254,0.193615484426497,0.955336720681074,-0.250371748209579,0.108469870750377,1.08615771765665,1.24563224218894,0.260873933667341,1.05452090921907,-0.0696860276729256,-0.105922358007945
"ZS-ZI",0.823505890707082,1.40465931194253,3.06380069428765,1.52289016066014,2.40594658406379,1.96353542788234,0.68898857064325,0.765037160554052,3.33500559506507,2.72377218878731,2.39156570943811,1.33893992486966,1.68338116358955,1.19233367309954,1.89336487011015,1.11951561452847,1.87667748290219,0.580056092307203,3.16908890150939,0.217646997781755,1.74680428219085,1.83347117015385,0.997153981991658,1.47266569014894,0.894286235962735,0.172832844757992,1.76459548288318,0.107576302032973,1.20378872268758,1.06301473709834,-0.925902852913701,2.01582918194934,2.03730169924126,1.35301178775574,0.513623783253467
"ZI-MT",0.533823046135598,0.677913186802494,2.67229709602616,0.918844947583938,1.09890849014953,1.5497454151031,0.597266452695516,0.794902522279983,1.16807828413099,1.8142527199068,1.4041506038934,0.301889070593666,0.292514000515242,0.0718186691192307,0.881467182988455,0.814538693716821,1.29669162339157,0.278357275882254,0.217646997781755,1.9737747316374,1.18967529631519,1.76534474755472,0.309999537852118,0.276811362910081,0.736761638717169,0.323453160682949,1.07644357576355,0.478026867873291,1.04448963656486,0.930568997556411,-0.522894732161634,0.625667520825882,0.509808246753642,0.107349305215582,0.188236652502927
"ZI-ZYGI",1.21381980885996,2.69730690527705,6.49614752349884,3.11382560130024,1.3220570724985,3.32053451105912,1.41337767009995,1.55795160685903,2.38727324100315,2.481870652782,4.71406327134747,0.312787362961921,2.56069773202287,1.42558910550236,2.63850868414282,1.56002965327079,3.88299479046214,0.560199652036201,1.74680428219085,1.18967529631519,7.36536149124753,7.31566214808238,2.69753606549307,2.12618529225151,1.38792005613789,0.735576066634815,2.77017142290942,1.91195393976733,3.23231669033339,1.73741667560037,1.76937142776611,2.87232433429009,2.91901762634214,2.03098643708056,0.686070975623173
"ZI-TSP",1.36912894763879,3.29276798778649,7.50274411995912,3.22546920065025,1.50564631061817,3.99799578141272,2.67992858924803,1.34420529483033,2.38963525340102,2.52047527098754,4.52057905525235,-0.460540860649027,2.52294302878229,1.49412702694364,2.58803304193218,1.22334800836374,3.46383177717941,0.664380570513588,1.83347117015385,1.76534474755472,7.31566214808238,9.38732090072529,2.55038748926586,2.467378515951,1.47112660689201,0.614261245344159,3.08981503998287,2.52931113423557,2.93481650700759,2.63706094161173,1.24652120830067,3.55708368082341,2.48905689725438,1.99139719785086,0.768614819526545
"MT-PNS",0.751956734667704,1.31615008662426,4.50832355848899,1.53583690607607,1.3257960916765,1.6026799356109,1.10484347998786,1.02293847404905,1.73397878290083,2.21469041357221,2.96472793286923,0.940241410885404,1.15548295694746,0.531845020319495,1.15075044126687,0.72723113214704,1.63767201430534,0.0171168045571698,0.997153981991658,0.309999537852118,2.69753606549307,2.55038748926586,2.40602422157252,-0.0905622142666478,0.705317657979993,0.209543726761309,1.49768120933151,0.739717579471934,1.52147334430956,0.882187139803847,-0.667848588528319,1.87473198093339,1.61105867566552,0.884802364300702,0.301825708007328
"PNS-APET",0.444969735340036,1.01850821681478,1.41900684500479,1.33844911919478,1.28237249744474,1.79290413348149,0.921282873917881,0.403144689262335,1.46287227145924,0.733555332190536,0.975546352221046,-0.0794621640555273,1.02122971823105,1.22913773529276,1.5104482248293,0.707895860509897,1.11863489333325,0.0842197019871473,1.47266569014894,0.276811362910081,2.12618529225151,2.467378515951,-0.0905622142666478,3.13900797524296,0.278272115255704,0.396073798726806,1.17336434547653,0.977041019061303,0.868596560891325,0.967860585144491,0.959520518960349,1.59464797354974,2.1568807686926,1.35174319446251,0.496268329562587
"APET-BA",0.561234681097581,0.714356679719137,2.32807149511198,0.477621362598405,1.21311917991675,1.21977072575888,0.718055851662216,0.783174586264667,1.83259363432898,1.3971945197659,1.6729045081699,0.799112038174859,0.702831797741464,-0.020739384806732,1.58949921742789,0.839775586954815,1.70216893374658,0.354458539412254,0.894286235962735,0.736761638717169,1.38792005613789,1.47112660689201,0.705317657979993,0.278272115255704,1.64789453503649,0.192776467645057,1.60202426815197,0.321631824858609,1.39930804645293,0.375667951639419,-0.0678522928649789,0.812782123549303,1.2971715005812,0.644168775740614,-0.0122331364607826
"APET-TS",0.329324593540209,0.142955073630971,0.816908939305764,0.507122828616558,0.133800805819097,0.345329689119858,0.613366358112256,0.597260938363962,0.482082435711124,0.0573660780907862,0.568639337984011,0.208418406704782,0.35162819148614,0.370067820187731,0.612937309271603,0.475208352137293,0.553259388297423,0.193615484426497,0.172832844757992,0.323453160682949,0.735576066634815,0.614261245344159,0.209543726761309,0.396073798726806,0.192776467645057,0.517652266636905,0.669452462818093,0.216266839722407,0.532209273469374,0.528296609731538,0.294035435847916,0.402834720462852,0.501747280999337,0.114949273738846,0.0521118541866552
"BA-EAM",1.23183807201377,1.65956884707984,4.85345804466909,2.00008105584869,2.3243321717916,2.56421857823896,1.60165725948521,2.05554311272352,3.42061357245938,2.13066733734908,3.84240811229366,1.22675927182045,2.12140527092469,1.30695426591665,2.86709433598339,1.75150884625148,3.07189428322559,0.955336720681074,1.76459548288318,1.07644357576355,2.77017142290942,3.08981503998287,1.49768120933151,1.17336434547653,1.60202426815197,0.669452462818093,3.70086086306973,0.598408622051432,2.32182372612934,1.84720935603124,0.963538833719497,2.03817203557791,2.37695806332009,0.765757868707227,0.318903781484807
"EAM-ZYGI",0.266209056850298,0.641088190186656,1.55561461878352,0.765334677898233,-0.0798796491613089,0.846779939428139,0.896085919012664,0.246090177959639,0.12523023259461,0.0740302795277792,0.792922718407638,-0.273934041035629,0.313431057807942,0.398322901542012,0.749751772105965,0.622445876794638,0.838407099467229,-0.250371748209579,0.107576302032973,0.478026867873291,1.91195393976733,2.52931113423557,0.739717579471934,0.977041019061303,0.321631824858609,0.216266839722407,0.598408622051432,2.4950023817889,1.37389674204754,1.00696441313791,0.616700381193765,0.937671206396417,0.875037669811133,0.801278102693503,0.353771268456129
"ZYGI-TSP",0.95860696381517,1.24806496547189,3.63833411731761,1.54916340641089,1.02639636459012,1.53870434052053,0.480868918646265,1.41283978668957,2.21075544351289,2.76935466921975,3.49254066615488,0.935518045392951,1.63281318937879,0.431687665125281,1.7511876133823,0.990501752658044,3.11002915893115,0.108469870750377,1.20378872268758,1.04448963656486,3.23231669033339,2.93481650700759,1.52147334430956,0.868596560891325,1.39930804645293,0.532209273469374,2.32182372612934,1.37389674204754,3.22299473429674,1.08331977073859,0.790317597346247,0.535915879446125,1.72995816074523,0.959845223505366,0.474500518772355
"LD-AS",0.950230549116135,0.424917871583617,3.39787156754215,0.973475480172686,0.734756668986056,1.624918768613,2.62766760229521,1.52144953325041,2.07449973673009,2.55187451921104,1.88118643893001,1.61124515205334,1.45164654737627,2.01537186445942,2.5223999223205,2.56629811088873,1.82354775730715,1.08615771765665,1.06301473709834,0.930568997556411,1.73741667560037,2.63706094161173,0.882187139803847,0.967860585144491,0.375667951639419,0.528296609731538,1.84720935603124,1.00696441313791,1.08331977073859,5.71856358894103,-0.636818307243217,2.87688579180449,1.32691094121831,0.431107732239324,0.995393852877531
"BR-LD",0.14628626668463,0.51870949165407,-1.28726084576699,0.39681141604857,-0.790653842077854,-0.135721780594463,-0.851050159857565,0.724785241498562,-0.155693553290826,-8.34561085285285,1.03512411494465,-2.28160620574415,2.45636311050985,1.67738886905294,1.71519630261622,1.59268433130321,1.99472676032697,1.24563224218894,-0.925902852913701,-0.522894732161634,1.76937142776611,1.24652120830067,-0.667848588528319,0.959520518960349,-0.0678522928649789,0.294035435847916,0.963538833719497,0.616700381193765,0.790317597346247,-0.636818307243217,14.7435901420013,-3.8875005589163,0.622040021998216,-0.523426369856018,0.39420643852541
"OPI-LD",0.73931318993073,1.50294400826821,4.80511103733226,1.81139738700631,2.14085642913849,2.79520479225561,2.60650068296122,0.78219099752053,2.44347827495439,2.31791914978704,2.0680761020861,1.08515594688917,1.09582972051011,1.60638914643223,2.46197927582881,1.65235906184564,0.946651187255627,0.260873933667341,2.01582918194934,0.625667520825882,2.87232433429009,3.55708368082341,1.87473198093339,1.59464797354974,0.812782123549303,0.402834720462852,2.03817203557791,0.937671206396417,0.535915879446125,2.87688579180449,-3.8875005589163,6.27750685979314,2.56619799139807,1.81905700188123,0.195013085797755
"PT-AS",0.951889776701272,1.22593133044454,4.61233338515848,2.0995518115113,2.50648184319856,2.70476883251947,1.68437624176843,1.71511111235968,3.31322685766287,2.40482207184991,3.31058463036533,1.28863373102424,1.74587329401625,2.16680276269946,3.60246100022414,3.23080723972787,3.05346233407277,1.05452090921907,2.03730169924126,0.509808246753642,2.91901762634214,2.48905689725438,1.61105867566552,2.1568807686926,1.2971715005812,0.501747280999337,2.37695806332009,0.875037669811133,1.72995816074523,1.32691094121831,0.622040021998216,2.56619799139807,5.49163204805793,2.11223073105461,0.508769730382944
"JP-AS",0.242825080994449,0.866270713048222,1.76640767245511,0.771287857222981,0.968334805527764,1.10494873680212,0.168063961232169,-0.0159967039186016,1.15269134705489,1.5431602934196,1.26095983615407,0.138580737046045,0.37739696183931,0.56348478169826,1.18941827642031,0.555230779014292,1.10055475582378,-0.0696860276729256,1.35301178775574,0.107349305215582,2.03098643708056,1.99139719785086,0.884802364300702,1.35174319446251,0.644168775740614,0.114949273738846,0.765757868707227,0.801278102693503,0.959845223505366,0.431107732239324,-0.523426369856018,1.81905700188123,2.11223073105461,1.82237936715154,0.428241153010279
"BA-OPI",0.243033504920874,0.306382795111113,1.1953573737002,0.272214848808374,0.413470072984989,0.673865076370269,0.36360928389338,0.170177241941073,0.602866343385484,1.04379224160513,0.769625120936727,0.341207008257426,0.137913993179807,0.0708640080890789,0.155571973576821,0.045220015468713,0.48455569865439,-0.105922358007945,0.513623783253467,0.188236652502927,0.686070975623173,0.768614819526545,0.301825708007328,0.496268329562587,-0.0122331364607826,0.0521118541866552,0.318903781484807,0.353771268456129,0.474500518772355,0.995393852877531,0.39420643852541,0.195013085797755,0.508769730382944,0.428241153010279,0.902195136883615
