"","IS-PM","IS-NLE","IS-PNS","PM-ZS","PM-ZI","PM-MT","NLE-NON","NLE-ZS","NLE-ZI","NON-BR","NON-PNS","BR-PT","BR-APET","PT-APET","PT-BA","PT-EAM","PT-ZYGI","PT-TSP","ZS-ZI","ZI-MT","ZI-ZYGI","ZI-TSP","MT-PNS","PNS-APET","APET-BA","APET-TS","BA-EAM","EAM-ZYGI","ZYGI-TSP","LD-AS","BR-LD","OPI-LD","PT-AS","JP-AS","BA-OPI"
"IS-PM",1.46365495583653,0.89669537749632,3.41735808792294,0.519259837268981,0.98621410029882,1.13674691777958,0.892232786844774,1.41516183186517,2.0514366587974,1.420441174086,2.11196448349849,0.202833012766956,0.790092311608428,0.6252031284351,1.01507599175942,0.875625198821694,1.39085377333755,0.285008017859382,0.409960928739406,0.660329740193345,1.09879782197055,1.51679233323022,1.17569245546439,0.424888857519132,0.230771935243627,0.199229102909731,0.236597499561412,1.32580892259851,1.01202242816182,0.207727311944875,1.26962295531258,-0.143348189743966,0.510961433193831,0.38653423391371,0.332010450196958
"IS-NLE",0.89669537749632,2.02059576189596,3.06510276093368,0.854499141466514,0.911630049516899,1.45741735288652,0.869495212323197,0.832382751652548,1.08623450661631,0.528365108293371,1.65568443526943,0.291142001030142,0.908848452394775,0.792345840810147,1.38649862680467,1.13505072079262,1.1948801039442,-0.0889008085701975,-0.110107919964339,0.533241356284592,1.62084505729605,1.19788707258647,0.735273964160729,0.629094021164186,0.247176109635814,0.291756356347324,0.515822704440664,0.802008786563984,0.98714844528009,0.830799894108495,0.894143881693227,0.747084245632044,0.999137401265508,0.348680336093028,0.298573260519437
"IS-PNS",3.41735808792294,3.06510276093368,12.7408762561853,2.75326948807317,4.07558613392426,4.63707087823823,3.20921500589155,4.68203145286286,6.26401374644337,4.86681226676989,7.42244007032145,1.22402610481539,2.88879511479484,2.1881929953484,3.38838557460156,2.85724637245425,3.80334647093911,0.507462439890836,0.840508492919818,1.93422358226525,4.15903944234484,4.60153545090331,4.35647692735768,0.519254188702397,0.0160267460360359,1.30434065956214,1.58065609794446,3.09670614701358,2.9907962937053,1.079815536989,4.36481891958167,0.58662776698751,3.33062505078959,1.50281992245772,1.00434823363547
"PM-ZS",0.519259837268981,0.854499141466514,2.75326948807317,2.39750289896369,2.5413950078935,1.82421149234759,0.74643270552922,1.57643146925765,2.58713654310526,2.10941339119409,1.83830002850594,0.366669591235116,1.02971487095701,0.368126345224073,1.00387776070164,0.865378373659174,1.12378301148275,0.301760918844054,1.45157204650341,0.718586676605087,0.644027692472716,1.17292439218837,0.939868507891279,1.18006715216759,0.319547869984146,0.299268890726397,0.997608345024073,0.465025312712953,0.922143392643969,0.511604538190088,2.28210596903609,-0.170173978570837,1.44189744264965,0.318205667232108,0.326222318126859
"PM-ZI",0.98621410029882,0.911630049516899,4.07558613392426,2.5413950078935,4.77386175349103,2.67180459205271,0.93333457619135,2.88195817508551,5.85829772636702,3.64068153615568,3.17365470366325,0.773263307843695,1.60012124976647,0.61831271936428,1.40227200184379,1.8134984349074,2.04913088944489,0.129565381925877,3.08136177024863,1.63770776690437,-0.615962336404657,0.279021304409346,1.35930513171394,1.32917157422967,0.159256731321449,0.723258173121015,0.421885499575102,2.24143805458248,1.70139213302356,1.10401622264272,3.02646211445383,-0.0152333613283156,2.29883512539097,0.532722724503997,0.448480161394603
"PM-MT",1.13674691777958,1.45741735288652,4.63707087823823,1.82421149234759,2.67180459205271,3.76345765668076,1.70305319737535,2.1767931107918,3.42280931408623,2.03115625868329,2.66086161929068,0.646829398781768,1.83963360728041,1.00859184975361,1.89594112637588,1.64218425041201,2.08572650519514,0.58103577293491,0.951802000841295,1.25778685047548,1.75550975235627,2.38344829754324,0.875103531393822,1.35335564238992,0.311301398444236,0.476478891881009,1.37264462055643,1.22599087934513,1.73042615153411,0.836465295994644,3.40656829402457,0.582621391358181,2.27786814114707,0.954516554042054,0.468933806212769
"NLE-NON",0.892232786844774,0.869495212323197,3.20921500589155,0.74643270552922,0.93333457619135,1.70305319737535,8.21209216857702,1.72541946139073,1.63795698016898,-5.00960970581157,0.219303433217143,-0.236239245685284,1.24276045058069,1.12816268271662,1.74540484339703,1.23665674970051,1.91946748148969,0.672671746691236,-0.427008941469792,0.370102712756161,1.14487715364368,3.06390590257472,1.07347153954022,0.783373428176205,0.531614315245809,0.638294985097121,0.503178683448946,2.25040403925705,1.81118701283777,0.399608220228915,2.74518355507765,0.516160292974801,1.92470476321891,0.0312619522043994,0.0535415528705237
"NLE-ZS",1.41516183186517,0.832382751652548,4.68203145286286,1.57643146925765,2.88195817508551,2.1767931107918,1.72541946139073,3.52445048672956,4.57119327464038,2.98109500350249,2.99331387904536,0.796086228674624,1.37850149776862,0.64164482819223,1.05777938731948,1.15343846411938,1.69922186978509,0.142339034530833,0.645212053703993,0.978701959903739,0.988418001164329,1.3069058008572,1.62201357337846,0.91876141924016,-0.227594336285731,0.61897547533439,0.35809472221492,1.30649449152165,1.3100593169283,0.960644508857165,2.69939575215179,-0.143228436298431,2.45628725457614,0.528572567312237,0.703455245957844
"NLE-ZI",2.0514366587974,1.08623450661631,6.26401374644337,2.58713654310526,5.85829772636702,3.42280931408623,1.63795698016898,4.57119327464038,8.91019689512796,5.6494861726222,5.1269655138787,1.38146377275939,2.14762004103764,0.792700403453086,2.16423948404709,2.50864229194609,3.33811125857776,0.213515504547041,4.33964615722085,2.53039347344656,-0.357216181759843,0.452552849936314,2.07987864015586,1.37164726950327,0.139744146453777,0.963382392125384,0.0658760629096444,3.85147833010234,2.60995030833186,1.564478822971,3.04398805772688,0.132939789371286,3.41291240511604,0.92740076146277,1.01173430644254
"NON-BR",1.420441174086,0.528365108293371,4.86681226676989,2.10941339119409,3.64068153615568,2.03115625868329,-5.00960970581157,2.98109500350249,5.6494861726222,15.1179663239472,5.51559840554669,1.22833901909381,0.50257562681644,-0.0701472047620975,0.802504785133113,0.734560187982044,1.26470549991066,0.277384989603707,2.65830562992608,1.88313358037437,1.35741181157318,0.479031859453989,1.52759728040769,1.00543276839943,-0.108763133053651,0.438211114098523,0.433234397583304,0.369468288664611,0.288988486249837,0.270807009253379,-3.26776727358582,-0.442255800284501,1.81354750897677,0.61324731577929,0.93875890490238
"NON-PNS",2.11196448349849,1.65568443526943,7.42244007032145,1.83830002850594,3.17365470366325,2.66086161929068,0.219303433217143,2.99331387904536,5.1269655138787,5.51559840554669,7.34465478901945,1.41815294233726,3.10271546573555,2.11524062565478,2.66945477068578,2.4833601048228,2.81486154617876,0.435738310065818,1.76146978316549,2.09194756634013,2.47262137520647,2.99208938367708,3.02089334037951,0.189702514162794,-0.107468397665708,1.00565286290384,1.76718432543328,0.806190995614528,2.37197329945966,1.32910105238355,2.94725869020253,0.387058321496271,2.83819180968983,1.30848322048641,0.750418018621322
"BR-PT",0.202833012766956,0.291142001030142,1.22402610481539,0.366669591235116,0.773263307843695,0.646829398781768,-0.236239245685284,0.796086228674624,1.38146377275939,1.22833901909381,1.41815294233726,1.4147939224888,0.995680571626093,0.277284641523398,0.253834765991685,0.109234520389305,0.117237845890859,-0.411439791995217,0.585430436101265,0.764535621927774,0.206102979535814,-0.170271291890171,0.349067898255178,-0.285346525250405,-0.43740207732113,0.338664117714988,0.275810806835362,-0.0634832106361454,0.451250895348408,0.730006632869286,-0.394725471080324,0.70291165366177,0.874417031908498,0.593610290117684,0.197661754093297
"BR-APET",0.790092311608428,0.908848452394775,2.88879511479484,1.02971487095701,1.60012124976647,1.83963360728041,1.24276045058069,1.37850149776862,2.14762004103764,0.50257562681644,3.10271546573555,0.995680571626093,3.10565204799273,1.93366124026808,1.87397421378295,1.76634577615634,1.12732367954546,0.51499255275978,0.598594213178505,1.02504855505969,1.40008595118811,2.01429325354279,1.07301719131965,0.645919972946647,-0.127182651565076,0.777040298597392,1.56705910833494,-0.563758596069275,1.04284019121273,1.00019642788081,2.96350530133518,0.735715669062457,1.99769575923657,0.777796188321739,0.231333245163997
"PT-APET",0.6252031284351,0.792345840810147,2.1881929953484,0.368126345224073,0.61831271936428,1.00859184975361,1.12816268271662,0.64164482819223,0.792700403453086,-0.0701472047620975,2.11524062565478,0.277284641523398,1.93366124026808,2.07618130333666,1.60397703295914,1.42814712187836,0.798600389304733,0.458346024376975,-0.127371232704203,0.494398275709292,1.10341604796114,1.57920117642569,0.912663109045009,0.321644250093994,-0.259437971278358,0.514540439432059,0.869771505609642,-0.348347353789532,0.547254478171885,0.522662207856723,1.92669193156816,0.167651316341124,1.14904635548993,0.496484309953889,0.130387268866061
"PT-BA",1.01507599175942,1.38649862680467,3.38838557460156,1.00387776070164,1.40227200184379,1.89594112637588,1.74540484339703,1.05777938731948,2.16423948404709,0.802504785133113,2.66945477068578,0.253834765991685,1.87397421378295,1.60397703295914,5.06097944001637,2.88533279915511,2.57423023450579,0.897727838364737,1.14700493893377,1.10369768377973,2.40506137078404,2.18154758826068,1.16264413749295,0.303141062730422,3.41007952434062,1.18873472829937,2.45910682457211,1.88780422852539,2.10337286934813,2.13055474068763,2.02958750601228,2.36814793948458,2.79643214689779,0.263649664576394,0.630822878321228
"PT-EAM",0.875625198821694,1.13505072079262,2.85724637245425,0.865378373659174,1.8134984349074,1.64218425041201,1.23665674970051,1.15343846411938,2.50864229194609,0.734560187982044,2.4833601048228,0.109234520389305,1.76634577615634,1.42814712187836,2.88533279915511,3.30564145414074,2.01001449526678,0.235807874412265,1.15414957096937,1.0252463210966,1.30147962804474,0.763383741798908,0.936761067632971,0.833583122784457,1.03820672602414,0.738280273126,0.218087573117185,2.39185197658428,1.49383466302519,1.11335931458124,2.96692768672414,0.773375293087382,2.69456802122213,0.287518494776969,0.0913471136880597
"PT-ZYGI",1.39085377333755,1.1948801039442,3.80334647093911,1.12378301148275,2.04913088944489,2.08572650519514,1.91946748148969,1.69922186978509,3.33811125857776,1.26470549991066,2.81486154617876,0.117237845890859,1.12732367954546,0.798600389304733,2.57423023450579,2.01001449526678,3.62240785542329,0.521060603319643,1.6383827279211,1.54349108204652,1.60501305645925,2.18919078374602,1.35622266667201,0.731800044877948,1.44124618103399,0.5332555622499,1.26886316801734,2.51853464261606,2.95299490236579,1.00010573377512,2.99904988652358,0.148305287599577,1.92881472399475,0.401530703426474,0.51728876161293
"PT-TSP",0.285008017859382,-0.0889008085701975,0.507462439890836,0.301760918844054,0.129565381925877,0.58103577293491,0.672671746691236,0.142339034530833,0.213515504547041,0.277384989603707,0.435738310065818,-0.411439791995217,0.51499255275978,0.458346024376975,0.897727838364737,0.235807874412265,0.521060603319643,1.54139676659913,0.205200114771793,-0.363866406490229,0.196866408066657,1.58632580415134,0.19816332757322,0.192071028962304,0.623675719517459,0.0696378287678843,0.449555887880632,0.328128840012983,0.251848175513579,0.229648474717997,0.577461461023685,0.19393653298669,0.165135858657633,-0.190451428428222,0.221205004893784
"ZS-ZI",0.409960928739406,-0.110107919964339,0.840508492919818,1.45157204650341,3.08136177024863,0.951802000841295,-0.427008941469792,0.645212053703993,4.33964615722085,2.65830562992608,1.76146978316549,0.585430436101265,0.598594213178505,-0.127371232704203,1.14700493893377,1.15414957096937,1.6383827279211,0.205200114771793,4.80569465356891,1.61740461980622,-1.84304366476201,-1.22907052203454,0.283148596023446,0.443670262374589,0.700507033300156,0.253736932959951,-0.230926339629168,2.65815531557555,1.23967318844854,0.378819543768168,0.0666982752178349,0.108963373293315,0.712257585323008,0.253060667940835,0.288909411146129
"ZI-MT",0.660329740193345,0.533241356284592,1.93422358226525,0.718586676605087,1.63770776690437,1.25778685047548,0.370102712756161,0.978701959903739,2.53039347344656,1.88313358037437,2.09194756634013,0.764535621927774,1.02504855505969,0.494398275709292,1.10369768377973,1.0252463210966,1.54349108204652,-0.363866406490229,1.61740461980622,1.8336361631248,0.627187699347619,0.715104778117142,0.548819401233569,0.455764676760332,0.570614988813059,0.434862616234168,0.798113628363207,0.957499345109831,1.38577143787697,0.610755850473759,0.876337402959925,0.27347272173994,0.961958383158677,0.704161197665787,0.0810838396766968
"ZI-ZYGI",1.09879782197055,1.62084505729605,4.15903944234484,0.644027692472716,-0.615962336404657,1.75550975235627,1.14487715364368,0.988418001164329,-0.357216181759843,1.35741181157318,2.47262137520647,0.206102979535814,1.40008595118811,1.10341604796114,2.40506137078404,1.30147962804474,1.60501305645925,0.196866408066657,-1.84304366476201,0.627187699347619,5.52536226369352,4.18221211590811,1.23974265229928,0.733774978122656,1.45841805874924,0.477670301153429,2.46906861085374,-1.02123009618389,1.23167708371107,0.376400030124718,2.59251889433679,0.64432478694787,1.95552691353849,0.721345916666614,0.504130725345544
"ZI-TSP",1.51679233323022,1.19788707258647,4.60153545090331,1.17292439218837,0.279021304409346,2.38344829754324,3.06390590257472,1.3069058008572,0.452552849936314,0.479031859453989,2.99208938367708,-0.170271291890171,2.01429325354279,1.57920117642569,2.18154758826068,0.763383741798908,2.18919078374602,1.58632580415134,-1.22907052203454,0.715104778117142,4.18221211590811,7.25297999244807,1.90131895513529,1.08389151301384,1.56257086722334,0.328710237863175,3.30363226490452,-0.737491849641356,2.19435653878172,0.339506761571314,3.83996808361936,-0.149895808276389,0.690814437787927,0.46696974329022,0.329354820747712
"MT-PNS",1.17569245546439,0.735273964160729,4.35647692735768,0.939868507891279,1.35930513171394,0.875103531393822,1.07347153954022,1.62201357337846,2.07987864015586,1.52759728040769,3.02089334037951,0.349067898255178,1.07301719131965,0.912663109045009,1.16264413749295,0.936761067632971,1.35622266667201,0.19816332757322,0.283148596023446,0.548819401233569,1.23974265229928,1.90131895513529,2.47643894750679,-0.186353108266958,-0.0513008602228584,0.71548337056849,0.970561469400466,0.800246307813718,1.16350376852957,0.365169098566435,2.19916287572575,-0.547486753238904,0.935562017920384,0.292693753640421,0.439787897668431
"PNS-APET",0.424888857519132,0.629094021164186,0.519254188702397,1.18006715216759,1.32917157422967,1.35335564238992,0.783373428176205,0.91876141924016,1.37164726950327,1.00543276839943,0.189702514162794,-0.285346525250405,0.645919972946647,0.321644250093994,0.303141062730422,0.833583122784457,0.731800044877948,0.192071028962304,0.443670262374589,0.455764676760332,0.733774978122656,1.08389151301384,-0.186353108266958,2.70254184471106,-0.265945708119891,-0.273744460928717,0.647483388566315,-0.119711781959898,0.354053457789843,0.00797613987954248,2.5317456807937,-1.25185267904083,0.62318665098755,0.0119808350048024,0.0570230441848861
"APET-BA",0.230771935243627,0.247176109635814,0.0160267460360359,0.319547869984146,0.159256731321449,0.311301398444236,0.531614315245809,-0.227594336285731,0.139744146453777,-0.108763133053651,-0.107468397665708,-0.43740207732113,-0.127182651565076,-0.259437971278358,3.41007952434062,1.03820672602414,1.44124618103399,0.623675719517459,0.700507033300156,0.570614988813059,1.45841805874924,1.56257086722334,-0.0513008602228584,-0.265945708119891,4.75185180970319,0.580138230131453,2.04416511214832,1.59291936865913,1.31413624112728,1.46236767458232,0.269865665525911,2.28205133727707,0.60496387299871,-0.436680155963624,0.23834388170464
"APET-TS",0.199229102909731,0.291756356347324,1.30434065956214,0.299268890726397,0.723258173121015,0.476478891881009,0.638294985097121,0.61897547533439,0.963382392125384,0.438211114098523,1.00565286290384,0.338664117714988,0.777040298597392,0.514540439432059,1.18873472829937,0.738280273126,0.5332555622499,0.0696378287678843,0.253736932959951,0.434862616234168,0.477670301153429,0.328710237863175,0.71548337056849,-0.273744460928717,0.580138230131453,1.02885570634302,0.667454976356301,0.509604446747007,0.509378054722678,0.814507118746777,0.875391813706707,0.739816600179577,1.27943610746885,0.330273687155728,0.271945533655276
"BA-EAM",0.236597499561412,0.515822704440664,1.58065609794446,0.997608345024073,0.421885499575102,1.37264462055643,0.503178683448946,0.35809472221492,0.0658760629096444,0.433234397583304,1.76718432543328,0.275810806835362,1.56705910833494,0.869771505609642,2.45910682457211,0.218087573117185,1.26886316801734,0.449555887880632,-0.230926339629168,0.798113628363207,2.46906861085374,3.30363226490452,0.970561469400466,0.647483388566315,2.04416511214832,0.667454976356301,4.97271272688775,-2.9093708010623,1.43379708538994,0.641591952348461,2.58592171712577,0.440194472578613,0.951664113964405,0.70966465764024,0.471930413429178
"EAM-ZYGI",1.32580892259851,0.802008786563984,3.09670614701358,0.465025312712953,2.24143805458248,1.22599087934513,2.25040403925705,1.30649449152165,3.85147833010234,0.369468288664611,0.806190995614528,-0.0634832106361454,-0.563758596069275,-0.348347353789532,1.88780422852539,2.39185197658428,2.51853464261606,0.328128840012983,2.65815531557555,0.957499345109831,-1.02123009618389,-0.737491849641356,0.800246307813718,-0.119711781959898,1.59291936865913,0.509604446747007,-2.9093708010623,7.65352190540504,1.90352551016026,1.4080032339784,0.659063212962893,1.02915147112451,1.11712424883381,-0.46226747739054,0.139343234086516
"ZYGI-TSP",1.01202242816182,0.98714844528009,2.9907962937053,0.922143392643969,1.70139213302356,1.73042615153411,1.81118701283777,1.3100593169283,2.60995030833186,0.288988486249837,2.37197329945966,0.451250895348408,1.04284019121273,0.547254478171885,2.10337286934813,1.49383466302519,2.95299490236579,0.251848175513579,1.23967318844854,1.38577143787697,1.23167708371107,2.19435653878172,1.16350376852957,0.354053457789843,1.31413624112728,0.509378054722678,1.43379708538994,1.90352551016026,2.96932363135131,1.13398916837061,2.62693872457043,0.524061343160807,1.6775207842754,0.568286270686572,0.263299726953773
"LD-AS",0.207727311944875,0.830799894108495,1.079815536989,0.511604538190088,1.10401622264272,0.836465295994644,0.399608220228915,0.960644508857165,1.564478822971,0.270807009253379,1.32910105238355,0.730006632869286,1.00019642788081,0.522662207856723,2.13055474068763,1.11335931458124,1.00010573377512,0.229648474717997,0.378819543768168,0.610755850473759,0.376400030124718,0.339506761571314,0.365169098566435,0.00797613987954248,1.46236767458232,0.814507118746777,0.641591952348461,1.4080032339784,1.13398916837061,3.34033434017855,0.457814720634351,2.4893754192274,1.28801338705898,-0.0781685737189288,0.439043785757207
"BR-LD",1.26962295531258,0.894143881693227,4.36481891958167,2.28210596903609,3.02646211445383,3.40656829402457,2.74518355507765,2.69939575215179,3.04398805772688,-3.26776727358582,2.94725869020253,-0.394725471080324,2.96350530133518,1.92669193156816,2.02958750601228,2.96692768672414,2.99904988652358,0.577461461023685,0.0666982752178349,0.876337402959925,2.59251889433679,3.83996808361936,2.19916287572575,2.5317456807937,0.269865665525911,0.875391813706707,2.58592171712577,0.659063212962893,2.62693872457043,0.457814720634351,16.2848328987443,-3.31193850087531,3.7509463738355,0.793660042883294,0.416714241507105
"OPI-LD",-0.143348189743966,0.747084245632044,0.58662776698751,-0.170173978570837,-0.0152333613283156,0.582621391358181,0.516160292974801,-0.143228436298431,0.132939789371286,-0.442255800284501,0.387058321496271,0.70291165366177,0.735715669062457,0.167651316341124,2.36814793948458,0.773375293087382,0.148305287599577,0.19393653298669,0.108963373293315,0.27347272173994,0.64432478694787,-0.149895808276389,-0.547486753238904,-1.25185267904083,2.28205133727707,0.739816600179577,0.440194472578613,1.02915147112451,0.524061343160807,2.4893754192274,-3.31193850087531,5.08847912161691,1.00089127423997,0.352696283504452,0.017964392511345
"PT-AS",0.510961433193831,0.999137401265508,3.33062505078959,1.44189744264965,2.29883512539097,2.27786814114707,1.92470476321891,2.45628725457614,3.41291240511604,1.81354750897677,2.83819180968983,0.874417031908498,1.99769575923657,1.14904635548993,2.79643214689779,2.69456802122213,1.92881472399475,0.165135858657633,0.712257585323008,0.961958383158677,1.95552691353849,0.690814437787927,0.935562017920384,0.62318665098755,0.60496387299871,1.27943610746885,0.951664113964405,1.11712424883381,1.6775207842754,1.28801338705898,3.7509463738355,1.00089127423997,5.2373019036429,0.839710007432819,0.502283820140858
"JP-AS",0.38653423391371,0.348680336093028,1.50281992245772,0.318205667232108,0.532722724503997,0.954516554042054,0.0312619522043994,0.528572567312237,0.92740076146277,0.61324731577929,1.30848322048641,0.593610290117684,0.777796188321739,0.496484309953889,0.263649664576394,0.287518494776969,0.401530703426474,-0.190451428428222,0.253060667940835,0.704161197665787,0.721345916666614,0.46696974329022,0.292693753640421,0.0119808350048024,-0.436680155963624,0.330273687155728,0.70966465764024,-0.46226747739054,0.568286270686572,-0.0781685737189288,0.793660042883294,0.352696283504452,0.839710007432819,1.39694976044493,0.183265599829183
"BA-OPI",0.332010450196958,0.298573260519437,1.00434823363547,0.326222318126859,0.448480161394603,0.468933806212769,0.0535415528705237,0.703455245957844,1.01173430644254,0.93875890490238,0.750418018621322,0.197661754093297,0.231333245163997,0.130387268866061,0.630822878321228,0.0913471136880597,0.51728876161293,0.221205004893784,0.288909411146129,0.0810838396766968,0.504130725345544,0.329354820747712,0.439787897668431,0.0570230441848861,0.23834388170464,0.271945533655276,0.471930413429178,0.139343234086516,0.263299726953773,0.439043785757207,0.416714241507105,0.017964392511345,0.502283820140858,0.183265599829183,0.853941537796158
