"","IS-PM","IS-NLE","IS-PNS","PM-ZS","PM-ZI","PM-MT","NLE-NON","NLE-ZS","NLE-ZI","NON-BR","NON-PNS","BR-PT","BR-APET","PT-APET","PT-BA","PT-EAM","PT-ZYGI","PT-TSP","ZS-ZI","ZI-MT","ZI-ZYGI","ZI-TSP","MT-PNS","PNS-APET","APET-BA","APET-TS","BA-EAM","EAM-ZYGI","ZYGI-TSP","LD-AS","BR-LD","OPI-LD","PT-AS","JP-AS","BA-OPI"
"IS-PM",3.93203148227374,3.32476840492523,6.07273132681678,2.35005966891066,0.217264657605667,2.54004942966057,1.70161852319329,1.91932700415736,2.37128427180214,6.93074251385979,3.77616720462996,1.37260353654111,2.17785246558789,0.976543436759625,3.52915998525042,1.79865933417843,3.45552795985364,0.515860349065481,1.21959816862696,-1.16456978658413,6.15260077580856,6.81291791072799,1.8287590687852,3.21937220049934,2.91556680297695,0.635147457651073,2.40048100598536,1.83839721408414,3.60485395974797,0.438154654171058,2.53019386253856,0.500338872736776,5.03149649179212,2.83411279983763,2.30833690831664
"IS-NLE",3.32476840492523,11.5212115925752,10.0487094283787,6.4766526571044,5.07241529487663,6.62462217935306,3.59569515005146,3.58544049350121,6.12180269667824,9.53223186384644,7.36432853617475,4.58417189320116,4.8539240120011,1.19874076647993,4.44641246072936,2.28933626440772,4.22850296472921,-0.899956915366966,2.74002768656706,-0.430023882317933,6.30902962372359,6.30275685791409,2.99140945918846,4.34324357502785,2.59610278147254,0.920134087957091,3.72102444949999,2.87486184221841,5.19566293559447,0.85546594680345,4.53261242862235,1.72966070561074,8.65689724305355,6.69029660284642,1.87984152105301
"IS-PNS",6.07273132681678,10.0487094283787,21.04579784265,11.3863158479112,10.3715348392633,12.7050834461223,9.1067906987225,8.27290947505678,11.2524666003734,19.1765127312356,12.6991944267806,6.63874540079588,6.75941919016307,0.592695595662494,7.43412346989924,2.58328493310544,9.53709235486333,0.218096749589574,4.55060503773123,-0.832247891873384,13.2942623073191,15.0418087245132,7.40281334702994,7.59805505063897,6.77969488397151,1.67828651473651,7.77922549811445,6.04282782232193,10.4656451624982,0.238937447243624,8.36889572807014,0.763328210896672,12.0020838303229,7.28182818877418,4.45493416165468
"PM-ZS",2.35005966891066,6.4766526571044,11.3863158479112,9.20943221175445,9.11963705257316,7.97612348456324,7.03767014900551,5.46877044869168,7.7000487276482,10.327966144257,7.35110107853544,3.69943396522102,5.21885017800517,1.91715910495733,4.36519335416925,2.87384657032706,6.17904784630636,0.438684971475216,3.47982892633379,1.53504778636506,6.22048211929952,7.97221342570555,4.2896042884282,5.00159011639611,3.00325164836885,1.01611120418796,4.04601267000575,3.18690535510546,6.38075296522959,-0.443370477652566,6.25951834250202,0.0192600279648541,7.76511419870033,5.43110258806294,2.49166840998789
"PM-ZI",0.217264657605667,5.07241529487663,10.3715348392633,9.11963705257316,16.4116856402904,8.68162093593426,6.1916517886213,5.43841813177508,11.4689739009574,6.3010128032045,4.24559932428881,4.19962018653592,4.6613338649255,0.721327445046061,2.32226348140943,1.41753669050311,3.90558666260542,0.176513900585067,5.88927911291443,5.63368783713843,-1.77159128700464,0.511719830428078,4.77106043470826,4.39454616442346,0.552151455787789,0.528595638180049,2.12806209369245,3.36460937139964,4.06070826089007,-0.528984390312526,7.55437239795057,0.34885232734694,6.13062372995597,3.42927486241674,2.08802613689094
"PM-MT",2.54004942966057,6.62462217935306,12.7050834461223,7.97612348456324,8.68162093593426,10.8162575949769,6.08333365832693,5.92560589221569,7.91680561360293,13.3827223835591,9.01105404770545,5.47569432603778,5.6968703809644,0.670169408839209,4.59273674215185,1.92384650186082,6.00364014546327,0.0826727608247566,2.80012341741052,-0.958747795169945,8.072201692839,8.21096974969877,4.63572142837108,6.08415428714884,3.47826724775633,1.27380169267286,4.97024091412931,4.23495543812744,6.4738802665834,0.0146998813211748,5.69279067527386,1.14986896158368,7.94002553772842,5.8302448122796,2.25848398224968
"NLE-NON",1.70161852319329,3.59569515005146,9.1067906987225,7.03767014900551,6.1916517886213,6.08333365832693,14.8827647367091,7.09845196097074,7.70778429974099,9.21541435628832,8.02986706618381,3.6601043413456,5.89411773091675,2.04585947723403,3.88339754042026,2.56489006740673,6.36206276506229,0.592013065718647,2.17531430752679,1.30425488073218,7.7560041601767,10.2224514163645,2.56715607853269,5.92900037558039,2.95187956845276,0.807126964825777,5.41329229992288,1.37034628647289,6.42073340358709,-1.26725177467402,5.34700521976375,-1.98513252730842,5.91473585455001,5.62368533736072,1.75663876330589
"NLE-ZS",1.91932700415736,3.58544049350121,8.27290947505678,5.46877044869168,5.43841813177508,5.92560589221569,7.09845196097074,9.70207044594617,8.74863792550623,5.80041122723516,7.31485267402241,3.02365325642296,5.48345265940965,2.18246650578851,3.72287985023721,2.83711207438211,6.47344087701863,0.715075560157429,0.0887257676952274,1.6272380050933,6.38997592656445,7.17853803935613,3.04576935936152,3.10222589847606,2.38062976844817,1.40732263611899,4.8038427505493,1.1285037230151,6.13212389067982,1.9540416334011,4.19995412475058,2.45035850852629,5.25246234400313,6.09687029817606,1.35108880959927
"NLE-ZI",2.37128427180214,6.12180269667824,11.2524666003734,7.7000487276482,11.4689739009574,7.91680561360293,7.70778429974099,8.74863792550623,13.7750591417275,7.64679565170422,7.55297160512337,5.67598089193119,6.1975285323461,1.1644897787528,4.65791016059255,2.41383575911611,6.0146404094313,0.42541723935306,5.36840849370015,3.80428664701415,3.006030235486,3.96394464750402,4.32852362589058,4.56976944482719,2.10723310673374,1.09205677736486,4.31530300712256,2.85996141645893,6.15179043115867,1.32260189764339,7.25930904140461,2.73715710554982,7.96776817801707,6.76153329173566,2.13232536392684
"NON-BR",6.93074251385979,9.53223186384644,19.1765127312356,10.327966144257,6.3010128032045,13.3827223835591,9.21541435628832,5.80041122723516,7.64679565170422,39.4671921514509,16.53774009444,8.84227901613983,4.8264264047292,-0.0639128054133036,8.82263913087152,3.74194296937429,9.40243726826959,-0.45375343461398,3.96351034401466,-4.12937357609467,19.734174229391,18.9047460134909,5.16787176306857,14.0358875186074,7.84929678594107,1.69064310335268,7.08757395344278,10.2486753682405,10.7013400350916,-1.64926760002454,1.70124358908534,-1.92561011634623,14.8982219846948,7.88304603323502,5.27183945888738
"NON-PNS",3.77616720462996,7.36432853617475,12.6991944267806,7.35110107853544,4.24559932428881,9.01105404770545,8.02986706618381,7.31485267402241,7.55297160512337,16.53774009444,13.8473126088868,5.38910284083878,6.748243109257,2.59557523180587,6.86456102601724,3.69850724027478,7.77506471220423,0.141634817691412,1.9039785159491,-2.28030759505274,12.2689473531412,12.8644590733005,4.49498785227395,6.10147683354047,5.02996486147397,1.99070197965684,6.46059000323868,4.2353288955075,8.15083119476314,0.462904251745353,5.00444479467952,1.27311141609453,10.3830730348158,7.98179328670675,2.88259451837081
"BR-PT",1.37260353654111,4.58417189320116,6.63874540079588,3.69943396522102,4.19962018653592,5.47569432603778,3.6601043413456,3.02365325642296,5.67598089193119,8.84227901613983,5.38910284083878,7.32021927774261,2.58572012874088,-3.04337102276913,1.95749294163888,-0.664190613270957,1.44664608421929,-0.284362541778007,2.63401541960407,-0.354590183837514,4.67480801796283,0.753336998663019,1.92759109807755,3.88779758316641,1.63813077029824,0.5004146058671,2.23922212348217,3.40419578824862,2.24335031637798,0.299940120356208,1.94763099266437,1.21851764661631,5.80414804843737,2.0908717701221,0.901603049207315
"BR-APET",2.17785246558789,4.8539240120011,6.75941919016307,5.21885017800517,4.6613338649255,5.6968703809644,5.89411773091675,5.48345265940965,6.1975285323461,4.8264264047292,6.748243109257,2.58572012874088,7.90830851672888,4.58812344969986,5.25830984337382,4.3173636900071,6.48894553999347,0.600975964263506,1.83753854649804,0.386254583459022,6.430118794112,8.75019398957103,3.22668315852187,5.33565265361987,1.98098255825772,1.74560628076689,4.4824906148648,1.81091120186535,6.32979404765163,0.567464217741325,7.28343715340622,1.54972543817482,7.25526216452926,7.52281105096982,2.12432049184505
"PT-APET",0.976543436759625,1.19874076647993,0.592695595662494,1.91715910495733,0.721327445046061,0.670169408839209,2.04585947723403,2.18246650578851,1.1644897787528,-0.0639128054133036,2.59557523180587,-3.04337102276913,4.58812344969986,7.96925065174626,5.34696215007052,6.26201403422224,4.81953084553543,0.86079031399558,0.115506735460488,0.171075451856044,3.09187911158282,7.00352451599771,1.89640491592211,3.07429246524845,0.360324126913007,0.808452371941598,1.91362503755122,-0.23153187578122,3.83544521455697,-1.30366861448382,5.70027591704138,-0.845177759973438,4.55830377935645,5.49297689944118,1.47128296969038
"PT-BA",3.52915998525042,4.44641246072936,7.43412346989924,4.36519335416925,2.32226348140943,4.59273674215185,3.88339754042026,3.72287985023721,4.65791016059255,8.82263913087152,6.86456102601724,1.95749294163888,5.25830984337382,5.34696215007052,10.5992829708997,7.61917286304489,7.18323958374428,1.49727888099821,2.24815539287752,-1.49726405405203,10.1779965961427,8.97090584323766,4.15603374750503,6.91265310555427,5.1449640377605,1.49139277791235,4.9069188538612,3.53255155750047,6.33718470180192,-2.57819549809864,8.93097264909437,-1.45189243768307,12.451467347754,6.57486756183216,2.42446303223595
"PT-EAM",1.79865933417843,2.28933626440772,2.58328493310544,2.87384657032706,1.41753669050311,1.92384650186082,2.56489006740673,2.83711207438211,2.41383575911611,3.74194296937429,3.69850724027478,-0.664190613270957,4.3173636900071,6.26201403422224,7.61917286304489,8.1228867515649,6.11528778758213,1.69119666626171,0.710759972608046,0.0952023868761369,6.44790255992914,5.82365110940625,2.27084113596894,4.80824070270697,2.0266603250416,0.920392942976455,2.01558300769911,1.16889915124206,4.73623090257166,-2.19020120478422,7.09497682788306,-1.35017872868513,9.24476727672225,5.4045127649781,1.53033515924792
"PT-ZYGI",3.45552795985364,4.22850296472921,9.53709235486333,6.17904784630636,3.90558666260542,6.00364014546327,6.36206276506229,6.47344087701863,6.0146404094313,9.40243726826959,7.77506471220423,1.44664608421929,6.48894553999347,4.81953084553543,7.18323958374428,6.11528778758213,10.0451595722398,1.27081162774063,1.41930020962325,0.318812045325301,10.8614596956184,12.9924185901841,3.95894799457483,6.13390910677764,4.17406124975469,1.88771370682636,5.36824952618257,2.84609203972424,9.4034727593936,-0.177643866686977,7.46340692782014,-0.649861219307798,8.61204131899122,6.942151863809,2.4448186238813
"PT-TSP",0.515860349065481,-0.899956915366966,0.218096749589574,0.438684971475216,0.176513900585067,0.0826727608247566,0.592013065718647,0.715075560157429,0.42541723935306,-0.45375343461398,0.141634817691412,-0.284362541778007,0.600975964263506,0.86079031399558,1.49727888099821,1.69119666626171,1.27081162774063,2.30538051462774,0.103364161471294,0.467043803180462,1.64691026063489,1.32846269373628,0.0414955981685172,1.61208115057755,0.530582946993999,0.0678477756628252,0.0901771946416551,0.375561512631079,0.221052475077969,-0.911688349171323,2.0790333809669,-0.908479024564312,1.76207358357465,-0.963438994411961,0.29108873327904
"ZS-ZI",1.21959816862696,2.74002768656706,4.55060503773123,3.47982892633379,5.88927911291443,2.80012341741052,2.17531430752679,0.0887257676952274,5.36840849370015,3.96351034401466,1.9039785159491,2.63401541960407,1.83753854649804,0.115506735460488,2.24815539287752,0.710759972608046,1.41930020962325,0.103364161471294,5.37929057533161,1.80901893954252,-0.578296650874842,0.336974850314816,1.91428887334558,2.42416987294941,0.838365244677245,0.100703036174487,0.618857476637003,1.99633542586267,1.72639617713987,-0.74493332458553,3.96898794355934,0.00914617245665702,4.11165444483822,1.77079416139454,1.53374847817255
"ZI-MT",-1.16456978658413,-0.430023882317933,-0.832247891873384,1.53504778636506,5.63368783713843,-0.958747795169945,1.30425488073218,1.6272380050933,3.80428664701415,-4.12937357609467,-2.28030759505274,-0.354590183837514,0.386254583459022,0.171075451856044,-1.49726405405203,0.0952023868761369,0.318812045325301,0.467043803180462,1.80901893954252,6.16374831374587,-5.19309064060307,-3.20936411785481,-0.464975812316257,-0.590669328609068,-1.65236980173629,0.0387830045565306,-1.01217221666622,-0.747312473254242,0.0111384441072501,1.0439471959427,1.04586469474544,0.284337829168939,-0.962780015448337,-0.995924591214062,-0.0856552979930853
"ZI-ZYGI",6.15260077580856,6.30902962372359,13.2942623073191,6.22048211929952,-1.77159128700464,8.072201692839,7.7560041601767,6.38997592656445,3.006030235486,19.734174229391,12.2689473531412,4.67480801796283,6.430118794112,3.09187911158282,10.1779965961427,6.44790255992914,10.8614596956184,1.64691026063489,-0.578296650874842,-5.19309064060307,22.9650870290318,20.0487319371777,4.4591078939988,9.81779753782499,8.42926939201105,2.42211335616226,7.88785564541208,4.7491459781493,10.4968836743912,-0.381997476422436,5.6815345797757,-0.959077227032583,13.1781283428512,6.95979629282489,3.451567326391
"ZI-TSP",6.81291791072799,6.30275685791409,15.0418087245132,7.97221342570555,0.511719830428078,8.21096974969877,10.2224514163645,7.17853803935613,3.96394464750402,18.9047460134909,12.8644590733005,0.753336998663019,8.75019398957103,7.00352451599771,8.97090584323766,5.82365110940625,12.9924185901841,1.32846269373628,0.336974850314816,-3.20936411785481,20.0487319371777,27.799018954272,5.00427134237832,9.9921676701169,7.79718018743775,2.7016518025984,9.54136683249614,4.22472284848348,13.1710905841812,0.28324941174953,7.08658645677093,-1.80843209693301,8.96333715733347,8.481288262036,5.08854239530224
"MT-PNS",1.8287590687852,2.99140945918846,7.40281334702994,4.2896042884282,4.77106043470826,4.63572142837108,2.56715607853269,3.04576935936152,4.32852362589058,5.16787176306857,4.49498785227395,1.92759109807755,3.22668315852187,1.89640491592211,4.15603374750503,2.27084113596894,3.95894799457483,0.0414955981685172,1.91428887334558,-0.464975812316257,4.4591078939988,5.00427134237832,5.03577180978565,3.23633864581639,2.00396560808019,0.794570984931878,2.79620600860117,3.29988039846325,4.03682970914536,-1.34897392270971,5.10139048492276,-0.496902595033915,6.03050089301845,3.80424424838642,2.12904268973362
"PNS-APET",3.21937220049934,4.34324357502785,7.59805505063897,5.00159011639611,4.39454616442346,6.08415428714884,5.92900037558039,3.10222589847606,4.56976944482719,14.0358875186074,6.10147683354047,3.88779758316641,5.33565265361987,3.07429246524845,6.91265310555427,4.80824070270697,6.13390910677764,1.61208115057755,2.42416987294941,-0.590669328609068,9.81779753782499,9.9921676701169,3.23633864581639,12.1183952209579,2.13343914673633,0.357700655456719,4.14333120402389,5.47831639426662,5.97432135737963,-3.34679466512667,6.67655788553891,-3.05950878181678,10.0223429872623,4.9824942180002,2.39401069119689
"APET-BA",2.91556680297695,2.59610278147254,6.77969488397151,3.00325164836885,0.552151455787789,3.47826724775633,2.95187956845276,2.38062976844817,2.10723310673374,7.84929678594107,5.02996486147397,1.63813077029824,1.98098255825772,0.360324126913007,5.1449640377605,2.0266603250416,4.17406124975469,0.530582946993999,0.838365244677245,-1.65236980173629,8.42926939201105,7.79718018743775,2.00396560808019,2.13343914673633,6.49817192645458,1.89383416466866,4.16485489896672,2.2124931691515,4.1551840196483,0.428856325621683,2.96571204390807,-0.206621837859216,5.4631603804044,2.05440333214316,1.7171833727994
"APET-TS",0.635147457651073,0.920134087957091,1.67828651473651,1.01611120418796,0.528595638180049,1.27380169267286,0.807126964825777,1.40732263611899,1.09205677736486,1.69064310335268,1.99070197965684,0.5004146058671,1.74560628076689,0.808452371941598,1.49139277791235,0.920392942976455,1.88771370682636,0.0678477756628252,0.100703036174487,0.0387830045565306,2.42211335616226,2.7016518025984,0.794570984931878,0.357700655456719,1.89383416466866,1.57383790658275,1.49914217140571,0.76281765123359,1.78821346877029,1.06149048994576,0.324391342425585,0.595012370102049,1.29123016292058,1.59558210535575,0.71384283434066
"BA-EAM",2.40048100598536,3.72102444949999,7.77922549811445,4.04601267000575,2.12806209369245,4.97024091412931,5.41329229992288,4.8038427505493,4.31530300712256,7.08757395344278,6.46059000323868,2.23922212348217,4.4824906148648,1.91362503755122,4.9069188538612,2.01558300769911,5.36824952618257,0.0901771946416551,0.618857476637003,-1.01217221666622,7.88785564541208,9.54136683249614,2.79620600860117,4.14333120402389,4.16485489896672,1.49914217140571,6.22466768594797,1.67898724357323,5.68379185695362,0.267411851583383,4.35304637003435,0.291187120192082,5.44555767445032,5.92574293851506,1.24506369417178
"EAM-ZYGI",1.83839721408414,2.87486184221841,6.04282782232193,3.18690535510546,3.36460937139964,4.23495543812744,1.37034628647289,1.1285037230151,2.85996141645893,10.2486753682405,4.2353288955075,3.40419578824862,1.81091120186535,-0.23153187578122,3.53255155750047,1.16889915124206,2.84609203972424,0.375561512631079,1.99633542586267,-0.747312473254242,4.7491459781493,4.22472284848348,3.29988039846325,5.47831639426662,2.2124931691515,0.76281765123359,1.67898724357323,6.8681824849025,3.30246053375682,-2.03601545673502,2.9255968233806,-2.20152240026205,5.2830361801852,0.589813960585691,1.72158017120815
"ZYGI-TSP",3.60485395974797,5.19566293559447,10.4656451624982,6.38075296522959,4.06070826089007,6.4738802665834,6.42073340358709,6.13212389067982,6.15179043115867,10.7013400350916,8.15083119476314,2.24335031637798,6.32979404765163,3.83544521455697,6.33718470180192,4.73623090257166,9.4034727593936,0.221052475077969,1.72639617713987,0.0111384441072501,10.4968836743912,13.1710905841812,4.03682970914536,5.97432135737963,4.1551840196483,1.78821346877029,5.68379185695362,3.30246053375682,9.59603854139666,0.273181622600322,6.69398581953211,-0.345001360712558,7.84637220625465,7.04728134210488,2.48255009577321
"LD-AS",0.438154654171058,0.85546594680345,0.238937447243624,-0.443370477652566,-0.528984390312526,0.0146998813211748,-1.26725177467402,1.9540416334011,1.32260189764339,-1.64926760002454,0.462904251745353,0.299940120356208,0.567464217741325,-1.30366861448382,-2.57819549809864,-2.19020120478422,-0.177643866686977,-0.911688349171323,-0.74493332458553,1.0439471959427,-0.381997476422436,0.28324941174953,-1.34897392270971,-3.34679466512667,0.428856325621683,1.06149048994576,0.267411851583383,-2.03601545673502,0.273181622600322,6.46913096025623,-4.38885027319045,6.26051789266753,-3.49857230666472,-0.270124411811698,-0.478840456127904
"BR-LD",2.53019386253856,4.53261242862235,8.36889572807014,6.25951834250202,7.55437239795057,5.69279067527386,5.34700521976375,4.19995412475058,7.25930904140461,1.70124358908534,5.00444479467952,1.94763099266437,7.28343715340622,5.70027591704138,8.93097264909437,7.09497682788306,7.46340692782014,2.0790333809669,3.96898794355934,1.04586469474544,5.6815345797757,7.08658645677093,5.10139048492276,6.67655788553891,2.96571204390807,0.324391342425585,4.35304637003435,2.9255968233806,6.69398581953211,-4.38885027319045,18.6784906969399,-3.39169431805377,12.7739549035587,7.16118220059843,2.07837992824748
"OPI-LD",0.500338872736776,1.72966070561074,0.763328210896672,0.0192600279648541,0.34885232734694,1.14986896158368,-1.98513252730842,2.45035850852629,2.73715710554982,-1.92561011634623,1.27311141609453,1.21851764661631,1.54972543817482,-0.845177759973438,-1.45189243768307,-1.35017872868513,-0.649861219307798,-0.908479024564312,0.00914617245665702,0.284337829168939,-0.959077227032583,-1.80843209693301,-0.496902595033915,-3.05950878181678,-0.206621837859216,0.595012370102049,0.291187120192082,-2.20152240026205,-0.345001360712558,6.26051789266753,-3.39169431805377,9.30401816952047,-0.966746008805136,2.05172268136377,-0.935143949966773
"PT-AS",5.03149649179212,8.65689724305355,12.0020838303229,7.76511419870033,6.13062372995597,7.94002553772842,5.91473585455001,5.25246234400313,7.96776817801707,14.8982219846948,10.3830730348158,5.80414804843737,7.25526216452926,4.55830377935645,12.451467347754,9.24476727672225,8.61204131899122,1.76207358357465,4.11165444483822,-0.962780015448337,13.1781283428512,8.96333715733347,6.03050089301845,10.0223429872623,5.4631603804044,1.29123016292058,5.44555767445032,5.2830361801852,7.84637220625465,-3.49857230666472,12.7739549035587,-0.966746008805136,20.7023374532091,10.3404020662048,3.76410248239632
"JP-AS",2.83411279983763,6.69029660284642,7.28182818877418,5.43110258806294,3.42927486241674,5.8302448122796,5.62368533736072,6.09687029817606,6.76153329173566,7.88304603323502,7.98179328670675,2.0908717701221,7.52281105096982,5.49297689944118,6.57486756183216,5.4045127649781,6.942151863809,-0.963438994411961,1.77079416139454,-0.995924591214062,6.95979629282489,8.481288262036,3.80424424838642,4.9824942180002,2.05440333214316,1.59558210535575,5.92574293851506,0.589813960585691,7.04728134210488,-0.270124411811698,7.16118220059843,2.05172268136377,10.3404020662048,14.9927545344872,1.90629467267283
"BA-OPI",2.30833690831664,1.87984152105301,4.45493416165468,2.49166840998789,2.08802613689094,2.25848398224968,1.75663876330589,1.35108880959927,2.13232536392684,5.27183945888738,2.88259451837081,0.901603049207315,2.12432049184505,1.47128296969038,2.42446303223595,1.53033515924792,2.4448186238813,0.29108873327904,1.53374847817255,-0.0856552979930853,3.451567326391,5.08854239530224,2.12904268973362,2.39401069119689,1.7171833727994,0.71384283434066,1.24506369417178,1.72158017120815,2.48255009577321,-0.478840456127904,2.07837992824748,-0.935143949966773,3.76410248239632,1.90629467267283,3.31285222068897
