"","IS-PM","IS-NLE","IS-PNS","PM-ZS","PM-ZI","PM-MT","NLE-NON","NLE-ZS","NLE-ZI","NON-BR","NON-PNS","BR-PT","BR-APET","PT-APET","PT-BA","PT-EAM","PT-ZYGI","PT-TSP","ZS-ZI","ZI-MT","ZI-ZYGI","ZI-TSP","MT-PNS","PNS-APET","APET-BA","APET-TS","BA-EAM","EAM-ZYGI","ZYGI-TSP","LD-AS","BR-LD","OPI-LD","PT-AS","JP-AS","BA-OPI"
"IS-PM",1.0797685276084,1.40714719158267,1.84664835972696,0.773969448851423,1.03920935424776,1.00578016294772,0.520329071392114,0.619009142008384,1.45117901985643,0.983386496817602,1.34871162648463,0.597061962371815,0.863126035449918,0.386320888522803,0.868436799921547,0.417452034762978,0.688936112279892,-0.331738722502717,0.93040205354738,0.652924202121313,1.05306526676297,1.0224593684056,0.0180731242199886,0.875013429652426,0.943403788100028,0.223416747520072,0.734534828903809,0.6042643615791,0.865409833906422,1.02514060367803,0.125406885348805,1.47928592406127,0.521215774857957,0.562371571087478,0.298361139228379
"IS-NLE",1.40714719158267,3.96365136787968,3.24940571518656,1.97834997305902,2.03921999011368,2.11881422370766,-0.237987162168416,0.865511910017373,2.13318595118186,2.02805349027519,2.36335523955884,1.03141584084471,1.88907623242418,0.934479582403229,1.84886623494603,1.20357977455402,2.18874776561384,-0.0667887998473568,1.30204871459574,1.08620922863391,2.40850105583904,2.12086586055585,0.203512869346675,1.75299267513667,1.50781015429373,0.422265066928607,1.28801422952162,1.33996108173891,2.2047252044375,1.64768076451236,0.284926287652365,2.71999236842307,1.45668962053063,1.24876857093631,0.241704747525087
"IS-PNS",1.84664835972696,3.24940571518656,9.86409591621054,4.85590057865139,5.2099095896328,7.14585367866787,4.36028803927841,4.85152846858,5.36318727417891,3.56610078056731,5.62455962887742,1.81845024904978,1.75651787002434,0.612817195850468,4.11278174383665,2.43370107860189,1.8846170842165,0.571068694905543,0.924734035138555,1.28035062010164,4.72766104051763,2.43797039042239,0.670228696009904,0.713640579779266,3.79484299101326,0.86972120550771,2.2774984572105,1.37874335112153,1.28602031614084,2.28800037947542,-0.438832530543828,4.94488440713814,3.72507598172474,2.09051131991413,0.659385306644742
"PM-ZS",0.773969448851423,1.97834997305902,4.85590057865139,3.76367735758775,3.68427845077599,4.47761175347071,2.94998068072994,4.12120140482381,3.74730167815764,1.83828642275606,3.05168397934492,0.71481414029315,1.34938189752137,0.748505221139553,3.06348807451355,2.08155667921354,1.5122704829025,0.400144823021591,-0.183619301182118,0.123592017019337,2.47191720655389,1.3096827774085,0.352087333963747,1.36148067498024,2.6205241470157,0.390767704526259,1.52975617726386,0.829272202168285,1.19095465359814,1.78319972024542,-0.29258681373088,3.29363706071175,2.8110975529237,1.29837137836496,0.430665588114068
"PM-ZI",1.03920935424776,2.03921999011368,5.2099095896328,3.68427845077599,4.6859768039395,4.55100260794314,2.70987368533175,3.93539742145555,4.80304794046105,2.95741834727793,3.72025121091619,1.1456813992762,1.77092727356269,0.934425111819919,3.35740086398343,2.32261258066344,1.54677220291922,-0.0230725005173242,0.862673116163387,0.0122680218831131,2.17793040865256,0.912275731104995,0.431123076720758,1.98383375779923,2.74668305315703,0.616805642479889,1.65227158200145,1.05046461283749,1.37730869577888,1.77943339230941,0.186679850788107,3.68655156459293,3.27095556913555,2.12241126161982,0.617820097510647
"PM-MT",1.00578016294772,2.11881422370766,7.14585367866787,4.47761175347071,4.55100260794314,7.07801876803409,4.34184380569814,4.81323711143502,4.57214730197874,2.644359201571,4.23813372864299,1.02468446612653,1.61794209891981,0.960094745448333,3.68391419301307,2.70161231945149,1.67220004666182,0.991648971600212,0.046141401365043,1.19325034306288,3.80321308204349,2.17486447577079,0.0374439507850783,1.71305097986565,2.81493051591136,0.619147147865492,1.48647162795013,1.31580244035146,0.838620070919139,1.35752842733989,-1.00168290532887,4.08012520203005,3.26674082128636,2.3609953715954,0.664298641311853
"NLE-NON",0.520329071392114,-0.237987162168416,4.36028803927841,2.94998068072994,2.70987368533175,4.34184380569814,9.21763805372079,4.37582033276654,3.50128448744494,-1.1962002396824,1.80167821603763,0.654735515675403,0.235097968443754,0.179831083359661,2.08988578270437,1.5070500044218,0.552893128451918,1.72317999398404,-0.107062320070652,-0.383269653336884,2.47030135571476,1.1222556841043,0.490376115996614,0.307883314127223,1.93249415612452,0.259343298944772,0.917809154394517,0.117669424815428,-0.766649561574317,0.371010999872357,-0.20333586724159,1.54785477813086,2.81048813803946,1.60054195033886,0.750672133612675
"NLE-ZS",0.619009142008384,0.865511910017373,4.85152846858,4.12120140482381,3.93539742145555,4.81323711143502,4.37582033276654,6.3293276571678,4.62959529950024,1.09280337176319,2.88483829732431,0.601036721701949,1.20236318707511,0.43357736044494,3.15560029377306,1.67162641721784,0.740786081778215,0.360381785961226,-1.59816178204532,-0.511727770829726,2.41166463969576,0.741467834795815,0.420561166731282,1.67674614459706,2.81522992755209,-0.00909118104075725,2.02304357805705,0.428089132086178,0.599946379728813,1.85710199455816,-0.549028626149628,3.47529168747712,3.13340542847504,1.27126893416483,0.667124814374132
"NLE-ZI",1.45117901985643,2.13318595118186,5.36318727417891,3.74730167815764,4.80304794046105,4.57214730197874,3.50128448744494,4.62959529950024,5.84257837299969,3.35236325840755,4.30059219705794,1.57442502038838,2.45951069790242,1.36109733831661,3.97627737232673,2.48103298909526,1.96229766353659,-0.166949091961053,1.35999776885366,0.205142116966041,2.54351959206014,1.37532220766731,0.615193462985506,2.67613029119889,3.04320897504332,0.556450718896932,2.37619184191294,1.31651733232237,1.91930649785039,2.57492070910387,0.0767633153463918,4.55936217769261,3.87173689980147,2.44128952171024,1.01981676498521
"NON-BR",0.983386496817602,2.02805349027519,3.56610078056731,1.83828642275606,2.95741834727793,2.644359201571,-1.1962002396824,1.09280337176319,3.35236325840755,9.25064479650096,3.9925241390694,2.31024257970226,1.9398614329478,1.54384498702578,3.12381834138536,1.69076441915099,1.95593022498843,-0.127229157778701,2.28353612637699,1.31811487217276,1.28257966990939,2.65957658011648,0.615760372752207,1.6934189565891,2.29990387063586,0.810120993318231,2.40922390282102,1.86625539147137,2.36731686100944,0.550514618574002,-0.245548656798296,1.95641814858814,2.24949450458038,2.03761040849636,0.489179558615112
"NON-PNS",1.34871162648463,2.36335523955884,5.62455962887742,3.05168397934492,3.72025121091619,4.23813372864299,1.80167821603763,2.88483829732431,4.30059219705794,3.9925241390694,5.06518646503825,1.71159484355286,2.45278383043084,1.38182474813459,3.59744459394547,2.27805262255804,2.10828441113123,-0.290284433484245,1.61184943607258,1.07961376698829,2.34580394601953,1.74749342624802,0.58004851477125,1.06607978475324,2.79530884214613,0.739574015901652,2.22028242710447,1.22254885935519,2.18343433387416,2.46905131080135,-0.452275481486956,4.12887865684316,3.1348633878913,1.85136358584982,0.839416983230946
"BR-PT",0.597061962371815,1.03141584084471,1.81845024904978,0.71481414029315,1.1456813992762,1.02468446612653,0.654735515675403,0.601036721701949,1.57442502038838,2.31024257970226,1.71159484355286,2.03631512998625,1.39663549570477,0.215370129905594,0.843282998397067,0.227905111422069,0.355422702273472,-0.0303129301335315,1.10342620762444,0.623580211892385,0.430244234308911,0.659712675946553,0.569805977089364,0.22465960698138,0.818293893232784,0.27941078835581,0.964646102726431,0.79272236067947,0.617350846266108,-0.0648648359989273,0.558507114436254,0.349391477391301,1.22880328833219,1.15758749846739,0.586635573216267
"BR-APET",0.863126035449918,1.88907623242418,1.75651787002434,1.34938189752137,1.77092727356269,1.61794209891981,0.235097968443754,1.20236318707511,2.45951069790242,1.9398614329478,2.45278383043084,1.39663549570477,3.30836254671058,2.11408257727799,2.53681028141764,2.08090518992192,2.18696846438593,0.252614430503403,1.25328398105361,0.812862681035405,1.18377712816378,1.47756727886367,0.366554261725645,2.29118189745735,0.716615419348482,0.193996173812157,1.1633944098481,1.55027000784902,2.19806978075413,1.34834528169348,0.918595096487457,2.32237533343075,2.33135619057757,2.11367751525022,0.904589448336222
"PT-APET",0.386320888522803,0.934479582403229,0.612817195850468,0.748505221139553,0.934425111819919,0.960094745448333,0.179831083359661,0.43357736044494,1.36109733831661,1.54384498702578,1.38182474813459,0.215370129905594,2.11408257727799,2.55331403698128,2.66352189114682,2.55710283323481,2.33971576355544,1.03297850477751,0.93476520514477,0.336859524517651,0.722247597162101,1.21244915769127,0.0514267932574997,1.70874116373271,0.237037837694333,0.148640973757148,0.609637022166483,0.887634177761922,1.71805397077753,1.00680036850996,0.180765810244165,1.64343468674869,2.10882442010822,1.25417071114255,0.475873130478872
"PT-BA",0.868436799921547,1.84886623494603,4.11278174383665,3.06348807451355,3.35740086398343,3.68391419301307,2.08988578270437,3.15560029377306,3.97627737232673,3.12381834138536,3.59744459394547,0.843282998397067,2.53681028141764,2.66352189114682,6.20712790014312,4.66083949440438,3.62915187611016,2.12783231942505,1.06923041197612,0.155875451453511,2.92992609582174,1.5899952360054,0.498035296784077,2.59854807991854,3.1234425654133,0.698342216210665,2.42296387948371,1.14596167875318,2.2173785625156,1.82894905906409,0.488988051214597,3.73979778483267,5.48031190177478,2.08704981327186,0.904135444644804
"PT-EAM",0.417452034762978,1.20357977455402,2.43370107860189,2.08155667921354,2.32261258066344,2.70161231945149,1.5070500044218,1.67162641721784,2.48103298909526,1.69076441915099,2.27805262255804,0.227905111422069,2.08090518992192,2.55710283323481,4.66083949440438,4.57557993087248,3.33824717950929,2.51088901056921,0.955301167604753,0.121905916278457,2.01773846624411,1.37348428612839,0.205131245813935,2.09219019243293,1.66435635969703,0.657018686442506,0.753436111815965,1.37607745590219,1.67699015221109,1.02286112820853,0.562815002023891,2.45314425373354,4.2165911234205,1.92484992560033,0.583267491657865
"PT-ZYGI",0.688936112279892,2.18874776561384,1.8846170842165,1.5122704829025,1.54677220291922,1.67220004666182,0.552893128451918,0.740786081778215,1.96229766353659,1.95593022498843,2.10828441113123,0.355422702273472,2.18696846438593,2.33971576355544,3.62915187611016,3.33824717950929,4.72108922814355,1.62429972140285,1.31607730530658,0.824790626845767,2.62717220482852,2.74139193972536,0.495041505100976,2.155811645363,1.38099305711488,0.621364471720124,1.37746891095517,1.60538957185049,3.55007015898684,1.57374476342153,1.34800665538455,1.90812602455402,3.27993996085184,1.03089938043383,0.599177969706631
"PT-TSP",-0.331738722502717,-0.0667887998473568,0.571068694905543,0.400144823021591,-0.0230725005173242,0.991648971600212,1.72317999398404,0.360381785961226,-0.166949091961053,-0.127229157778701,-0.290284433484245,-0.0303129301335315,0.252614430503403,1.03297850477751,2.12783231942505,2.51088901056921,1.62429972140285,4.87344608863014,-0.287587837230421,-0.37439524798424,1.74982603656707,1.5295310254248,-0.0541700717902749,0.662998123739124,0.0148285923393747,0.214066694103737,-0.348539342230737,0.133907562155153,-1.19046532881491,-2.28644755621395,0.922390134529304,-1.46034994046025,2.41394222057115,1.04708106121592,0.207993005177109
"ZS-ZI",0.93040205354738,1.30204871459574,0.924734035138555,-0.183619301182118,0.862673116163387,0.046141401365043,-0.107062320070652,-1.59816178204532,1.35999776885366,2.28353612637699,1.61184943607258,1.10342620762444,1.25328398105361,0.93476520514477,1.06923041197612,0.955301167604753,1.31607730530658,-0.287587837230421,3.33398554360614,0.779484783421103,0.405319639847549,0.933133324859908,0.306032134486839,0.745849721195288,0.498838314229389,0.606036777495804,0.460561801926747,0.889962528645253,1.2319564240533,0.912657062435998,0.480146469952253,1.38102777859022,0.963020583877005,1.30129279302586,0.464055846373503
"ZI-MT",0.652924202121313,1.08620922863391,1.28035062010164,0.123592017019337,0.0122680218831131,1.19325034306288,-0.383269653336884,-0.511727770829726,0.205142116966041,1.31811487217276,1.07961376698829,0.623580211892385,0.812862681035405,0.336859524517651,0.155875451453511,0.121905916278457,0.824790626845767,-0.37439524798424,0.779484783421103,2.29881727600509,1.17114550821633,1.89199812157896,-0.326263705246682,0.525935945218025,0.26640624599706,0.333109941723698,0.327231864206432,1.1070900469497,1.06903779295561,0.143073611809845,-0.214956349003904,0.581108850018346,-0.403687676449796,0.524940985588881,0.21148122384137
"ZI-ZYGI",1.05306526676297,2.40850105583904,4.72766104051763,2.47191720655389,2.17793040865256,3.80321308204349,2.47030135571476,2.41166463969576,2.54351959206014,1.28257966990939,2.34580394601953,0.430244234308911,1.18377712816378,0.722247597162101,2.92992609582174,2.01773846624411,2.62717220482852,1.74982603656707,0.405319639847549,1.17114550821633,5.37710806274905,3.58400133327032,0.249245496072119,2.71411169711102,2.22170073688491,0.544585652250068,1.42467937776915,1.36802989739479,1.31149409016548,0.714130171372228,0.760513626359861,2.3604384107196,2.26313090373723,1.22656212144479,0.254773817281063
"ZI-TSP",1.0224593684056,2.12086586055585,2.43797039042239,1.3096827774085,0.912275731104995,2.17486447577079,1.1222556841043,0.741467834795815,1.37532220766731,2.65957658011648,1.74749342624802,0.659712675946553,1.47756727886367,1.21244915769127,1.5899952360054,1.37348428612839,2.74139193972536,1.5295310254248,0.933133324859908,1.89199812157896,3.58400133327032,5.27586200682935,0.17209731873683,2.30314553781841,1.33745769460648,0.394338514294159,0.854704384219309,2.14214316791809,2.16117466174564,0.319264417185613,0.950526464539078,0.877945610665105,0.692783391523451,1.11155381393327,0.319871204408328
"MT-PNS",0.0180731242199886,0.203512869346675,0.670228696009904,0.352087333963747,0.431123076720758,0.0374439507850783,0.490376115996614,0.420561166731282,0.615193462985506,0.615760372752207,0.58004851477125,0.569805977089364,0.366554261725645,0.0514267932574997,0.498035296784077,0.205131245813935,0.495041505100976,-0.0541700717902749,0.306032134486839,-0.326263705246682,0.249245496072119,0.17209731873683,0.830832497711016,-0.252116847054222,0.493511495403765,0.159318324748829,0.598217008575134,0.290025671815608,0.644061106200447,0.331918862398903,0.772838662344658,0.171515028589757,0.931473270599764,0.162865641969054,0.107597352686684
"PNS-APET",0.875013429652426,1.75299267513667,0.713640579779266,1.36148067498024,1.98383375779923,1.71305097986565,0.307883314127223,1.67674614459706,2.67613029119889,1.6934189565891,1.06607978475324,0.22465960698138,2.29118189745735,1.70874116373271,2.59854807991854,2.09219019243293,2.155811645363,0.662998123739124,0.745849721195288,0.525935945218025,2.71411169711102,2.30314553781841,-0.252116847054222,5.47687545563497,0.798063418214705,0.132226986414877,1.21704208258067,1.95931277868983,1.73494237600135,0.100393936655528,1.66476506537905,1.66394133090043,2.0430485969865,2.39389505795118,0.656763851280651
"APET-BA",0.943403788100028,1.50781015429373,3.79484299101326,2.6205241470157,2.74668305315703,2.81493051591136,1.93249415612452,2.81522992755209,3.04320897504332,2.29990387063586,2.79530884214613,0.818293893232784,0.716615419348482,0.237037837694333,3.1234425654133,1.66435635969703,1.38099305711488,0.0148285923393747,0.498838314229389,0.26640624599706,2.22170073688491,1.33745769460648,0.493511495403765,0.798063418214705,3.63483197087454,0.667429390909204,2.06732716958628,0.718719850127662,1.30883847076671,1.85318757505154,-0.0517021758138865,2.57315218993208,2.45894595175147,0.474631293627698,0.195024572727456
"APET-TS",0.223416747520072,0.422265066928607,0.86972120550771,0.390767704526259,0.616805642479889,0.619147147865492,0.259343298944772,-0.00909118104075725,0.556450718896932,0.810120993318231,0.739574015901652,0.27941078835581,0.193996173812157,0.148640973757148,0.698342216210665,0.657018686442506,0.621364471720124,0.214066694103737,0.606036777495804,0.333109941723698,0.544585652250068,0.394338514294159,0.159318324748829,0.132226986414877,0.667429390909204,0.701409593106699,0.3558587527674,0.240539933796696,0.433218293612676,0.12729584412829,0.0476375515963398,0.5775707178713,0.673548326221222,0.332138453199677,0.00303060813368525
"BA-EAM",0.734534828903809,1.28801422952162,2.2774984572105,1.52975617726386,1.65227158200145,1.48647162795013,0.917809154394517,2.02304357805705,2.37619184191294,2.40922390282102,2.22028242710447,0.964646102726431,1.1633944098481,0.609637022166483,2.42296387948371,0.753436111815965,1.37746891095517,-0.348539342230737,0.460561801926747,0.327231864206432,1.42467937776915,0.854704384219309,0.598217008575134,1.21704208258067,2.06732716958628,0.3558587527674,2.85285004624153,0.108559005787908,1.58102179337702,1.39556555206406,-0.0415436223393519,1.96722900562538,2.22386692441677,0.698527507724828,0.382381273061591
"EAM-ZYGI",0.6042643615791,1.33996108173891,1.37874335112153,0.829272202168285,1.05046461283749,1.31580244035146,0.117669424815428,0.428089132086178,1.31651733232237,1.86625539147137,1.22254885935519,0.79272236067947,1.55027000784902,0.887634177761922,1.14596167875318,1.37607745590219,1.60538957185049,0.133907562155153,0.889962528645253,1.1070900469497,1.36802989739479,2.14214316791809,0.290025671815608,1.95931277868983,0.718719850127662,0.240539933796696,0.108559005787908,3.00071045254485,1.81316880745359,0.024657789965944,1.44362952113398,0.398655194752181,1.03871837535216,1.47711394755104,0.390587354193354
"ZYGI-TSP",0.865409833906422,2.2047252044375,1.28602031614084,1.19095465359814,1.37730869577888,0.838620070919139,-0.766649561574317,0.599946379728813,1.91930649785039,2.36731686100944,2.18343433387416,0.617350846266108,2.19806978075413,1.71805397077753,2.2173785625156,1.67699015221109,3.55007015898684,-1.19046532881491,1.2319564240533,1.06903779295561,1.31149409016548,2.16117466174564,0.644061106200447,1.73494237600135,1.30883847076671,0.433218293612676,1.58102179337702,1.81316880745359,4.40311509987628,2.43696026127048,1.25020179760767,2.23255233624961,1.81135813624566,0.595983284259461,0.517130286793921
"LD-AS",1.02514060367803,1.64768076451236,2.28800037947542,1.78319972024542,1.77943339230941,1.35752842733989,0.371010999872357,1.85710199455816,2.57492070910387,0.550514618574002,2.46905131080135,-0.0648648359989273,1.34834528169348,1.00680036850996,1.82894905906409,1.02286112820853,1.57374476342153,-2.28644755621395,0.912657062435998,0.143073611809845,0.714130171372228,0.319264417185613,0.331918862398903,0.100393936655528,1.85318757505154,0.12729584412829,1.39556555206406,0.024657789965944,2.43696026127048,7.80955775766876,-4.47323002818406,6.94895301479809,0.458872648954696,-1.64520796383822,0.250880321165384
"BR-LD",0.125406885348805,0.284926287652365,-0.438832530543828,-0.29258681373088,0.186679850788107,-1.00168290532887,-0.20333586724159,-0.549028626149628,0.0767633153463918,-0.245548656798296,-0.452275481486956,0.558507114436254,0.918595096487457,0.180765810244165,0.488988051214597,0.562815002023891,1.34800665538455,0.922390134529304,0.480146469952253,-0.214956349003904,0.760513626359861,0.950526464539078,0.772838662344658,1.66476506537905,-0.0517021758138865,0.0476375515963398,-0.0415436223393519,1.44362952113398,1.25020179760767,-4.47323002818406,10.9788632567961,-6.03720565607055,2.46286941306938,1.45689930480159,0.668237969528826
"OPI-LD",1.47928592406127,2.71999236842307,4.94488440713814,3.29363706071175,3.68655156459293,4.08012520203005,1.54785477813086,3.47529168747712,4.55936217769261,1.95641814858814,4.12887865684316,0.349391477391301,2.32237533343075,1.64343468674869,3.73979778483267,2.45314425373354,1.90812602455402,-1.46034994046025,1.38102777859022,0.581108850018346,2.3604384107196,0.877945610665105,0.171515028589757,1.66394133090043,2.57315218993208,0.5775707178713,1.96722900562538,0.398655194752181,2.23255233624961,6.94895301479809,-6.03720565607055,10.0021227544158,1.96851460216681,1.27845652557061,0.390629713992393
"PT-AS",0.521215774857957,1.45668962053063,3.72507598172474,2.8110975529237,3.27095556913555,3.26674082128636,2.81048813803946,3.13340542847504,3.87173689980147,2.24949450458038,3.1348633878913,1.22880328833219,2.33135619057757,2.10882442010822,5.48031190177478,4.2165911234205,3.27993996085184,2.41394222057115,0.963020583877005,-0.403687676449796,2.26313090373723,0.692783391523451,0.931473270599764,2.0430485969865,2.45894595175147,0.673548326221222,2.22386692441677,1.03871837535216,1.81135813624566,0.458872648954696,2.46286941306938,1.96851460216681,6.52025887836519,2.52022350531073,0.973931727794576
"JP-AS",0.562371571087478,1.24876857093631,2.09051131991413,1.29837137836496,2.12241126161982,2.3609953715954,1.60054195033886,1.27126893416483,2.44128952171024,2.03761040849636,1.85136358584982,1.15758749846739,2.11367751525022,1.25417071114255,2.08704981327186,1.92484992560033,1.03089938043383,1.04708106121592,1.30129279302586,0.524940985588881,1.22656212144479,1.11155381393327,0.162865641969054,2.39389505795118,0.474631293627698,0.332138453199677,0.698527507724828,1.47711394755104,0.595983284259461,-1.64520796383822,1.45689930480159,1.27845652557061,2.52022350531073,4.33805578154811,0.577836593331437
"BA-OPI",0.298361139228379,0.241704747525087,0.659385306644742,0.430665588114068,0.617820097510647,0.664298641311853,0.750672133612675,0.667124814374132,1.01981676498521,0.489179558615112,0.839416983230946,0.586635573216267,0.904589448336222,0.475873130478872,0.904135444644804,0.583267491657865,0.599177969706631,0.207993005177109,0.464055846373503,0.21148122384137,0.254773817281063,0.319871204408328,0.107597352686684,0.656763851280651,0.195024572727456,0.00303060813368525,0.382381273061591,0.390587354193354,0.517130286793921,0.250880321165384,0.668237969528826,0.390629713992393,0.973931727794576,0.577836593331437,0.996867062476011
