"","IS-PM","IS-NLE","IS-PNS","PM-ZS","PM-ZI","PM-MT","NLE-NON","NLE-ZS","NLE-ZI","NON-BR","NON-PNS","BR-PT","BR-APET","PT-APET","PT-BA","PT-EAM","PT-ZYGI","PT-TSP","ZS-ZI","ZI-MT","ZI-ZYGI","ZI-TSP","MT-PNS","PNS-APET","APET-BA","APET-TS","BA-EAM","EAM-ZYGI","ZYGI-TSP","LD-AS","BR-LD","OPI-LD","PT-AS","JP-AS","BA-OPI"
"IS-PM",0.154219750717165,0.101094453148094,0.254817764073634,0.0773268833909814,0.0824773470790953,0.119834485477854,0.056455943819597,0.135644583071321,0.190052236372252,0.399051497373821,0.151304180101424,0.160128477635033,0.158703238007353,0.0387596000230583,0.186146103558432,0.00116592263290476,0.131640462801363,0.0435520311808289,0.0525225719308619,0.076714545794473,0.248197365550486,0.272266062773562,0.0708640174344412,0.248259669581545,0.13900418466662,0.0117270608859856,0.253188599327117,0.0556000217468985,0.120148354747798,0.0798381171086998,-0.0606414598879423,0.11055839898573,0.159273023042694,0.118531576417812,0.0873130141606274
"IS-NLE",0.101094453148094,0.389289464415936,0.35818465984585,0.161290233878909,0.216970633948616,0.213451729896914,0.128521295990733,0.188006348195416,0.33070259090359,0.600291702931406,0.308120802629419,0.269239197803403,0.371708199032446,0.126745170541889,0.357423995207245,0.0342695809112461,0.200233658465023,0.045502538875661,0.0798694964403579,0.150008994599859,0.40138548600357,0.448640924988035,0.144374958074906,0.445464571714662,0.203175715470048,-0.0267368107290131,0.384975159596537,0.112304113505588,0.194170811302483,0.206897018261145,-0.0610592667018259,0.228288764112699,0.217052846097654,0.129698235462119,0.0347030753879189
"IS-PNS",0.254817764073634,0.35818465984585,0.846134895768696,0.303635904557242,0.443753649568943,0.446323106167504,0.299913329647801,0.382938266365904,0.585764675196447,1.00032140075106,0.49762726495529,0.319529137811432,0.411485723915016,0.26003857872876,0.567582313461936,0.0294802478408608,0.326139541492944,0.0456701591361545,0.163001422139867,0.161876148704627,0.590767902743285,0.789947657950187,0.209480457178091,0.599836623852847,0.380663050177056,0.0337428913037913,0.638886985059524,0.215288973292864,0.355345933064896,0.294391152602705,0.0790865306743713,0.326670091585362,0.432341669685619,0.261974266013175,0.161337319523865
"PM-ZS",0.0773268833909814,0.161290233878909,0.303635904557242,0.328643266972262,0.231943382950637,0.284898911784552,0.0266167999178911,0.316178770185583,0.232151806222981,0.751061896014759,0.223691299805894,0.186521796567124,0.260582010306275,0.121649168186419,0.300754194776176,-0.0642288242059141,0.163199562535487,0.013873295083963,-0.0551200503497405,0.0976809892037477,0.297505021012721,0.496634735206749,0.0812954030610399,0.399296027792846,0.26097680209612,-0.0189705307739335,0.364726558671289,0.145742043050295,0.203695610795025,0.131526794231172,0.185613188758132,0.138422052920699,0.219668012613756,0.185350756649755,0.0465560625266694
"PM-ZI",0.0824773470790953,0.216970633948616,0.443753649568943,0.231943382950637,0.535875825196063,0.346817518647154,0.288225353145591,0.199926857247968,0.506820178887118,0.381776243876528,0.31373154698354,0.034525383303599,0.22712195013476,0.273661376659159,0.349795023846312,0.0745142845224621,0.153008151596853,-0.0558584714039598,0.221672712844335,0.149906190493363,0.0838685320787131,0.280263830640335,0.134993218977422,0.372167686279015,0.214371625118011,-0.00478379531686753,0.293761361368154,0.140749209654634,0.190085473994348,0.206262102057814,0.275598294404599,0.255506440943525,0.275641871649505,0.102524226551408,0.0353403023149372
"PM-MT",0.119834485477854,0.213451729896914,0.446323106167504,0.284898911784552,0.346817518647154,0.449771719876122,0.124670213925448,0.307917550493496,0.408891760333787,0.814172027005787,0.325795268116077,0.226945067093753,0.298567648079014,0.189342820591139,0.401875227600384,-0.00405492342095238,0.197970468965908,0.016796081076994,0.0860616939566755,0.182383983823581,0.358880298858524,0.53488994977853,0.147776587501571,0.484260747889927,0.279688048129418,-0.00380232170380143,0.431713070128477,0.166229598495183,0.220642189854076,0.166482395808408,0.176329984080288,0.253741688266671,0.318836321148032,0.234503666331058,0.0574364709019205
"NLE-NON",0.056455943819597,0.128521295990733,0.299913329647801,0.0266167999178911,0.288225353145591,0.124670213925448,0.571715875623514,0.0134014701152884,0.359778055028584,-0.0451397797099309,0.158069574736791,-0.0555038736475478,0.0625672411185803,0.222519005730533,0.1621408874295,0.10302756511507,0.125617840875594,-0.0348478099444126,0.298735469121249,0.0487244696611277,0.0134869129275068,0.166846123756259,0.081010352249384,0.273106252687745,0.00162556393284173,-0.0340962092081689,0.125655055903116,0.123154875372444,0.158442845015933,0.0868813168387908,0.149361001315134,-0.00821838796785918,0.186940453402246,-0.0180074262577009,0.049695208019027
"NLE-ZS",0.135644583071321,0.188006348195416,0.382938266365904,0.316178770185583,0.199926857247968,0.307917550493496,0.0134014701152884,0.526312108398149,0.338673851665357,0.897283287496142,0.319553011556889,0.282507168834075,0.379112255083171,0.104280849818153,0.409549551415633,-0.030543353337582,0.257951044873197,0.0396836063463408,-0.186613852867857,0.103256112606105,0.481050063891402,0.591253335688027,0.13097449239197,0.431512502583579,0.425187093621357,0.0337682959291968,0.489155355274793,0.17192076383411,0.262584281229593,0.181858023922699,0.204844141151083,0.211183856125427,0.274636242877231,0.250801630655581,0.0406181849245026
"NLE-ZI",0.190052236372252,0.33070259090359,0.585764675196447,0.232151806222981,0.506820178887118,0.408891760333787,0.359778055028584,0.338673851665357,0.726602435022772,0.80232723795621,0.525898473029713,0.232698554512511,0.433067413232879,0.240789697763063,0.547457868992428,0.135463579582127,0.343716702453477,0.019606443102721,0.309041900835928,0.229311671665992,0.410860293165495,0.546063916400536,0.217057180517463,0.597082818241874,0.389151674795462,-0.00122428009546823,0.554169647381795,0.187806985469702,0.327705595960266,0.274430028706605,0.188920829679417,0.309010115549135,0.471896121220714,0.227989791399436,0.0610505403404304
"NON-BR",0.399051497373821,0.600291702931406,1.00032140075106,0.751061896014759,0.381776243876528,0.814172027005787,-0.0451397797099309,0.897283287496142,0.80232723795621,3.19839610849447,0.885087653971356,1.0418993649688,0.984293343852502,0.0385492205661942,1.01350323540902,-0.0889651278912125,0.735976205733322,0.245189856059041,-0.00271830196915094,0.385153344220256,1.47197357123118,1.76927797901039,0.300385405616511,1.39381096632949,0.912641416156096,0.0234735714589741,1.37021747520725,0.366208473395426,0.713243822738748,0.474702084958329,-0.475006404499203,0.545818368626978,0.889379762597001,0.687915161905335,0.213665360754636
"NON-PNS",0.151304180101424,0.308120802629419,0.49762726495529,0.223691299805894,0.31373154698354,0.325795268116077,0.158069574736791,0.319553011556889,0.525898473029713,0.885087653971356,0.58005391683801,0.299333720069914,0.434918593627343,0.129661200314485,0.47780847914611,0.124057457395632,0.327266726718343,0.0360596253913031,0.161663236526712,0.225545078900148,0.472856879029033,0.495754156560907,0.160738870159274,0.429557137912388,0.355944256854268,0.0144823921978612,0.505209864340428,0.12253081506778,0.273555609511438,0.186870003787774,0.0156385423200482,0.2415708321463,0.41036479021615,0.23552229440635,0.0305068260837396
"BR-PT",0.160128477635033,0.269239197803403,0.319529137811432,0.186521796567124,0.034525383303599,0.226945067093753,-0.0555038736475478,0.282507168834075,0.232698554512511,1.0418993649688,0.299333720069914,0.63736919470576,0.53351809760141,-0.0263600732535436,0.32106550506148,-0.154282249404117,0.174907065134364,0.156346246650557,-0.00757843191692753,0.112554433269776,0.576688831217651,0.693867995095824,0.125775594432026,0.52852446292126,0.247885213447607,0.0527530049507321,0.523061421943304,0.148932505805735,0.23793749319281,0.241129473840596,-0.234526043266308,0.332774998024708,0.239435881682646,0.306963189069803,0.121367148699839
"BR-APET",0.158703238007353,0.371708199032446,0.411485723915016,0.260582010306275,0.22712195013476,0.298567648079014,0.0625672411185803,0.379112255083171,0.433067413232879,0.984293343852502,0.434918593627343,0.53351809760141,0.720969221613001,0.194913491646194,0.498467515276068,-0.0401872230292787,0.242874238821574,0.141041453339875,0.0468178510310298,0.150656376288617,0.568187460963253,0.769070007761363,0.184905067026348,0.631621800427065,0.353414213430406,0.0267503287210196,0.598075500656391,0.170353643819502,0.282895201853548,0.321953408874678,0.153577285858607,0.385546729080879,0.28215125844472,0.277396411636792,0.082530881711513
"PT-APET",0.0387596000230583,0.126745170541889,0.26003857872876,0.121649168186419,0.273661376659159,0.189342820591139,0.222519005730533,0.104280849818153,0.240789697763063,0.0385492205661942,0.129661200314485,-0.0263600732535436,0.194913491646194,0.374843869421325,0.263864328539376,0.0892868410134756,0.0655645868360313,-0.0129204501409859,0.11030786308721,0.0921894172336206,0.00196976645444527,0.272582334267422,0.0700297449552051,0.232195946727486,0.0871178505154375,0.0116414652258964,0.145266042686832,0.17080183945367,0.121026477668325,0.106089829871473,0.410809256507748,0.0946843282842574,0.136171292115169,0.048959381978172,0.0445156810766702
"PT-BA",0.186146103558432,0.357423995207245,0.567582313461936,0.300754194776176,0.349795023846312,0.401875227600384,0.1621408874295,0.409549551415633,0.547457868992428,1.01350323540902,0.47780847914611,0.32106550506148,0.498467515276068,0.263864328539376,0.950036329144106,0.35588669389743,0.406322462385059,0.172748385108659,0.0921476179339961,0.201300733420004,0.639711426421964,0.599946766957642,0.221254288025401,0.809002775411594,0.543140225328802,-0.0134852436647326,0.747071271269443,0.229645735532424,0.301613097117627,0.294509996957656,0.266069213378256,0.300006276623477,0.729912552993807,0.254141376860745,0.0326046073385946
"PT-EAM",0.00116592263290476,0.0342695809112461,0.0294802478408608,-0.0642288242059141,0.0745142845224621,-0.00405492342095238,0.10302756511507,-0.030543353337582,0.135463579582127,-0.0889651278912125,0.124057457395632,-0.154282249404117,-0.0401872230292787,0.0892868410134756,0.35588669389743,0.609347332683185,0.197057355989144,0.0759004520826973,0.0998199896941628,0.034894380191415,0.0389257541560298,-0.360837657878792,0.0458006259935901,0.0707408754685651,0.0459830562553027,-0.0573018954828991,-0.0363074058956043,-0.00648673580129359,-0.0292336706227882,-0.0332341398888426,0.114083372313173,-0.0687815315503184,0.46944850127586,-0.0998511931381654,-0.0957342106933555
"PT-ZYGI",0.131640462801363,0.200233658465023,0.326139541492944,0.163199562535487,0.153008151596853,0.197970468965908,0.125617840875594,0.257951044873197,0.343716702453477,0.735976205733322,0.327266726718343,0.174907065134364,0.242874238821574,0.0655645868360313,0.406322462385059,0.197057355989144,0.392723477435355,0.0630927224052329,0.083599542611428,0.145830850803052,0.400384863511621,0.389840600141384,0.091159418268252,0.340639945114498,0.346378136745877,0.017376196274205,0.374027315229049,0.168107626107389,0.302055658382383,0.0990775572107354,-0.0850417608602794,0.0593625932690916,0.385927948257309,0.15340386219705,0.0448761690479901
"PT-TSP",0.0435520311808289,0.045502538875661,0.0456701591361545,0.013873295083963,-0.0558584714039598,0.016796081076994,-0.0348478099444126,0.0396836063463408,0.019606443102721,0.245189856059041,0.0360596253913031,0.156346246650557,0.141041453339875,-0.0129204501409859,0.172748385108659,0.0759004520826973,0.0630927224052329,0.171187228277329,0.00330022306764097,0.0022373092287808,0.187017894452043,0.144931866654754,0.0454525923827409,0.168354384081564,0.0452428959093344,-0.015352367918862,0.154629646695046,-0.00897809409775363,0.0104132603977402,0.0495611319329369,-0.0579473634813086,0.0634246104543674,0.144123508958041,0.0543444309200199,-0.0055119972204476
"ZS-ZI",0.0525225719308619,0.0798694964403579,0.163001422139867,-0.0551200503497405,0.221672712844335,0.0860616939566755,0.298735469121249,-0.186613852867857,0.309041900835928,-0.00271830196915094,0.161663236526712,-0.00757843191692753,0.0468178510310298,0.11030786308721,0.0921476179339961,0.0998199896941628,0.083599542611428,0.00330022306764097,0.501373140436232,0.0875818632038258,-0.0677841729905413,0.0512175854106796,0.0421472994716418,0.151449493642969,-0.0337731225327621,-0.0300597949006447,0.0647040957627752,0.0640037097943216,0.0982547556386776,0.058439088948465,-0.0306800766922488,0.0351457955882446,0.156392217599269,-0.0028411142765918,0.0406704647349995
"ZI-MT",0.076714545794473,0.150008994599859,0.161876148704627,0.0976809892037477,0.149906190493363,0.182383983823581,0.0487244696611277,0.103256112606105,0.229311671665992,0.385153344220256,0.225545078900148,0.112554433269776,0.150656376288617,0.0921894172336206,0.201300733420004,0.034894380191415,0.145830850803052,0.0022373092287808,0.0875818632038258,0.271886009736074,0.113349158765107,0.212295557472015,0.04856695961524,0.179939779671777,0.144966485889083,0.0225055572767389,0.222230241064986,0.0873228871295144,0.124556124995937,0.00361933031780104,-0.0615766356353098,0.0525457798512032,0.169658171744535,0.16418694521702,0.0141013803108207
"ZI-ZYGI",0.248197365550486,0.40138548600357,0.590767902743285,0.297505021012721,0.0838685320787131,0.358880298858524,0.0134869129275068,0.481050063891402,0.410860293165495,1.47197357123118,0.472856879029033,0.576688831217651,0.568187460963253,0.00196976645444527,0.639711426421964,0.0389257541560298,0.400384863511621,0.187017894452043,-0.0677841729905413,0.113349158765107,1.19398295170371,1.107369869759,0.242729577059645,0.87803963263076,0.479161755433307,0.015002916962209,0.786968931382163,0.0844968205105241,0.369150906880614,0.335690823661878,-0.0628092854220807,0.381045026472094,0.53696494305822,0.394514307128986,0.125844805547676
"ZI-TSP",0.272266062773562,0.448640924988035,0.789947657950187,0.496634735206749,0.280263830640335,0.53488994977853,0.166846123756259,0.591253335688027,0.546063916400536,1.76927797901039,0.495754156560907,0.693867995095824,0.769070007761363,0.272582334267422,0.599946766957642,-0.360837657878792,0.389840600141384,0.144931866654754,0.0512175854106796,0.212295557472015,1.107369869759,1.94332943612469,0.223997115576622,1.03635929266326,0.645278339064609,0.077859607634691,0.964002194316969,0.488036948067312,0.701094677059382,0.367903843375783,0.222485507641153,0.411264368673608,0.342313364536429,0.648872671194532,0.27012158597007
"MT-PNS",0.0708640174344412,0.144374958074906,0.209480457178091,0.0812954030610399,0.134993218977422,0.147776587501571,0.081010352249384,0.13097449239197,0.217057180517463,0.300385405616511,0.160738870159274,0.125775594432026,0.184905067026348,0.0700297449552051,0.221254288025401,0.0458006259935901,0.091159418268252,0.0454525923827409,0.0421472994716418,0.04856695961524,0.242729577059645,0.223997115576622,0.13635295902904,0.300683655234218,0.0889365541547171,-0.0283385238293873,0.224458053770138,0.036472121380453,0.0763410046404502,0.105067357750955,0.148420721918808,0.139900047961925,0.200100975662945,0.0898155723388168,0.0276706315259103
"PNS-APET",0.248259669581545,0.445464571714662,0.599836623852847,0.399296027792846,0.372167686279015,0.484260747889927,0.273106252687745,0.431512502583579,0.597082818241874,1.39381096632949,0.429557137912388,0.52852446292126,0.631621800427065,0.232195946727486,0.809002775411594,0.0707408754685651,0.340639945114498,0.168354384081564,0.151449493642969,0.179939779671777,0.87803963263076,1.03635929266326,0.300683655234218,1.46942484491574,0.247404723563931,-0.113382420913145,0.876194381973799,0.352795015731313,0.421563242211657,0.382274603615939,0.115778014168918,0.459143079127191,0.689223541923572,0.350220986999911,0.160674645602462
"APET-BA",0.13900418466662,0.203175715470048,0.380663050177056,0.26097680209612,0.214371625118011,0.279688048129418,0.00162556393284173,0.425187093621357,0.389151674795462,0.912641416156096,0.355944256854268,0.247885213447607,0.353414213430406,0.0871178505154375,0.543140225328802,0.0459830562553027,0.346378136745877,0.0452428959093344,-0.0337731225327621,0.144966485889083,0.479161755433307,0.645278339064609,0.0889365541547171,0.247404723563931,0.728404645166008,0.0838854080067881,0.545527541200061,0.181978172631045,0.326722293119762,0.194244612770542,0.154394303180948,0.162966648775182,0.322153817464549,0.279767775119018,0.0348029951981
"APET-TS",0.0117270608859856,-0.0267368107290131,0.0337428913037913,-0.0189705307739335,-0.00478379531686753,-0.00380232170380143,-0.0340962092081689,0.0337682959291968,-0.00122428009546823,0.0234735714589741,0.0144823921978612,0.0527530049507321,0.0267503287210196,0.0116414652258964,-0.0134852436647326,-0.0573018954828991,0.017376196274205,-0.015352367918862,-0.0300597949006447,0.0225055572767389,0.015002916962209,0.077859607634691,-0.0283385238293873,-0.113382420913145,0.0838854080067881,0.178799823306094,0.00209264247456246,0.0309935959323083,0.0544258170915709,0.00946761702270205,-0.00990420781832799,-0.0013105235598198,-0.0694544381101259,0.0376645027397299,0.0507872991440662
"BA-EAM",0.253188599327117,0.384975159596537,0.638886985059524,0.364726558671289,0.293761361368154,0.431713070128477,0.125655055903116,0.489155355274793,0.554169647381795,1.37021747520725,0.505209864340428,0.523061421943304,0.598075500656391,0.145266042686832,0.747071271269443,-0.0363074058956043,0.374027315229049,0.154629646695046,0.0647040957627752,0.222230241064986,0.786968931382163,0.964002194316969,0.224458053770138,0.876194381973799,0.545527541200061,0.00209264247456246,0.904641762461867,0.184578371156744,0.384350465138082,0.337713940750747,0.0191390844824157,0.371221150767456,0.518432866601678,0.372997546206043,0.112568013675291
"EAM-ZYGI",0.0556000217468985,0.112304113505588,0.215288973292864,0.145742043050295,0.140749209654634,0.166229598495183,0.123154875372444,0.17192076383411,0.187806985469702,0.366208473395426,0.12253081506778,0.148932505805735,0.170353643819502,0.17080183945367,0.229645735532424,-0.00648673580129359,0.168107626107389,-0.00897809409775363,0.0640037097943216,0.0873228871295144,0.0844968205105241,0.488036948067312,0.036472121380453,0.352795015731313,0.181978172631045,0.0309935959323083,0.184578371156744,0.542819461847604,0.339775902140514,0.0222051240168864,0.17699516273225,0.0189144258562057,0.185218378540717,0.222997551012524,0.116671863250417
"ZYGI-TSP",0.120148354747798,0.194170811302483,0.355345933064896,0.203695610795025,0.190085473994348,0.220642189854076,0.158442845015933,0.262584281229593,0.327705595960266,0.713243822738748,0.273555609511438,0.23793749319281,0.282895201853548,0.121026477668325,0.301613097117627,-0.0292336706227882,0.302055658382383,0.0104132603977402,0.0982547556386776,0.124556124995937,0.369150906880614,0.701094677059382,0.0763410046404502,0.421563242211657,0.326722293119762,0.0544258170915709,0.384350465138082,0.339775902140514,0.417263962578906,0.114551235167452,0.0409571542250645,0.0966446132655255,0.240032156740287,0.253031918251546,0.125151433703411
"LD-AS",0.0798381171086998,0.206897018261145,0.294391152602705,0.131526794231172,0.206262102057814,0.166482395808408,0.0868813168387908,0.181858023922699,0.274430028706605,0.474702084958329,0.186870003787774,0.241129473840596,0.321953408874678,0.106089829871473,0.294509996957656,-0.0332341398888426,0.0990775572107354,0.0495611319329369,0.058439088948465,0.00361933031780104,0.335690823661878,0.367903843375783,0.105067357750955,0.382274603615939,0.194244612770542,0.00946761702270205,0.337713940750747,0.0222051240168864,0.114551235167452,0.349556086046563,-0.00965272323887047,0.36652785321506,0.174464853357492,0.0895042562421265,0.0671582765330004
"BR-LD",-0.0606414598879423,-0.0610592667018259,0.0790865306743713,0.185613188758132,0.275598294404599,0.176329984080288,0.149361001315134,0.204844141151083,0.188920829679417,-0.475006404499203,0.0156385423200482,-0.234526043266308,0.153577285858607,0.410809256507748,0.266069213378256,0.114083372313173,-0.0850417608602794,-0.0579473634813086,-0.0306800766922488,-0.0615766356353098,-0.0628092854220807,0.222485507641153,0.148420721918808,0.115778014168918,0.154394303180948,-0.00990420781832799,0.0191390844824157,0.17699516273225,0.0409571542250645,-0.00965272323887047,1.78048056023673,-0.101636003766926,0.190098177051989,0.121756542695826,-0.0341737355320215
"OPI-LD",0.11055839898573,0.228288764112699,0.326670091585362,0.138422052920699,0.255506440943525,0.253741688266671,-0.00821838796785918,0.211183856125427,0.309010115549135,0.545818368626978,0.2415708321463,0.332774998024708,0.385546729080879,0.0946843282842574,0.300006276623477,-0.0687815315503184,0.0593625932690916,0.0634246104543674,0.0351457955882446,0.0525457798512032,0.381045026472094,0.411264368673608,0.139900047961925,0.459143079127191,0.162966648775182,-0.0013105235598198,0.371221150767456,0.0189144258562057,0.0966446132655255,0.36652785321506,-0.101636003766926,0.634290792031149,0.202084441897109,0.194650973210736,0.049689330079052
"PT-AS",0.159273023042694,0.217052846097654,0.432341669685619,0.219668012613756,0.275641871649505,0.318836321148032,0.186940453402246,0.274636242877231,0.471896121220714,0.889379762597001,0.41036479021615,0.239435881682646,0.28215125844472,0.136171292115169,0.729912552993807,0.46944850127586,0.385927948257309,0.144123508958041,0.156392217599269,0.169658171744535,0.53696494305822,0.342313364536429,0.200100975662945,0.689223541923572,0.322153817464549,-0.0694544381101259,0.518432866601678,0.185218378540717,0.240032156740287,0.174464853357492,0.190098177051989,0.202084441897109,0.909205979981911,0.286490788878078,0.0282557674940135
"JP-AS",0.118531576417812,0.129698235462119,0.261974266013175,0.185350756649755,0.102524226551408,0.234503666331058,-0.0180074262577009,0.250801630655581,0.227989791399436,0.687915161905335,0.23552229440635,0.306963189069803,0.277396411636792,0.048959381978172,0.254141376860745,-0.0998511931381654,0.15340386219705,0.0543444309200199,-0.0028411142765918,0.16418694521702,0.394514307128986,0.648872671194532,0.0898155723388168,0.350220986999911,0.279767775119018,0.0376645027397299,0.372997546206043,0.222997551012524,0.253031918251546,0.0895042562421265,0.121756542695826,0.194650973210736,0.286490788878078,0.412842897238527,0.0863636225305843
"BA-OPI",0.0873130141606274,0.0347030753879189,0.161337319523865,0.0465560625266694,0.0353403023149372,0.0574364709019205,0.049695208019027,0.0406181849245026,0.0610505403404304,0.213665360754636,0.0305068260837396,0.121367148699839,0.082530881711513,0.0445156810766702,0.0326046073385946,-0.0957342106933555,0.0448761690479901,-0.0055119972204476,0.0406704647349995,0.0141013803108207,0.125844805547676,0.27012158597007,0.0276706315259103,0.160674645602462,0.0348029951981,0.0507872991440662,0.112568013675291,0.116671863250417,0.125151433703411,0.0671582765330004,-0.0341737355320215,0.049689330079052,0.0282557674940135,0.0863636225305843,0.164270419172765
