"","IS-PM","IS-NLE","IS-PNS","PM-ZS","PM-ZI","PM-MT","NLE-NON","NLE-ZS","NLE-ZI","NON-BR","NON-PNS","BR-PT","BR-APET","PT-APET","PT-BA","PT-EAM","PT-ZYGI","PT-TSP","ZS-ZI","ZI-MT","ZI-ZYGI","ZI-TSP","MT-PNS","PNS-APET","APET-BA","APET-TS","BA-EAM","EAM-ZYGI","ZYGI-TSP","LD-AS","BR-LD","OPI-LD","PT-AS","JP-AS","BA-OPI"
"IS-PM",1.52008467206326,1.0267665149254,3.14892280268863,1.39229599010878,0.599440354933888,0.781578802576883,-0.524440762474406,1.71040693526097,1.75546915675582,4.39280138871365,2.38584523710402,0.797856031687182,0.824574570045154,-0.875593630464336,-0.34928762673961,-0.298292820993995,2.13899323158895,0.153803321318374,0.629270997197127,0.561469766687619,2.34222903758974,4.22068798948758,1.31040438256705,1.18844763074896,1.24491264149061,0.556013826381648,1.41812510692641,1.19095060641515,2.26890604264421,0.894755781001812,0.382406918974418,0.976090650841489,-0.70624529592659,0.132674931994006,0.177360476887995
"IS-NLE",1.0267665149254,1.87117132489323,3.32792755918527,2.00018060342405,0.928025795192458,1.0656211424544,-1.08467457562449,1.52290020799163,1.40336315821559,5.63643326192788,2.72396449853101,1.2248896060624,1.18206668463898,-0.515920206977042,0.315010104672272,0.0768532197962562,2.42476088674849,0.0099602777396503,0.328290446583454,0.996732785145727,2.74544035916911,4.10995031164508,1.45869127280375,1.49964455661974,1.09543461571272,0.61122622697346,1.84903402755782,1.72499180989937,2.70558456510394,1.12996911468233,-0.803404950348882,1.61580841583035,-0.155876472959962,0.700790509982888,0.451402824828192
"IS-PNS",3.14892280268863,3.32792755918527,12.2864379579063,5.78672192992151,3.9398313894679,4.94199373782603,-0.255569834247655,6.01728821204862,5.87348308178455,13.9119187966323,8.20613327026298,2.70981911234484,3.38213812997073,-1.03446633632238,0.660750188180451,0.109974959956465,7.16953056461034,0.239414167293641,1.49627065613696,3.37996378597997,7.56831753856449,12.1816706061099,4.68380860118498,3.65329937123861,2.67450482001093,1.9535997839864,5.78090779042425,3.6550198301329,7.66348040983575,3.73045701127548,-0.706593723966991,4.87155012772271,-0.580518684697746,1.28309984753342,0.551805844786004
"PM-ZS",1.39229599010878,2.00018060342405,5.78672192992151,3.74504006988487,2.18466094698482,2.71064565158757,-0.353390221399512,3.34075376158149,2.92383967960293,8.79576305423761,4.42572568210426,1.68908027188173,1.85274398602523,-0.35985996549656,0.967823573118427,0.355618750380023,3.9004572953366,0.177380708841144,0.787886431674025,2.04231319639053,4.17762022654182,6.47411850942219,1.91012639677144,2.36794212370229,1.96744309275107,1.07562864079515,3.40971475891536,2.23604230759491,4.22599252617224,1.78656303782356,-0.850940173190852,2.62915551994778,0.147482359261309,1.00235646775488,0.124185248323927
"PM-ZI",0.599440354933888,0.928025795192458,3.9398313894679,2.18466094698482,3.1222204956513,2.57082094882637,0.51418064233844,2.20074498174385,3.24502013878717,3.7228213036615,2.46709198835306,0.274634416690489,1.27131850772246,0.321687675735776,0.562654373506307,0.174572233875639,2.38068690880129,0.119898475087217,1.23357333754979,1.5877942707982,1.01304248529111,2.74831897128326,0.964060393358879,1.24053360918197,0.585625773341818,0.482170647649894,1.84401229988787,0.801090678510744,2.40147120376563,0.969162737527157,1.21345519040214,1.19513325314187,-0.210111331637563,0.889184910768527,0.187655838942496
"PM-MT",0.781578802576883,1.0656211424544,4.94199373782603,2.71064565158757,2.57082094882637,3.50512161642951,1.15141703482672,2.68197725783719,2.88962621819841,5.01644958577165,2.87518148938542,0.55900158324063,1.07953469740669,0.312755455974457,1.40216292965742,0.632871672726605,2.58560056217698,0.301129472428519,0.905980298435119,1.65515645876549,2.45852350807372,3.7539086619955,0.807850598043103,1.56118105670718,1.2742699443031,0.634089677967369,2.57643872150634,0.872871674425494,2.62898163675628,1.25149046792108,-0.292050873830396,1.8187101365229,0.70093079114876,0.955871163392763,-0.0059655143429388
"NLE-NON",-0.524440762474406,-1.08467457562449,-0.255569834247655,-0.353390221399512,0.51418064233844,1.15141703482672,9.12228748284269,0.661810235487418,0.425301417779961,-12.5135066320311,-3.92145374943566,-2.21760503711544,-0.939950789517832,2.07941448911814,1.92093269842709,1.86692508918057,-1.88336272370096,0.286557841887492,-0.416356199139426,-1.24465381920357,-1.20951317426587,-3.96205348836541,-0.67232228628242,-0.756506826540602,-0.482196417792047,-0.0511956253899041,-0.390954994469982,-1.91371488926762,-2.41903803182238,-0.488264285115655,3.0266163548387,-1.05393216732844,3.27397646148605,0.0265317149545283,-0.614817982320466
"NLE-ZS",1.71040693526097,1.52290020799163,6.01728821204862,3.34075376158149,2.20074498174385,2.68197725783719,0.661810235487418,3.88013334189405,3.66424994361235,7.22339188543628,4.32350942636535,1.23424172827439,1.721789740187,-0.512145725503208,0.33351333373687,0.362912362026535,3.96660606178023,0.358591349787675,0.899061787661936,2.02222008734767,3.74938413568885,6.66444918160557,1.96077377974982,2.08694170424176,1.76556816157667,0.988251640496961,3.12460510475344,1.98566400650362,4.21256307044415,1.55068771453254,0.40248084793282,1.8169855686922,-0.298261603328665,0.599648584789061,0.0015101797292411
"NLE-ZI",1.75546915675582,1.40336315821559,5.87348308178455,2.92383967960293,3.24502013878717,2.88962621819841,0.425301417779961,3.66424994361235,4.74163686531032,6.34805864441883,4.21093055913339,0.700953804256023,1.69045247247526,-0.521084889780438,-0.142647134933491,-0.00419066827945079,3.89948726463084,0.383083036817274,1.73999990640684,2.03877627960967,2.51878076555997,5.88778225878475,1.76254572075744,1.79804146216997,1.45580639062262,0.829574768237936,2.6637545411239,1.46345235727113,3.93068498272038,1.45045381415016,1.86186947026007,1.29534406658377,-1.01256254477911,0.686152773554127,0.192573274474451
"NON-BR",4.39280138871365,5.63643326192788,13.9119187966323,8.79576305423761,3.7228213036615,5.01644958577165,-12.5135066320311,7.22339188543628,6.34805864441883,42.1867959152349,16.1411313326403,7.72954512786224,4.60596071240226,-5.39868915648263,-1.45987923113611,-2.27146653133763,11.6805715426274,-0.26661988991753,2.34483371301244,6.56230751285483,12.6021806721286,21.8721012952763,4.82849585151402,6.53949454748235,5.5865716952894,2.59569238047379,8.22286452320283,7.72183619016647,13.3279868209943,4.43989668690469,-7.13578915039936,7.28339721143564,-4.14247842736447,2.26355400482463,0.765466834944723
"NON-PNS",2.38584523710402,2.72396449853101,8.20613327026298,4.42572568210426,2.46709198835306,2.87518148938542,-3.92145374943566,4.32350942636535,4.21093055913339,16.1411313326403,8.1763227054249,3.03959574250303,2.73124011461035,-1.96703856002396,-0.723965029885336,-0.832489452672041,5.82514527840535,0.108268947660065,1.25079560184132,3.21843481358904,6.11781162976683,10.6544081425114,3.2003731031105,2.85856076052664,2.31904803489045,1.50746009787222,4.32605775306619,3.06697530068683,6.35487391854751,2.86241189369904,-1.54981657808789,3.44430933378188,-2.1236920713464,0.720360767047696,0.541419867969336
"BR-PT",0.797856031687182,1.2248896060624,2.70981911234484,1.68908027188173,0.274634416690489,0.55900158324063,-2.21760503711544,1.23424172827439,0.700953804256023,7.72954512786224,3.03959574250303,3.02426705833952,1.93017816255902,-1.35492756408269,-0.615857821495401,-0.969197205887065,1.70204458741769,-0.142491295353495,0.104938051069421,1.32680848779495,2.85642297698744,4.3496517504883,1.09971555536077,1.28461100313564,0.699318547369628,0.663679773576784,1.38477807050003,1.67024773217805,2.45948827195087,1.23719781943234,-1.51235407177531,2.19310039772578,-0.996750021850319,0.39423642174892,0.36996867283355
"BR-APET",0.824574570045154,1.18206668463898,3.38213812997073,1.85274398602523,1.27131850772246,1.07953469740669,-0.939950789517832,1.721789740187,1.69045247247526,4.60596071240226,2.73124011461035,1.93017816255902,3.11208904793742,0.727661918507936,0.661267231364249,0.257185666118659,2.84218237464771,0.304534498602867,0.381630863741925,1.74785344348306,2.16767516602701,4.05619191617954,1.4149855691286,1.92932187003504,0.318450206680404,0.989713135474451,1.94588024282285,2.15365916980256,3.17266662092565,1.72658397605864,-0.00251295457038582,2.09406702641197,-0.268485833206896,0.735622728606727,0.567592178949269
"PT-APET",-0.875593630464336,-0.515920206977042,-1.03446633632238,-0.35985996549656,0.321687675735776,0.312755455974457,2.07941448911814,-0.512145725503208,-0.521084889780438,-5.39868915648263,-1.96703856002396,-1.35492756408269,0.727661918507936,3.34034239300141,2.75891746692431,2.25564342671844,-0.176728566520695,0.642649543799734,-0.356359480154364,0.0831862088790275,-1.67084620495988,-3.03971321297399,-0.621501330750899,0.313558057899446,-1.07797818887263,0.125127322543354,0.00322829232365543,0.180705542224107,-0.607231928647752,0.263721393755811,0.256161654018175,-0.22444016640468,2.6787132274855,0.552878815152281,0.167387451710224
"PT-BA",-0.34928762673961,0.315010104672272,0.660750188180451,0.967823573118427,0.562654373506307,1.40216292965742,1.92093269842709,0.33351333373687,-0.142647134933491,-1.45987923113611,-0.723965029885336,-0.615857821495401,0.661267231364249,2.75891746692431,5.14240219121819,3.83276587188849,0.954348892202635,0.908698945579678,-0.202823348126772,0.626823391429922,0.434806829062038,-1.80481451196829,-0.431208234091726,1.04492112817782,1.08848850384682,-0.0667035093928831,1.78224285128096,0.757765056294487,0.231575820554175,0.815199709976033,-0.475009382870959,1.17119874349545,5.0304961368213,1.06786066325564,0.116863706669916
"PT-EAM",-0.298292820993995,0.0768532197962562,0.109974959956465,0.355618750380023,0.174572233875639,0.632871672726605,1.86692508918057,0.362912362026535,-0.00419066827945079,-2.27146653133763,-0.832489452672041,-0.969197205887065,0.257185666118659,2.25564342671844,3.83276587188849,3.77296781275859,0.96893535745334,1.03096107297123,-0.380817888758475,0.567151968002063,0.13836008276898,-1.77127115705655,-0.242627060936147,0.369249997630883,0.562995893122677,-0.230492960981021,0.986639727256392,0.566680392328695,0.150051147121208,0.464876686817213,0.0693289450325038,0.0617744681779733,4.16036259864535,0.823019778138037,0.139385562348618
"PT-ZYGI",2.13899323158895,2.42476088674849,7.16953056461034,3.9004572953366,2.38068690880129,2.58560056217698,-1.88336272370096,3.96660606178023,3.89948726463084,11.6805715426274,5.82514527840535,1.70204458741769,2.84218237464771,-0.176728566520695,0.954348892202635,0.96893535745334,6.72024367266765,0.335607803288843,1.04249887604854,3.26343260803998,4.74605195797858,8.95728239191207,2.92442545055907,3.06475373147926,2.2290242206324,1.46127070112693,4.44637657829977,4.09107861497251,6.7737923638899,2.5009594234169,-1.11215094384499,3.098072003042,-0.524841842441591,1.21372020243707,0.507001889589553
"PT-TSP",0.153803321318374,0.0099602777396503,0.239414167293641,0.177380708841144,0.119898475087217,0.301129472428519,0.286557841887492,0.358591349787675,0.383083036817274,-0.26661988991753,0.108268947660065,-0.142491295353495,0.304534498602867,0.642649543799734,0.908698945579678,1.03096107297123,0.335607803288843,0.967708039611281,0.0935661494349722,0.238567057195297,0.146748028760791,0.188537934166782,-0.0893377796456098,0.0566344237677859,0.147052157258505,-0.0471132690879063,0.160755043075343,0.0518274603834603,0.216572507377043,0.436709918040675,0.0551978206560395,0.108109188523209,0.782181582408845,0.196516318134174,0.104290755613429
"ZS-ZI",0.629270997197127,0.328290446583454,1.49627065613696,0.787886431674025,1.23357333754979,0.905980298435119,-0.416356199139426,0.899061787661936,1.73999990640684,2.34483371301244,1.25079560184132,0.104938051069421,0.381630863741925,-0.356359480154364,-0.202823348126772,-0.380817888758475,1.04249887604854,0.0935661494349722,1.21402627070095,0.362498392627066,0.496513453926926,1.68372044164546,0.235967922935149,0.589726520579525,0.771965622309669,0.185164561380356,0.595908263990155,0.193670049181936,0.895559993897793,0.405193041660794,1.27115219205149,0.362401874108698,-0.544806537533355,0.292708515096544,-0.0560590778702167
"ZI-MT",0.561469766687619,0.996732785145727,3.37996378597997,2.04231319639053,1.5877942707982,1.65515645876549,-1.24465381920357,2.02222008734767,2.03877627960967,6.56230751285483,3.21843481358904,1.32680848779495,1.74785344348306,0.0831862088790275,0.626823391429922,0.567151968002063,3.26343260803998,0.238567057195297,0.362498392627066,2.71691489449422,1.73858562699587,3.92554010064619,1.07065914355189,1.13474898883725,0.667392019000311,0.664438089625925,2.35562184630202,2.03833173491118,3.47464183025493,1.38921143379457,-1.46228047352945,1.52768420715984,-0.372484388447317,0.618832129050359,0.388948465110928
"ZI-ZYGI",2.34222903758974,2.74544035916911,7.56831753856449,4.17762022654182,1.01304248529111,2.45852350807372,-1.20951317426587,3.74938413568885,2.51878076555997,12.6021806721286,6.11781162976683,2.85642297698744,2.16767516602701,-1.67084620495988,0.434806829062038,0.13836008276898,4.74605195797858,0.146748028760791,0.496513453926926,1.73858562699587,8.07312476185094,9.78554161120273,3.18208861970654,2.88471248837425,3.01152332868772,1.48751335148218,4.00272757504074,2.35127678202973,4.87312310143108,2.58928598344543,-1.68369578475421,3.68998849256378,0.231411287431606,1.21001729731887,0.169263712331611
"ZI-TSP",4.22068798948758,4.10995031164508,12.1816706061099,6.47411850942219,2.74831897128326,3.7539086619955,-3.96205348836541,6.66444918160557,5.88778225878475,21.8721012952763,10.6544081425114,4.3496517504883,4.05619191617954,-3.03971321297399,-1.80481451196829,-1.77127115705655,8.95728239191207,0.188537934166782,1.68372044164546,3.92554010064619,9.78554161120273,17.9583727625601,5.09415787648254,5.21200046697702,3.84019334192883,2.53415620950751,6.06451353113345,5.95147496906394,10.2484464789117,3.861055435977,-1.59954912424475,5.05621696880666,-3.90191924649338,1.21113987253952,0.518399408359495
"MT-PNS",1.31040438256705,1.45869127280375,4.68380860118498,1.91012639677144,0.964060393358879,0.807850598043103,-0.67232228628242,1.96077377974982,1.76254572075744,4.82849585151402,3.2003731031105,1.09971555536077,1.4149855691286,-0.621501330750899,-0.431208234091726,-0.242627060936147,2.92442545055907,-0.0893377796456098,0.235967922935149,1.07065914355189,3.18208861970654,5.09415787648254,2.86983447861085,1.05101464780029,0.643622639629758,0.885236818176469,2.08441239667277,1.64124328579011,3.11949890129293,1.59536061734069,-0.3416956948704,1.95775032433521,-0.800436201589128,0.140764094018844,0.436377640453911
"PNS-APET",1.18844763074896,1.49964455661974,3.65329937123861,2.36794212370229,1.24053360918197,1.56118105670718,-0.756506826540602,2.08694170424176,1.79804146216997,6.53949454748235,2.85856076052664,1.28461100313564,1.92932187003504,0.313558057899446,1.04492112817782,0.369249997630883,3.06475373147926,0.0566344237677859,0.589726520579525,1.13474898883725,2.88471248837425,5.21200046697702,1.05101464780029,3.39836553685629,1.10605177783344,0.944760957357439,2.23432522553484,2.93097984506987,3.6090382353684,1.3105929282848,-0.307291682790379,2.22910730954621,0.196533456206239,1.04925950168942,0.235076555971429
"APET-BA",1.24491264149061,1.09543461571272,2.67450482001093,1.96744309275107,0.585625773341818,1.2742699443031,-0.482196417792047,1.76556816157667,1.45580639062262,5.5865716952894,2.31904803489045,0.699318547369628,0.318450206680404,-1.07797818887263,1.08848850384682,0.562995893122677,2.2290242206324,0.147052157258505,0.771965622309669,0.667392019000311,3.01152332868772,3.84019334192883,0.643622639629758,1.10605177783344,2.94700323294834,0.266150668856154,2.14143559675678,0.866461812814003,1.88364927509934,0.604468133911115,0.382473571696825,0.985869660233956,0.676788023000388,0.539444616706193,-0.270473192904286
"APET-TS",0.556013826381648,0.61122622697346,1.9535997839864,1.07562864079515,0.482170647649894,0.634089677967369,-0.0511956253899041,0.988251640496961,0.829574768237936,2.59569238047379,1.50746009787222,0.663679773576784,0.989713135474451,0.125127322543354,-0.0667035093928831,-0.230492960981021,1.46127070112693,-0.0471132690879063,0.185164561380356,0.664438089625925,1.48751335148218,2.53415620950751,0.885236818176469,0.944760957357439,0.266150668856154,1.03854459012262,1.30167765291564,0.86298302753969,1.6189640396538,0.886090842690481,-0.830227857925463,1.21058589736434,-0.361135168542571,0.266215431942727,0.282395642789731
"BA-EAM",1.41812510692641,1.84903402755782,5.78090779042425,3.40971475891536,1.84401229988787,2.57643872150634,-0.390954994469982,3.12460510475344,2.6637545411239,8.22286452320283,4.32605775306619,1.38477807050003,1.94588024282285,0.00322829232365543,1.78224285128096,0.986639727256392,4.44637657829977,0.160755043075343,0.595908263990155,2.35562184630202,4.00272757504074,6.06451353113345,2.08441239667277,2.23432522553484,2.14143559675678,1.30167765291564,4.21277023387065,2.30483963078854,4.4472318798101,2.07614397284854,-1.78041675151196,3.07074364092411,0.637056255359368,0.760121511326369,0.215335844610933
"EAM-ZYGI",1.19095060641515,1.72499180989937,3.6550198301329,2.23604230759491,0.801090678510744,0.872871674425494,-1.91371488926762,1.98566400650362,1.46345235727113,7.72183619016647,3.06697530068683,1.67024773217805,2.15365916980256,0.180705542224107,0.757765056294487,0.566680392328695,4.09107861497251,0.0518274603834603,0.193670049181936,2.03833173491118,2.35127678202973,5.95147496906394,1.64124328579011,2.93097984506987,0.866461812814003,0.86298302753969,2.30483963078854,4.67444446299334,5.02591261388224,1.52258268292219,-0.774912093039958,2.23330915830061,-0.207619372424219,0.926728135247365,0.549833294239678
"ZYGI-TSP",2.26890604264421,2.70558456510394,7.66348040983575,4.22599252617224,2.40147120376563,2.62898163675628,-2.41903803182238,4.21256307044415,3.93068498272038,13.3279868209943,6.35487391854751,2.45948827195087,3.17266662092565,-0.607231928647752,0.231575820554175,0.150051147121208,6.7737923638899,0.216572507377043,0.895559993897793,3.47464183025493,4.87312310143108,10.2484464789117,3.11949890129293,3.6090382353684,1.88364927509934,1.6189640396538,4.4472318798101,5.02591261388224,7.61654184514013,2.68560086037676,-1.5678928104166,3.61555254119799,-1.42737430841359,1.14275699389661,0.615001182681266
"LD-AS",0.894755781001812,1.12996911468233,3.73045701127548,1.78656303782356,0.969162737527157,1.25149046792108,-0.488264285115655,1.55068771453254,1.45045381415016,4.43989668690469,2.86241189369904,1.23719781943234,1.72658397605864,0.263721393755811,0.815199709976033,0.464876686817213,2.5009594234169,0.436709918040675,0.405193041660794,1.38921143379457,2.58928598344543,3.861055435977,1.59536061734069,1.3105929282848,0.604468133911115,0.886090842690481,2.07614397284854,1.52258268292219,2.68560086037676,2.43678545711475,-1.03074910164783,2.49330319033219,0.228395145786852,0.576614043810432,0.425827940611168
"BR-LD",0.382406918974418,-0.803404950348882,-0.706593723966991,-0.850940173190852,1.21345519040214,-0.292050873830396,3.0266163548387,0.40248084793282,1.86186947026007,-7.13578915039936,-1.54981657808789,-1.51235407177531,-0.00251295457038582,0.256161654018175,-0.475009382870959,0.0693289450325038,-1.11215094384499,0.0551978206560395,1.27115219205149,-1.46228047352945,-1.68369578475421,-1.59954912424475,-0.3416956948704,-0.307291682790379,0.382473571696825,-0.830227857925463,-1.78041675151196,-0.774912093039958,-1.5678928104166,-1.03074910164783,8.98640675527934,-2.53097898303058,0.304303877709517,0.0983293039070094,-0.42502154141948
"OPI-LD",0.976090650841489,1.61580841583035,4.87155012772271,2.62915551994778,1.19513325314187,1.8187101365229,-1.05393216732844,1.8169855686922,1.29534406658377,7.28339721143564,3.44430933378188,2.19310039772578,2.09406702641197,-0.22444016640468,1.17119874349545,0.0617744681779733,3.098072003042,0.108109188523209,0.362401874108698,1.52768420715984,3.68998849256378,5.05621696880666,1.95775032433521,2.22910730954621,0.985869660233956,1.21058589736434,3.07074364092411,2.23330915830061,3.61555254119799,2.49330319033219,-2.53097898303058,4.73273827618502,0.401425685582882,0.648263985669335,0.273487688956578
"PT-AS",-0.70624529592659,-0.155876472959962,-0.580518684697746,0.147482359261309,-0.210111331637563,0.70093079114876,3.27397646148605,-0.298261603328665,-1.01256254477911,-4.14247842736447,-2.1236920713464,-0.996750021850319,-0.268485833206896,2.6787132274855,5.0304961368213,4.16036259864535,-0.524841842441591,0.782181582408845,-0.544806537533355,-0.372484388447317,0.231411287431606,-3.90191924649338,-0.800436201589128,0.196533456206239,0.676788023000388,-0.361135168542571,0.637056255359368,-0.207619372424219,-1.42737430841359,0.228395145786852,0.304303877709517,0.401425685582882,6.49851138396192,0.986940276185872,-0.101986382697762
"JP-AS",0.132674931994006,0.700790509982888,1.28309984753342,1.00235646775488,0.889184910768527,0.955871163392763,0.0265317149545283,0.599648584789061,0.686152773554127,2.26355400482463,0.720360767047696,0.39423642174892,0.735622728606727,0.552878815152281,1.06786066325564,0.823019778138037,1.21372020243707,0.196516318134174,0.292708515096544,0.618832129050359,1.21001729731887,1.21113987253952,0.140764094018844,1.04925950168942,0.539444616706193,0.266215431942727,0.760121511326369,0.926728135247365,1.14275699389661,0.576614043810432,0.0983293039070094,0.648263985669335,0.986940276185872,1.34687721663103,0.092604121946258
"BA-OPI",0.177360476887995,0.451402824828192,0.551805844786004,0.124185248323927,0.187655838942496,-0.0059655143429388,-0.614817982320466,0.0015101797292411,0.192573274474451,0.765466834944723,0.541419867969336,0.36996867283355,0.567592178949269,0.167387451710224,0.116863706669916,0.139385562348618,0.507001889589553,0.104290755613429,-0.0560590778702167,0.388948465110928,0.169263712331611,0.518399408359495,0.436377640453911,0.235076555971429,-0.270473192904286,0.282395642789731,0.215335844610933,0.549833294239678,0.615001182681266,0.425827940611168,-0.42502154141948,0.273487688956578,-0.101986382697762,0.092604121946258,0.763909817975791
