"","IS-PM","IS-NLE","IS-PNS","PM-ZS","PM-ZI","PM-MT","NLE-NON","NLE-ZS","NLE-ZI","NON-BR","NON-PNS","BR-PT","BR-APET","PT-APET","PT-BA","PT-EAM","PT-ZYGI","PT-TSP","ZS-ZI","ZI-MT","ZI-ZYGI","ZI-TSP","MT-PNS","PNS-APET","APET-BA","APET-TS","BA-EAM","EAM-ZYGI","ZYGI-TSP","LD-AS","BR-LD","OPI-LD","PT-AS","JP-AS","BA-OPI"
"IS-PM",0.0647880480987925,0.00844004173608856,0.040574159624082,0.010266469839295,-0.013079380867558,-0.00455463797634352,0.0979656860858832,0.073064482033625,0.0507331408532449,0.016265651574235,-0.0224989607073224,-0.0134950748918115,0.0166848194982868,0.0526433158743698,0.0576374322071111,0.0713638783370337,0.00107149427031991,0.0679163523251349,-0.021114401234332,0.0184757863705621,0.0286114549802684,0.0903424746431219,-0.0144074526639565,0.103328589508727,-0.019219801505694,-0.00213162589786369,-0.0323357864174711,0.0831118579628642,-0.00917992163284764,-0.0859348542827528,0.0615588671724514,-0.0370968906699391,0.0898586432746298,-0.025343204799502,0.00548853179760632
"IS-NLE",0.00844004173608856,0.330200587079545,0.57859191254792,0.219460153762551,0.295868571782531,0.351598906120488,0.101571095606564,0.06179236685242,0.243990197399015,0.485754556229623,0.410313897384411,0.10811615145174,0.0739463480734944,0.00993134263188304,0.26176454307097,0.127918788641881,0.183275680658225,-0.039766482795342,0.188078726746661,0.0278120314435399,0.431030881470302,0.360209235717321,0.276963652616269,0.0580101360179995,0.326908286659538,0.0500304386116163,0.233679768323686,0.172733252396704,0.163791556783666,-0.000883310244004029,0.0434716740529085,0.0739930014746829,0.1593913763703,0.106865051971931,0.045459371012997
"IS-PNS",0.040574159624082,0.57859191254792,5.55394510382498,1.28152292436158,1.94159738683879,2.20053283160612,0.825767241160983,0.835129996289068,1.8050592438751,2.26171679139739,4.26750038229403,0.206465235389578,0.823693622977225,0.618656680467404,1.71326320516477,0.695169100302327,1.27070361513789,-0.0138191583610994,0.989558278902262,0.111932967390025,2.20194847685581,1.49916998186979,3.02715029753846,-1.51374484509331,1.53035684814079,0.462082157848662,1.18795219483299,0.486296304680868,1.02515428127148,0.440282198856994,1.00498655375447,0.513060050997998,0.710251143565644,0.21476541651129,-0.0699429049729349
"PM-ZS",0.010266469839295,0.219460153762551,1.28152292436158,0.857452584909865,0.915802202185366,0.994959895688638,0.268389038614813,0.656578747008828,0.793386407961083,0.881105950966343,0.884924633628728,0.129046640109808,0.383904484614366,0.355542029842734,0.800562993379226,0.483295702296786,0.518886299029099,0.0081989708708706,0.158252988616337,0.15027178295788,0.71086389099707,0.341652482289756,0.337891403885546,0.198113003645868,0.564689354272541,0.237048884038016,0.424201364173905,0.262434403923793,0.398043558692179,0.276266158328464,0.453165079543617,0.179398913390697,0.563273412108496,-0.00903035889664386,-0.0590850418320908
"PM-ZI",-0.013079380867558,0.295868571782531,1.94159738683879,0.915802202185366,1.82899703519318,1.32612549258054,0.555379152551246,0.625731297121586,1.53020945686944,0.696664042749634,1.26346527018764,0.294245970472509,0.627226118348212,0.576612088273853,1.16608562879643,0.578378936849219,0.60133162573073,0.0535780854089123,0.879820786203757,0.366979888926153,0.439740058161324,-0.31238740196393,0.647158301821554,-0.0934785406225495,0.712960664341317,0.263350240543594,0.748521745812084,-0.199562755904872,0.321973843134528,0.870180780115586,0.740071186172087,0.466381931154816,0.763221451801938,0.195989664064331,0.0131159243521835
"PM-MT",-0.00455463797634352,0.351598906120488,2.20053283160612,0.994959895688638,1.32612549258054,1.70332957306078,0.564065416183583,0.675943661695692,1.20437317241674,1.31625428278695,1.56543343486853,0.219881256730351,0.562360527411474,0.388121667822587,1.12101758637145,0.550231001881996,0.788596110731426,0.0418554280067829,0.555736121707157,0.24543267404851,1.32942813588154,0.666948358445946,0.543947428350856,0.19616586767925,0.913219004974769,0.299593782123127,0.724540119691139,0.286667694886076,0.517782606261217,0.483437113776398,0.621506464254486,0.144120084869009,0.556982109831104,-0.0641374264817889,0.0127004145348144
"NLE-NON",0.0979656860858832,0.101571095606564,0.825767241160983,0.268389038614813,0.555379152551246,0.564065416183583,1.36630322124961,0.328336991664813,0.723019414716628,-0.245502308252823,0.220378415680873,0.0235675152885062,0.306902259551045,0.418834508701032,0.73499717769046,0.485993530073999,0.318858013491997,0.249069764117438,0.400341673765625,0.202501377058287,0.499504303583183,0.412978384728058,0.208952683524659,0.342666687386647,0.377118160851888,0.164783072770814,0.302429312516327,0.295456595500775,0.109244147768076,0.0891025243315949,0.418848355953396,0.0880053532303858,0.455730664504465,0.114671118190677,0.0386242133015874
"NLE-ZS",0.073064482033625,0.06179236685242,0.835129996289068,0.656578747008828,0.625731297121586,0.675943661695692,0.328336991664813,0.783158167944935,0.727799569121487,0.641539384763964,0.634985427613492,0.0268829999009587,0.323263617202302,0.47896959622929,0.776741313641267,0.621193926904422,0.426944179272376,0.146571999676024,-0.0409758485747096,0.153266270369874,0.457937576228461,0.276729132950488,0.151515602676657,0.194341126771192,0.420102098416226,0.196217606814661,0.213193003567436,0.29889881156483,0.291312792601862,0.13009856015012,0.514953810189943,0.101663346298404,0.680791218309623,-0.0079651809224559,-0.0200270477366664
"NLE-ZI",0.0507331408532449,0.243990197399015,1.8050592438751,0.793386407961083,1.53020945686944,1.20437317241674,0.723019414716628,0.727799569121487,1.50938570097926,0.684141222997565,1.28907545886908,0.21397002041234,0.621452610690263,0.667246490878002,1.24072034090399,0.761418163735759,0.665578621021782,0.188808519613749,0.768327353702662,0.373640710072515,0.572174687338215,-0.0206726067814834,0.585811920394447,0.00106374767489274,0.721651524580921,0.274763103584973,0.630577439550183,0.0327677747784946,0.351386733026176,0.592809461175306,0.799933043787691,0.333873166680765,0.882188363475702,0.179075225303276,0.0359292979404503
"NON-BR",0.016265651574235,0.485754556229623,2.26171679139739,0.881105950966343,0.696664042749634,1.31625428278695,-0.245502308252823,0.641539384763964,0.684141222997565,4.03321866136717,2.14000152122623,0.356998433298455,-0.0575280685150779,0.130187821713373,0.753778229184984,0.407087948958711,0.822604264763258,-0.430826557485594,0.0844288545876933,-0.126289808692767,1.68014622484516,1.53854833355063,0.966398504669923,0.183383607742744,0.917099550172692,0.134541018675876,0.474008849046648,0.872782548435095,1.01172705384973,-0.216348418555153,-0.48733338891302,-0.102085771347149,0.202490732961472,0.112286005013942,0.139996265131034
"NON-PNS",-0.0224989607073224,0.410313897384411,4.26750038229403,0.884924633628728,1.26346527018764,1.56543343486853,0.220378415680873,0.634985427613492,1.28907545886908,2.14000152122623,3.80409938590461,0.107132978495635,0.595695730147821,0.447177152307574,1.31815417345198,0.589744255288689,1.11800272403586,-0.0690563265238473,0.67090832884102,0.0500644087993588,1.83454488534289,1.23575870725762,2.50540748884434,-1.42787236002502,1.27750140195454,0.330040453444101,0.883469187904189,0.395975581114729,0.926319913462204,0.207077925789509,0.806772727484745,0.326911673655802,0.570028157687957,0.165084199007065,-0.0886139546809509
"BR-PT",-0.0134950748918115,0.10811615145174,0.206465235389578,0.129046640109808,0.294245970472509,0.219881256730351,0.0235675152885062,0.0268829999009587,0.21397002041234,0.356998433298455,0.107132978495635,0.445854491061778,0.117193878533749,-0.0539956097611931,0.169882967380409,-0.0290883347744091,0.00919427842809681,-0.10821952035617,0.185523879916549,0.140352003833438,0.0907400078597485,-0.265519715253559,0.0492441759116442,0.156102107425585,0.0423164210133201,0.117997119186851,0.198331659397528,0.0159076287038011,-0.0240062282733861,0.287904121649069,-0.045712977995985,0.105028192114717,0.201485342369024,0.123083563370125,0.0701538831224119
"BR-APET",0.0166848194982868,0.0739463480734944,0.823693622977225,0.383904484614366,0.627226118348212,0.562360527411474,0.306902259551045,0.323263617202302,0.621452610690263,-0.0575280685150779,0.595695730147821,0.117193878533749,0.559203138811971,0.382837965027101,0.6437893512051,0.3939899580217,0.3938511881131,0.151422712862672,0.293646390576498,0.293833551209361,0.512933173955333,0.0287951096263894,0.255538672606164,0.00985196267538805,0.340736738815505,0.154115289896753,0.353049088847577,-0.169413032516164,0.132512434555801,0.291585711340649,0.506638424682208,0.212144736869112,0.550721885578911,0.116602916945807,-0.0302531969939979
"PT-APET",0.0526433158743698,0.00993134263188304,0.618656680467404,0.355542029842734,0.576612088273853,0.388121667822587,0.418834508701032,0.47896959622929,0.667246490878002,0.130187821713373,0.447177152307574,-0.0539956097611931,0.382837965027101,0.681299157236941,0.809911881645235,0.698222172101284,0.435600435752397,0.26327782763284,0.179360683936182,0.172096997148792,0.143136452863244,-0.0990190748022843,0.195401000678398,-0.0550085274610237,0.24867201835359,0.091589712416159,0.182904199795297,-0.0804932995132694,0.169946700879676,0.270634782457077,0.381055657106659,0.199818434734234,0.717406960518421,0.147013560888204,0.0461612724224684
"PT-BA",0.0576374322071111,0.26176454307097,1.71326320516477,0.800562993379226,1.16608562879643,1.12101758637145,0.73499717769046,0.776741313641267,1.24072034090399,0.753778229184984,1.31815417345198,0.169882967380409,0.6437893512051,0.809911881645235,1.6355104485975,1.07005591603664,0.920138640739248,0.32153633177725,0.472305348300763,0.255407561321071,0.983788334764424,0.182978446202988,0.644125343424769,0.0525072256395728,0.940340143976246,0.247433859183465,0.693199639204841,0.166993764771587,0.436381569900463,0.497430841014849,0.846242865829629,0.333648479463822,1.17585464646919,0.195186695435604,0.0377156458593129
"PT-EAM",0.0713638783370337,0.127918788641881,0.695169100302327,0.483295702296786,0.578378936849219,0.550231001881996,0.485993530073999,0.621193926904422,0.761418163735759,0.407087948958711,0.589744255288689,-0.0290883347744091,0.3939899580217,0.698222172101284,1.07005591603664,0.993362683821322,0.659999622552833,0.369595173309291,0.146133214655119,0.170606067045887,0.506533566500063,0.142274700320967,0.174175564737444,0.184934717816146,0.500878656839938,0.143391429951527,0.22492411039974,0.244143053325115,0.280343150727762,0.149173107503869,0.576295984263249,0.105051253520238,0.911816367048759,0.110073381475806,0.017725935147199
"PT-ZYGI",0.00107149427031991,0.183275680658225,1.27070361513789,0.518886299029099,0.60133162573073,0.788596110731426,0.318858013491997,0.426944179272376,0.665578621021782,0.822604264763258,1.11800272403586,0.00919427842809681,0.3938511881131,0.435600435752397,0.920138640739248,0.659999622552833,0.937849334390119,0.200376993767896,0.246954966538106,0.187053281230106,1.09806824719694,0.573803983097067,0.497993757518825,0.00196503221656156,0.722097708520242,0.156006288468035,0.445232434826544,0.11753701585272,0.553618279813727,0.0372459277135683,0.453393151801322,0.0969772212846775,0.602844511313542,0.0417116731782128,-0.0527652050922351
"PT-TSP",0.0679163523251349,-0.039766482795342,-0.0138191583610994,0.0081989708708706,0.0535780854089123,0.0418554280067829,0.249069764117438,0.146571999676024,0.188808519613749,-0.430826557485594,-0.0690563265238473,-0.10821952035617,0.151422712862672,0.26327782763284,0.32153633177725,0.369595173309291,0.200376993767896,0.768685135117789,0.0348728935931433,0.0672547868391137,-0.0713889717879518,0.0963902653880181,-0.141707584423643,0.0303472367688424,-0.000298877636225643,-0.0154175799199019,-0.0322501506217496,-0.0612770195673838,-0.124997649199718,-0.0919879243501882,0.526169892391154,-0.190503609986099,0.391698767928869,-0.059146680115807,-0.0628190032139832
"ZS-ZI",-0.021114401234332,0.188078726746661,0.989558278902262,0.158252988616337,0.879820786203757,0.555736121707157,0.400341673765625,-0.0409758485747096,0.768327353702662,0.0844288545876933,0.67090832884102,0.185523879916549,0.293646390576498,0.179360683936182,0.472305348300763,0.146133214655119,0.246954966538106,0.0348728935931433,0.789706724787974,0.199287000949915,0.166119578047627,-0.23403378883287,0.433244428285839,-0.169012098937072,0.317632900000508,0.0854137015402092,0.419650968306048,-0.221290633786829,0.078129054332707,0.451126261858425,0.27642698033143,0.231785088018379,0.191795175022556,0.162524904970709,0.050860730859657
"ZI-MT",0.0184757863705621,0.0278120314435399,0.111932967390025,0.15027178295788,0.366979888926153,0.24543267404851,0.202501377058287,0.153266270369874,0.373640710072515,-0.126289808692767,0.0500644087993588,0.140352003833438,0.293833551209361,0.172096997148792,0.255407561321071,0.170606067045887,0.187053281230106,0.0672547868391137,0.199287000949915,0.402166053811587,0.209481538089909,-0.0672296440974284,-0.137093500625218,0.296275314257804,0.126008387802344,0.107254890332237,0.172934598022309,-0.0619593829000421,0.0323840093174111,0.129371186536638,0.177560904745371,0.0423347722440849,0.301978242213579,0.0712181931250746,0.0104201479852782
"ZI-ZYGI",0.0286114549802684,0.431030881470302,2.20194847685581,0.71086389099707,0.439740058161324,1.32942813588154,0.499504303583183,0.457937576228461,0.572174687338215,1.68014622484516,1.83454488534289,0.0907400078597485,0.512933173955333,0.143136452863244,0.983788334764424,0.506533566500063,1.09806824719694,-0.0713889717879518,0.166119578047627,0.209481538089909,2.89324380329508,1.90818719860472,0.907877109382742,0.453775685693281,1.23777279376864,0.238921842902883,0.725589638636452,0.377721256340216,0.749546945351251,-0.343230488260098,0.0842247403847303,0.0458930325646502,0.336545409116683,0.0231953973559756,-0.0949504844749236
"ZI-TSP",0.0903424746431219,0.360209235717321,1.49916998186979,0.341652482289756,-0.31238740196393,0.666948358445946,0.412978384728058,0.276729132950488,-0.0206726067814834,1.53854833355063,1.23575870725762,-0.265519715253559,0.0287951096263894,-0.0990190748022843,0.182978446202988,0.142274700320967,0.573803983097067,0.0963902653880181,-0.23403378883287,-0.0672296440974284,1.90818719860472,2.6729441814922,0.725830847039903,0.196098784177169,0.81244213851093,0.0723167973025299,0.210091069280487,0.878078977794077,0.735969653659259,-1.122886072312,-0.0736124952145106,-0.294823249054764,-0.222534346742758,-0.0420266169769478,0.0299067617776521
"MT-PNS",-0.0144074526639565,0.276963652616269,3.02715029753846,0.337891403885546,0.647158301821554,0.543947428350856,0.208952683524659,0.151515602676657,0.585811920394447,0.966398504669923,2.50540748884434,0.0492441759116442,0.255538672606164,0.195401000678398,0.644125343424769,0.174175564737444,0.497993757518825,-0.141707584423643,0.433244428285839,-0.137093500625218,0.907877109382742,0.725830847039903,2.28925572559478,-1.54056616360801,0.709705065051954,0.182015440677776,0.532636802741918,0.183231531725583,0.515201258500838,0.0398844561039615,0.320508154880552,0.447856694172492,0.20441755842014,0.312345813394207,-0.0694502752381172
"PNS-APET",0.103328589508727,0.0580101360179995,-1.51374484509331,0.198113003645868,-0.0934785406225495,0.19616586767925,0.342666687386647,0.194341126771192,0.00106374767489274,0.183383607742744,-1.42787236002502,0.156102107425585,0.00985196267538805,-0.0550085274610237,0.0525072256395728,0.184934717816146,0.00196503221656156,0.0303472367688424,-0.169012098937072,0.296275314257804,0.453775685693281,0.196098784177169,-1.54056616360801,2.10320501239219,-0.116403437463887,-0.015594374617217,-0.0632211588755889,0.383885113202069,-0.0801872681141774,-0.241363591332021,-0.300148283159903,-0.411246158708399,0.114895235464342,-0.194984877141617,-0.00182796631723677
"APET-BA",-0.019219801505694,0.326908286659538,1.53035684814079,0.564689354272541,0.712960664341317,0.913219004974769,0.377118160851888,0.420102098416226,0.721651524580921,0.917099550172692,1.27750140195454,0.0423164210133201,0.340736738815505,0.24867201835359,0.940340143976246,0.500878656839938,0.722097708520242,-0.000298877636225643,0.317632900000508,0.126008387802344,1.23777279376864,0.81244213851093,0.709705065051954,-0.116403437463887,1.05169801321927,0.174875172308177,0.620639632680419,0.267543782597416,0.515808515505486,0.117987749303612,0.495816038523014,0.228007544076904,0.439218914418376,0.121106440258794,-0.00869366889823507
"APET-TS",-0.00213162589786369,0.0500304386116163,0.462082157848662,0.237048884038016,0.263350240543594,0.299593782123127,0.164783072770814,0.196217606814661,0.274763103584973,0.134541018675876,0.330040453444101,0.117997119186851,0.154115289896753,0.091589712416159,0.247433859183465,0.143391429951527,0.156006288468035,-0.0154175799199019,0.0854137015402092,0.107254890332237,0.238921842902883,0.0723167973025299,0.182015440677776,-0.015594374617217,0.174875172308177,0.211161198632377,0.145855354371936,0.144909812456735,0.110025078652379,0.110739016033445,0.209139380899776,0.0876430367548703,0.222192721010006,0.019987464094214,0.00351226922646785
"BA-EAM",-0.0323357864174711,0.233679768323686,1.18795219483299,0.424201364173905,0.748521745812084,0.724540119691139,0.302429312516327,0.213193003567436,0.630577439550183,0.474008849046648,0.883469187904189,0.198331659397528,0.353049088847577,0.182904199795297,0.693199639204841,0.22492411039974,0.445232434826544,-0.0322501506217496,0.419650968306048,0.172934598022309,0.725589638636452,0.210091069280487,0.532636802741918,-0.0632211588755889,0.620639632680419,0.145855354371936,0.607478747641512,-0.0550470829959569,0.267355680965021,0.416559922124295,0.331263779905221,0.343435816757885,0.368738334942742,0.157035067840451,-0.0179824560291434
"EAM-ZYGI",0.0831118579628642,0.172733252396704,0.486296304680868,0.262434403923793,-0.199562755904872,0.286667694886076,0.295456595500775,0.29889881156483,0.0327677747784946,0.872782548435095,0.395975581114729,0.0159076287038011,-0.169413032516164,-0.0804932995132694,0.166993764771587,0.244143053325115,0.11753701585272,-0.0612770195673838,-0.221290633786829,-0.0619593829000421,0.377721256340216,0.878078977794077,0.183231531725583,0.383885113202069,0.267543782597416,0.144909812456735,-0.0550470829959569,1.247839600411,0.315699167801142,-0.529041693745219,0.0398537539047482,-0.372561341287433,0.0505425143105291,-0.111483244892882,0.0490009416953395
"ZYGI-TSP",-0.00917992163284764,0.163791556783666,1.02515428127148,0.398043558692179,0.321973843134528,0.517782606261217,0.109244147768076,0.291312792601862,0.351386733026176,1.01172705384973,0.926319913462204,-0.0240062282733861,0.132512434555801,0.169946700879676,0.436381569900463,0.280343150727762,0.553618279813727,-0.124997649199718,0.078129054332707,0.0323840093174111,0.749546945351251,0.735969653659259,0.515201258500838,-0.0801872681141774,0.515808515505486,0.110025078652379,0.267355680965021,0.315699167801142,0.57004005600045,-0.192167488086511,0.107875194940157,0.0532786493421029,0.203627689114208,0.0468413095309121,0.00561232150892991
"LD-AS",-0.0859348542827528,-0.000883310244004029,0.440282198856994,0.276266158328464,0.870180780115586,0.483437113776398,0.0891025243315949,0.13009856015012,0.592809461175306,-0.216348418555153,0.207077925789509,0.287904121649069,0.291585711340649,0.270634782457077,0.497430841014849,0.149173107503869,0.0372459277135683,-0.0919879243501882,0.451126261858425,0.129371186536638,-0.343230488260098,-1.122886072312,0.0398844561039615,-0.241363591332021,0.117987749303612,0.110739016033445,0.416559922124295,-0.529041693745219,-0.192167488086511,1.73452601074168,0.215209635989601,0.666022189519726,0.152656616757826,-0.152564991025461,0.0855091113515329
"BR-LD",0.0615588671724514,0.0434716740529085,1.00498655375447,0.453165079543617,0.740071186172087,0.621506464254486,0.418848355953396,0.514953810189943,0.799933043787691,-0.48733338891302,0.806772727484745,-0.045712977995985,0.506638424682208,0.381055657106659,0.846242865829629,0.576295984263249,0.453393151801322,0.526169892391154,0.27642698033143,0.177560904745371,0.0842247403847303,-0.0736124952145106,0.320508154880552,-0.300148283159903,0.495816038523014,0.209139380899776,0.331263779905221,0.0398537539047482,0.107875194940157,0.215209635989601,1.6854141125231,-0.0343064103597415,0.813710277293117,-0.101741492532937,-0.193398251195029
"OPI-LD",-0.0370968906699391,0.0739930014746829,0.513060050997998,0.179398913390697,0.466381931154816,0.144120084869009,0.0880053532303858,0.101663346298404,0.333873166680765,-0.102085771347149,0.326911673655802,0.105028192114717,0.212144736869112,0.199818434734234,0.333648479463822,0.105051253520238,0.0969772212846775,-0.190503609986099,0.231785088018379,0.0423347722440849,0.0458930325646502,-0.294823249054764,0.447856694172492,-0.411246158708399,0.228007544076904,0.0876430367548703,0.343435816757885,-0.372561341287433,0.0532786493421029,0.666022189519726,-0.0343064103597415,0.905226899264184,0.215565413108021,0.258177712140014,0.00316676235606792
"PT-AS",0.0898586432746298,0.1593913763703,0.710251143565644,0.563273412108496,0.763221451801938,0.556982109831104,0.455730664504465,0.680791218309623,0.882188363475702,0.202490732961472,0.570028157687957,0.201485342369024,0.550721885578911,0.717406960518421,1.17585464646919,0.911816367048759,0.602844511313542,0.391698767928869,0.191795175022556,0.301978242213579,0.336545409116683,-0.222534346742758,0.20441755842014,0.114895235464342,0.439218914418376,0.222192721010006,0.368738334942742,0.0505425143105291,0.203627689114208,0.152656616757826,0.813710277293117,0.215565413108021,1.41808276808933,0.325628904351048,-0.0312831168553638
"JP-AS",-0.025343204799502,0.106865051971931,0.21476541651129,-0.00903035889664386,0.195989664064331,-0.0641374264817889,0.114671118190677,-0.0079651809224559,0.179075225303276,0.112286005013942,0.165084199007065,0.123083563370125,0.116602916945807,0.147013560888204,0.195186695435604,0.110073381475806,0.0417116731782128,-0.059146680115807,0.162524904970709,0.0712181931250746,0.0231953973559756,-0.0420266169769478,0.312345813394207,-0.194984877141617,0.121106440258794,0.019987464094214,0.157035067840451,-0.111483244892882,0.0468413095309121,-0.152564991025461,-0.101741492532937,0.258177712140014,0.325628904351048,0.627772809682057,0.0711319554408554
"BA-OPI",0.00548853179760632,0.045459371012997,-0.0699429049729349,-0.0590850418320908,0.0131159243521835,0.0127004145348144,0.0386242133015874,-0.0200270477366664,0.0359292979404503,0.139996265131034,-0.0886139546809509,0.0701538831224119,-0.0302531969939979,0.0461612724224684,0.0377156458593129,0.017725935147199,-0.0527652050922351,-0.0628190032139832,0.050860730859657,0.0104201479852782,-0.0949504844749236,0.0299067617776521,-0.0694502752381172,-0.00182796631723677,-0.00869366889823507,0.00351226922646785,-0.0179824560291434,0.0490009416953395,0.00561232150892991,0.0855091113515329,-0.193398251195029,0.00316676235606792,-0.0312831168553638,0.0711319554408554,0.290577698576374
