"","IS-PM","IS-NLE","IS-PNS","PM-ZS","PM-ZI","PM-MT","NLE-NON","NLE-ZS","NLE-ZI","NON-BR","NON-PNS","BR-PT","BR-APET","PT-APET","PT-BA","PT-EAM","PT-ZYGI","PT-TSP","ZS-ZI","ZI-MT","ZI-ZYGI","ZI-TSP","MT-PNS","PNS-APET","APET-BA","APET-TS","BA-EAM","EAM-ZYGI","ZYGI-TSP","LD-AS","BR-LD","OPI-LD","PT-AS","JP-AS","BA-OPI"
"IS-PM",1.06532477381823,0.781434929127936,1.74737825938906,0.377682774273112,0.655287008664247,0.924548967467674,1.36884634841382,0.749712260635247,1.2746001481571,0.664670832796125,0.519503042978503,0.539927572932172,0.653842126572679,0.478754355483506,0.890811742067604,0.408208843683907,0.656318523969108,0.320088981743664,0.66530950699812,0.619560714143689,0.777920128854581,1.2450228179504,0.178293491171192,0.737211987362849,0.501908171730724,0.194738317648902,0.491199532273622,0.673808368004387,0.569870065127867,0.138607317608028,-0.162704249460347,0.593989634814985,0.484282467329355,0.339834506774335,0.0561105509215231
"IS-NLE",0.781434929127936,1.38942161837394,1.65916695141863,0.834687140344752,1.2485295291959,1.20844938399519,1.27012702788175,0.551154005040479,1.21248245517843,0.809488657547271,0.54151956315997,0.382624683477034,0.603180069528511,0.224617696996053,0.637593061894063,0.0570219171230877,0.500575132628976,0.100149588900072,0.683637159218481,0.682322899821427,0.881062462255973,1.25932988280697,0.100402105644828,1.19549898095517,0.627338497739379,0.295592236591344,0.556650387839139,0.683131370036106,0.512536540616424,-0.145996910401921,-0.199578842179592,0.570140459153371,0.099209065908954,0.252020034327741,-0.0954583620162105
"IS-PNS",1.74737825938906,1.65916695141863,6.74186177876529,2.29911292380289,2.87799626231448,3.60800916534814,2.90369038787205,2.69246713758322,3.68052335618013,3.64704204706872,3.62095495400409,1.15184682559582,1.12368504015755,0.883311445718175,2.37894985622669,1.13680370308049,1.33372364991291,0.582277819494297,1.23280343011654,1.53237177459672,2.27564078953304,3.3322598939765,0.777623113047845,0.758383080908491,1.66960688082115,0.0335478789701783,1.40947708136604,2.00534602045664,1.62045843441275,0.464829398669276,0.175809645192212,0.677518150779922,1.47683299010334,0.645291509580021,0.0499270634291726
"PM-ZS",0.377682774273112,0.834687140344752,2.29911292380289,1.80600286286934,1.78952210806946,1.93245689322041,1.39358143909749,1.40974488080033,1.71718986458473,1.73216231529782,1.03261225798146,-0.0110399145204769,0.562285283122372,0.410681588000557,0.853752611286014,0.442145246668576,0.702161916539687,0.348481896090978,0.503801452988413,0.385331314480567,1.15400420842801,1.78277283370239,0.160420777356769,1.52214025469396,0.538204020592968,0.0139900443130617,0.50927504596945,0.859418700078522,0.759372883619182,0.501992322080981,0.539217619814674,0.632837183536927,0.270667242691443,0.0333815043620718,-0.172779990490288
"PM-ZI",0.655287008664247,1.2485295291959,2.87799626231448,1.78952210806946,3.39728802652365,2.34129696907522,1.557519655504,1.45927764829763,3.10308647576308,2.01340433191976,1.12615673318147,0.514188005818331,1.16263134773144,0.45508562216757,1.14658117888438,0.269290433858978,0.266970869935335,-0.2840718380572,1.50179482666855,0.263996260632691,-0.293592347404423,0.310687375083751,0.222505064480066,1.61326200633789,0.926682257590213,0.156702774527828,0.885824795434529,1.09472270065741,0.659472285440328,0.460103833577283,0.185454937334501,1.10582363612636,0.246940241377207,0.406193479650927,-0.0681384008277056
"PM-MT",0.924548967467674,1.20844938399519,3.60800916534814,1.93245689322041,2.34129696907522,3.04908453345386,2.16019486246322,1.89567384416451,2.66067420804936,1.95308712787373,1.73439975395679,0.316185678843374,0.849138926656594,0.747448852748496,1.70165136195647,0.814043652929223,1.24876228697886,0.576567648914651,0.984406188081236,0.759374374733457,1.68384642216369,2.37507909350776,0.196697850664435,1.61630897535526,1.01884484994271,-0.0522738040459645,0.995474408542975,0.842448273014755,1.06176948278078,0.570975915573784,0.423749492688978,0.875411955850209,0.845968380740347,0.186045914298427,-0.0668880778248907
"NLE-NON",1.36884634841382,1.27012702788175,2.90369038787205,1.39358143909749,1.557519655504,2.16019486246322,4.31229244116467,2.0709717425825,2.83680999848471,-0.672312236444697,0.655166803871721,-0.20724058969146,0.97947803677555,1.34170854759861,2.31675829915065,1.58546989747688,2.05054374311691,1.73442849869223,1.13085793581544,1.17468619318015,1.94003867603288,3.01060144719162,0.189914213017606,1.46032746025475,1.23401094576906,0.16614827044267,1.0288423615308,0.981024210152064,1.22688776951012,0.464595997161574,0.947039198665719,1.08806550776403,1.17860551474806,0.546181646759071,0.0445583256268019
"NLE-ZS",0.749712260635247,0.551154005040479,2.69246713758322,1.40974488080033,1.45927764829763,1.89567384416451,2.0709717425825,2.27771426832403,2.56118387035303,1.13437067357992,1.5296531321889,0.189837272253347,0.763608548158538,0.51719089463726,1.3855303403008,0.71606551754514,0.979982062289186,0.290965075210375,0.442127091379036,0.775875422564842,1.25445294889847,1.93259258915985,0.216074508417152,1.12286160799357,0.942004541873737,-0.116725483616302,0.77770940830568,1.09722650148754,1.09156235589409,0.997348152335937,0.892513505481591,0.79235647018762,0.611378472255451,0.0395848854557604,-0.00252950000504892
"NLE-ZI",1.2746001481571,1.21248245517843,3.68052335618013,1.71718986458473,3.10308647576308,2.66067420804936,2.83680999848471,2.56118387035303,4.23652258353725,1.5386453938209,1.73686612151479,0.681786985454805,1.60116972954648,0.858563351185521,2.01375770315783,0.852266475870097,1.00240542954695,0.0757548338910232,1.72459268530687,0.873265125393143,0.530848858211606,1.29250406969384,0.256297583240324,1.63387847600107,1.43386088364411,0.126682495056468,1.24171747024851,1.43000722664146,1.15348872503099,0.976794383139925,0.793908247195521,1.4562154889812,0.746270435536794,0.343564182344549,-0.0154344983340044
"NON-BR",0.664670832796125,0.809488657547271,3.64704204706872,1.73216231529782,2.01340433191976,1.95308712787373,-0.672312236444697,1.13437067357992,1.5386453938209,11.0026309800417,2.32018398653734,2.70031116279131,-0.68283986096856,-1.08931393494971,-1.07011624212126,-1.42616380938868,-1.21903832071985,-1.03806484064175,0.372513311154995,0.728234869288219,2.06276558575947,2.74853495147081,0.258078562107542,2.23690920765805,-0.0798460559241474,-0.770404819676077,0.276065776276613,0.721220893469194,0.151292258440514,0.629900941615043,-4.94052668139913,-0.181390928053468,-0.715952576008136,0.0117712737701175,0.0585700213221685
"NON-PNS",0.519503042978503,0.54151956315997,3.62095495400409,1.03261225798146,1.12615673318147,1.73439975395679,0.655166803871721,1.5296531321889,1.73686612151479,2.32018398653734,3.40585108767835,0.783306573206005,0.262462909408088,0.0514841162211446,0.86324254508094,0.319611459866905,0.505824362838583,-0.0836456472970185,0.229777568744245,1.27124132625677,1.24528152547136,1.34625162498359,0.276230447324398,-0.716806736380089,0.892838630922022,-0.200398028316691,0.64050810508191,0.861930233564781,0.912860184585724,0.531564900397816,0.0393479428490495,-0.293268312880461,0.596013399190776,-0.105982777624559,0.00794459042621304
"BR-PT",0.539927572932172,0.382624683477034,1.15184682559582,-0.0110399145204769,0.514188005818331,0.316185678843374,-0.20724058969146,0.189837272253347,0.681786985454805,2.70031116279131,0.783306573206005,1.80694286627919,0.137642632756382,-0.904496416185192,-0.556292222198452,-0.872912456237634,-0.714485965772408,-0.754200676584931,0.361630507121073,0.376741498065587,0.217613371882237,0.253723118394207,0.127223608365283,-0.181095767573992,0.403449070863139,0.0550314709098478,0.148146714788777,0.350777099906303,0.0012434969700821,-0.177149004646423,-1.16000232530097,-0.27287011831857,-0.370644668303175,0.163623106247456,0.0542886943866761
"BR-APET",0.653842126572679,0.603180069528511,1.12368504015755,0.562285283122372,1.16263134773144,0.849138926656594,0.97947803677555,0.763608548158538,1.60116972954648,-0.68283986096856,0.262462909408088,0.137642632756382,1.89665101999174,1.30867987691641,1.32037289972515,0.849736008882667,0.633138502404805,0.574605389401265,0.946486471411375,0.000483776862873958,-0.176728447299128,0.492737961414528,0.195607257236093,1.49646006151913,0.155716958766282,0.331298451690151,0.440260238299028,0.971937671222308,0.36645238222678,0.528771719936495,1.31888221504393,1.45503076346403,0.654176655217965,0.306035098983784,-0.0542219542612111
"PT-APET",0.478754355483506,0.224617696996053,0.883311445718175,0.410681588000557,0.45508562216757,0.747448852748496,1.34170854759861,0.51719089463726,0.858563351185521,-1.08931393494971,0.0514841162211446,-0.904496416185192,1.30867987691641,2.93784611747275,2.71823061016208,2.65890586196149,1.87472927047189,2.26431774569047,0.596057513938542,-0.222275242193188,0.226776353967198,0.601703531972677,0.196818360645298,1.42582590930793,-0.447554491281558,-0.115359017805173,0.334701727601859,0.350236531302878,0.352571034214493,1.03620828900716,0.681739211385109,1.33804384935688,1.94682857951275,0.0582506063993005,0.143990518997988
"PT-BA",0.890811742067604,0.637593061894063,2.37894985622669,0.853752611286014,1.14658117888438,1.70165136195647,2.31675829915065,1.3855303403008,2.01375770315783,-1.07011624212126,0.86324254508094,-0.556292222198452,1.32037289972515,2.71823061016208,4.32109237258072,3.26835187215275,2.75352263186671,2.43506021756127,0.843122310556278,0.331418823533803,0.833870925661476,1.02568155189416,0.396916469154836,0.668338718352535,1.38188053649774,-0.131904123525661,1.38849313084975,0.587368083801528,0.985686626190735,1.07298946475613,1.6858967252602,1.29315367565988,2.78555134439384,0.109591709999006,0.0683845716546514
"PT-EAM",0.408208843683907,0.0570219171230877,1.13680370308049,0.442145246668576,0.269290433858978,0.814043652929223,1.58546989747688,0.71606551754514,0.852266475870097,-1.42616380938868,0.319611459866905,-0.872912456237634,0.849736008882667,2.65890586196149,3.26835187215275,3.30475364043408,2.43996323557464,2.69729563687412,0.363463268371042,-0.0396491908970624,0.566984010024759,0.631589258438823,0.229789488015626,0.323070298751954,0.274817067752522,-0.283147630240111,0.359468876231772,0.404233392296745,0.655459234555043,0.834188865350876,1.51908002617565,0.685753274899592,2.66273032581121,-0.00111820973941086,0.171513517886262
"PT-ZYGI",0.656318523969108,0.500575132628976,1.33372364991291,0.702161916539687,0.266970869935335,1.24876228697886,2.05054374311691,0.979982062289186,1.00240542954695,-1.21903832071985,0.505824362838583,-0.714485965772408,0.633138502404805,1.87472927047189,2.75352263186671,2.43996323557464,2.81294215859697,2.20721897257376,0.35619320405664,0.664987682608418,1.5856440175989,1.66997188864615,0.0631835760738106,0.63620458082078,0.804438886510579,-0.0999324551515666,0.709575956267191,0.246662056140599,1.20778849471172,0.570290284547593,0.958414436530435,0.5220690566862,1.83448501516193,0.122806006990201,0.0788781369767146
"PT-TSP",0.320088981743664,0.100149588900072,0.582277819494297,0.348481896090978,-0.2840718380572,0.576567648914651,1.73442849869223,0.290965075210375,0.0757548338910232,-1.03806484064175,-0.0836456472970185,-0.754200676584931,0.574605389401265,2.26431774569047,2.43506021756127,2.69729563687412,2.20721897257376,3.49536412048146,0.107384908443512,0.138396606206847,1.11577309425457,2.00434098776917,0.159844800439543,0.251184884472232,0.059500593239344,-0.400169721312068,0.111105556511522,0.0212462038973136,0.267239381152192,0.691902384263113,0.547585160705122,0.562518426156397,1.89450640704251,0.0232267912756027,0.12909584436424
"ZS-ZI",0.66530950699812,0.683637159218481,1.23280343011654,0.503801452988413,1.50179482666855,0.984406188081236,1.13085793581544,0.442127091379036,1.72459268530687,0.372513311154995,0.229777568744245,0.361630507121073,0.946486471411375,0.596057513938542,0.843122310556278,0.363463268371042,0.35619320405664,0.107384908443512,1.39579425098078,0.146669188640586,-0.186075927403217,-0.0114589751476667,0.0350104418214284,0.769227854626352,0.46126512546614,0.26299949733904,0.496949682717138,0.309625570610665,0.146584984101319,0.0466131770396556,0.124550775930194,0.797978774214031,0.246821812180629,0.25446917621624,-0.0745754438637189
"ZI-MT",0.619560714143689,0.682322899821427,1.53237177459672,0.385331314480567,0.263996260632691,0.759374374733457,1.17468619318015,0.775875422564842,0.873265125393143,0.728234869288219,1.27124132625677,0.376741498065587,0.000483776862873958,-0.222275242193188,0.331418823533803,-0.0396491908970624,0.664987682608418,0.138396606206847,0.146669188640586,1.45968691180791,1.20179590845821,1.53943402292918,-0.0496097233089922,-0.118342938545449,0.781697861926387,0.0553559069288822,0.464007578440903,0.529801031952671,0.796205610556012,-0.00731505491607885,-0.403513545012989,-0.225285862336559,-0.0566283822845799,0.0973035442843408,0.0212207137398863
"ZI-ZYGI",0.777920128854581,0.881062462255973,2.27564078953304,1.15400420842801,-0.293592347404423,1.68384642216369,1.94003867603288,1.25445294889847,0.530848858211606,2.06276558575947,1.24528152547136,0.217613371882237,-0.176728447299128,0.226776353967198,0.833870925661476,0.566984010024759,1.5856440175989,1.11577309425457,-0.186075927403217,1.20179590845821,4.45380109671953,4.19852405700565,0.0668625172716347,1.73580966049278,0.576381626895394,-0.16195120528479,0.464381724103486,0.0286045321497643,0.872844712584619,0.0693410911165817,-0.181146581970541,-0.125280850312783,0.745776319734968,-0.156459478487819,-0.132723231362535
"ZI-TSP",1.2450228179504,1.25932988280697,3.3322598939765,1.78277283370239,0.310687375083751,2.37507909350776,3.01060144719162,1.93259258915985,1.29250406969384,2.74853495147081,1.34625162498359,0.253723118394207,0.492737961414528,0.601703531972677,1.02568155189416,0.631589258438823,1.66997188864615,2.00434098776917,-0.0114589751476667,1.53943402292918,4.19852405700565,6.64745794296619,0.295298638645268,2.46432179577533,0.693774102407014,-0.215429418835625,0.677696566336485,1.33393116907311,1.44365565021902,0.653113454267122,-0.685179758131853,1.11549997496027,0.594476645448512,0.493179500712815,-0.0998594905870024
"MT-PNS",0.178293491171192,0.100402105644828,0.777623113047845,0.160420777356769,0.222505064480066,0.196697850664435,0.189914213017606,0.216074508417152,0.256297583240324,0.258078562107542,0.276230447324398,0.127223608365283,0.195607257236093,0.196818360645298,0.396916469154836,0.229789488015626,0.0631835760738106,0.159844800439543,0.0350104418214284,-0.0496097233089922,0.0668625172716347,0.295298638645268,0.435157245181958,-0.154118929380488,0.182571499475411,0.094673433865129,0.18789932714489,0.266812683368357,0.0974124791270728,-0.0497735594554398,0.132307277218324,0.297425538670756,0.413566680294001,0.39248233371896,0.0221852470610205
"PNS-APET",0.737211987362849,1.19549898095517,0.758383080908491,1.52214025469396,1.61326200633789,1.61630897535526,1.46032746025475,1.12286160799357,1.63387847600107,2.23690920765805,-0.716806736380089,-0.181095767573992,1.49646006151913,1.42582590930793,0.668338718352535,0.323070298751954,0.63620458082078,0.251184884472232,0.769227854626352,-0.118342938545449,1.73580966049278,2.46432179577533,-0.154118929380488,5.93366850704859,-1.04629217850527,0.122918270271188,0.318307546377118,1.1475001365239,0.592642917984632,1.09746308713109,-0.621124651954758,2.27399781782905,0.140984283548164,-0.0390829353817229,0.00482688500718569
"APET-BA",0.501908171730724,0.627338497739379,1.66960688082115,0.538204020592968,0.926682257590213,1.01884484994271,1.23401094576906,0.942004541873737,1.43386088364411,-0.0798460559241474,0.892838630922022,0.403449070863139,0.155716958766282,-0.447554491281558,1.38188053649774,0.274817067752522,0.804438886510579,0.059500593239344,0.46126512546614,0.781697861926387,0.576381626895394,0.693774102407014,0.182571499475411,-1.04629217850527,2.21044267220424,0.127334993769882,1.17955162159674,0.314280046211527,0.705524877056816,-0.129829397738177,0.897195637538215,0.000593198587977358,0.379084996861156,0.228078228147992,-0.212998539162893
"APET-TS",0.194738317648902,0.295592236591344,0.0335478789701783,0.0139900443130617,0.156702774527828,-0.0522738040459645,0.16614827044267,-0.116725483616302,0.126682495056468,-0.770404819676077,-0.200398028316691,0.0550314709098478,0.331298451690151,-0.115359017805173,-0.131904123525661,-0.283147630240111,-0.0999324551515666,-0.400169721312068,0.26299949733904,0.0553559069288822,-0.16195120528479,-0.215429418835625,0.094673433865129,0.122918270271188,0.127334993769882,0.628313696693794,0.117653917903059,0.285015504773848,0.14772075735988,-0.460108793195857,0.439980274485813,0.121557054665018,-0.182892624962925,0.26621366761009,-0.0902556701801801
"BA-EAM",0.491199532273622,0.556650387839139,1.40947708136604,0.50927504596945,0.885824795434529,0.995474408542975,1.0288423615308,0.77770940830568,1.24171747024851,0.276065776276613,0.64050810508191,0.148146714788777,0.440260238299028,0.334701727601859,1.38849313084975,0.359468876231772,0.709575956267191,0.111105556511522,0.496949682717138,0.464007578440903,0.464381724103486,0.677696566336485,0.18789932714489,0.318307546377118,1.17955162159674,0.117653917903059,1.10031038588939,0.225467868784004,0.542102057744856,0.360043159531609,0.175986831224616,0.623465558890261,0.405350801158183,0.185895231021792,-0.0877030414531094
"EAM-ZYGI",0.673808368004387,0.683131370036106,2.00534602045664,0.859418700078522,1.09472270065741,0.842448273014755,0.981024210152064,1.09722650148754,1.43000722664146,0.721220893469194,0.861930233564781,0.350777099906303,0.971937671222308,0.350236531302878,0.587368083801528,0.404233392296745,0.246662056140599,0.0212462038973136,0.309625570610665,0.529801031952671,0.0286045321497643,1.33393116907311,0.266812683368357,1.1475001365239,0.314280046211527,0.285015504773848,0.225467868784004,2.38920075715197,1.18108313322438,0.164744307243123,0.752797299160803,0.769105022945514,0.473641247342649,0.558680949000305,0.132042957009707
"ZYGI-TSP",0.569870065127867,0.512536540616424,1.62045843441275,0.759372883619182,0.659472285440328,1.06176948278078,1.22688776951012,1.09156235589409,1.15348872503099,0.151292258440514,0.912860184585724,0.0012434969700821,0.36645238222678,0.352571034214493,0.985686626190735,0.655459234555043,1.20778849471172,0.267239381152192,0.146584984101319,0.796205610556012,0.872844712584619,1.44365565021902,0.0974124791270728,0.592642917984632,0.705524877056816,0.14772075735988,0.542102057744856,1.18108313322438,1.46670877035323,0.266889036640013,0.346602802041141,0.354002945050669,0.615514389178163,0.450796381089074,0.0991554496208306
"LD-AS",0.138607317608028,-0.145996910401921,0.464829398669276,0.501992322080981,0.460103833577283,0.570975915573784,0.464595997161574,0.997348152335937,0.976794383139925,0.629900941615043,0.531564900397816,-0.177149004646423,0.528771719936495,1.03620828900716,1.07298946475613,0.834188865350876,0.570290284547593,0.691902384263113,0.0466131770396556,-0.00731505491607885,0.0693410911165817,0.653113454267122,-0.0497735594554398,1.09746308713109,-0.129829397738177,-0.460108793195857,0.360043159531609,0.164744307243123,0.266889036640013,3.32037420969341,-0.191374522801784,1.31729479083626,-0.305328625104111,-1.55753535946245,-0.0882639823249697
"BR-LD",-0.162704249460347,-0.199578842179592,0.175809645192212,0.539217619814674,0.185454937334501,0.423749492688978,0.947039198665719,0.892513505481591,0.793908247195521,-4.94052668139913,0.0393479428490495,-1.16000232530097,1.31888221504393,0.681739211385109,1.6858967252602,1.51908002617565,0.958414436530435,0.547585160705122,0.124550775930194,-0.403513545012989,-0.181146581970541,-0.685179758131853,0.132307277218324,-0.621124651954758,0.897195637538215,0.439980274485813,0.175986831224616,0.752797299160803,0.346602802041141,-0.191374522801784,5.99444348990985,0.242604913821648,1.69139614148943,-0.115429779393914,-0.209724353190538
"OPI-LD",0.593989634814985,0.570140459153371,0.677518150779922,0.632837183536927,1.10582363612636,0.875411955850209,1.08806550776403,0.79235647018762,1.4562154889812,-0.181390928053468,-0.293268312880461,-0.27287011831857,1.45503076346403,1.33804384935688,1.29315367565988,0.685753274899592,0.5220690566862,0.562518426156397,0.797978774214031,-0.225285862336559,-0.125280850312783,1.11549997496027,0.297425538670756,2.27399781782905,0.000593198587977358,0.121557054665018,0.623465558890261,0.769105022945514,0.354002945050669,1.31729479083626,0.242604913821648,2.51583767199474,0.41937494839398,0.386438290795931,-0.170790864935325
"PT-AS",0.484282467329355,0.099209065908954,1.47683299010334,0.270667242691443,0.246940241377207,0.845968380740347,1.17860551474806,0.611378472255451,0.746270435536794,-0.715952576008136,0.596013399190776,-0.370644668303175,0.654176655217965,1.94682857951275,2.78555134439384,2.66273032581121,1.83448501516193,1.89450640704251,0.246821812180629,-0.0566283822845799,0.745776319734968,0.594476645448512,0.413566680294001,0.140984283548164,0.379084996861156,-0.182892624962925,0.405350801158183,0.473641247342649,0.615514389178163,-0.305328625104111,1.69139614148943,0.41937494839398,3.35378975121907,0.8997894346384,0.316157874621946
"JP-AS",0.339834506774335,0.252020034327741,0.645291509580021,0.0333815043620718,0.406193479650927,0.186045914298427,0.546181646759071,0.0395848854557604,0.343564182344549,0.0117712737701175,-0.105982777624559,0.163623106247456,0.306035098983784,0.0582506063993005,0.109591709999006,-0.00111820973941086,0.122806006990201,0.0232267912756027,0.25446917621624,0.0973035442843408,-0.156459478487819,0.493179500712815,0.39248233371896,-0.0390829353817229,0.228078228147992,0.26621366761009,0.185895231021792,0.558680949000305,0.450796381089074,-1.55753535946245,-0.115429779393914,0.386438290795931,0.8997894346384,2.04428376662761,0.206365434353875
"BA-OPI",0.0561105509215231,-0.0954583620162105,0.0499270634291726,-0.172779990490288,-0.0681384008277056,-0.0668880778248907,0.0445583256268019,-0.00252950000504892,-0.0154344983340044,0.0585700213221685,0.00794459042621304,0.0542886943866761,-0.0542219542612111,0.143990518997988,0.0683845716546514,0.171513517886262,0.0788781369767146,0.12909584436424,-0.0745754438637189,0.0212207137398863,-0.132723231362535,-0.0998594905870024,0.0221852470610205,0.00482688500718569,-0.212998539162893,-0.0902556701801801,-0.0877030414531094,0.132042957009707,0.0991554496208306,-0.0882639823249697,-0.209724353190538,-0.170790864935325,0.316157874621946,0.206365434353875,0.367614630953942
