"","IS-PM","IS-NLE","IS-PNS","PM-ZS","PM-ZI","PM-MT","NLE-NON","NLE-ZS","NLE-ZI","NON-BR","NON-PNS","BR-PT","BR-APET","PT-APET","PT-BA","PT-EAM","PT-ZYGI","PT-TSP","ZS-ZI","ZI-MT","ZI-ZYGI","ZI-TSP","MT-PNS","PNS-APET","APET-BA","APET-TS","BA-EAM","EAM-ZYGI","ZYGI-TSP","LD-AS","BR-LD","OPI-LD","PT-AS","JP-AS","BA-OPI"
"IS-PM",0.556652012791036,0.243644560836213,0.759190281717349,0.431471207904093,0.157633601465791,0.20966896970839,0.70324808443161,0.597026858715782,0.538554114133384,0.33205237555612,0.411264809009668,0.0617620644318894,0.348004684500648,0.274320889552822,0.312658675058512,0.289918168203359,0.409250122910945,0.26627616032072,0.301560532978366,0.216866708666277,0.594869505221078,0.913292855530496,0.042469579717966,0.543374612497983,0.211003812730947,0.0472684866967484,0.225010521265758,0.209069447350494,0.381788342189172,0.0127933514223951,0.633360082619484,-0.00205729554556873,0.363987207962523,0.319425760390358,0.12621275530052
"IS-NLE",0.243644560836213,0.984692698235282,1.31970132263462,1.23558948556183,1.0481415081823,0.924434290227242,0.424302598438614,0.404005261839223,0.614751571656619,0.528054427519725,0.862830583234544,0.2886709473771,0.367258180992698,0.0265896015872391,0.361293066845214,0.077391889770199,0.419149788237897,-0.0575804989370702,0.415866973126699,0.513455294842209,0.306490586315985,0.521135679967035,-0.0981854627022018,0.118985849944358,0.519220418409842,0.1053843178354,0.338334579929203,0.254453185865464,0.532470273779607,0.0787575067181913,0.163837645666588,0.557751892712482,0.149565283015191,0.61524240213612,0.100996636227943
"IS-PNS",0.759190281717349,1.31970132263462,4.78526284466849,4.38352717958364,4.13706962514583,4.14260878926775,3.75518631151913,3.595618753931,3.87339903409833,1.51703625195889,2.09476190726046,0.512948554910485,1.26925445354932,0.462434707083844,1.4719841179546,0.49200107464161,1.71654251604364,0.667937620507782,1.02644857219175,1.2308026645132,2.36780810695388,2.70242871336343,0.133847897344448,1.84131282228018,1.58381663975676,0.354769160609861,1.47733406104807,0.963260295989847,1.59532243237643,-0.00659260961790088,1.35348581457211,1.30811356053198,0.682402500526847,1.58037532141605,0.123153485471969
"PM-ZS",0.431471207904093,1.23558948556183,4.38352717958364,5.63772411757726,4.40594464537226,4.29014322553004,3.94827908165728,4.30167734469112,3.878972239518,1.76790414095775,1.82395586275258,0.734993430161964,1.45778473334543,0.423521140121823,1.4946037728348,0.447877829958441,1.71277483251911,0.559053127959134,1.24455234968201,1.34428343968608,2.59643932626167,2.87018991341228,-0.00764088900475193,2.44836977995177,1.60408786785871,0.289321352344564,1.52483312057443,0.873383220022977,1.61995131818239,0.238004745837079,1.17097808242436,1.34401795103175,0.694015952709543,1.51793830673403,0.368430398464193
"PM-ZI",0.157633601465791,1.0481415081823,4.13706962514583,4.40594464537226,5.28677216292017,4.64697879126984,3.12087083945831,3.7651852582203,4.55691385402342,1.88705905313356,1.43050209703212,0.551892523164887,0.831088794354319,0.131981148703937,1.42542213818902,0.3268899691574,1.1620835038903,0.190229573348889,0.737206719550697,1.2448264879471,1.45370518641443,1.03127487043237,0.197160593676994,2.20988444971912,1.59047081890891,0.411884973499689,1.33427252223702,0.792743864117956,0.968951583138254,-0.445712576892966,1.11631920773806,1.02032620676057,0.424143840042454,1.43377843586198,0.0347004449261807
"PM-MT",0.20966896970839,0.924434290227242,4.14260878926775,4.29014322553004,4.64697879126984,4.84199667779906,3.20381645767423,3.69216360883092,4.14023181235892,1.6678344125984,1.4803667539512,0.514240668419379,0.833222498895597,0.117344069224397,1.30562466063582,0.258042632141591,1.3243310941613,0.180438940579557,0.619654546449803,1.13727693478255,1.98738452443453,1.52798691015657,0.348912688844079,1.97096767970011,1.47787534578105,0.316458314023703,1.30751889592446,0.560377373724508,1.13464914439062,-0.189762578117163,0.808525274468879,1.36864079609994,0.293260250934747,1.35351496940289,-0.0800251854635705
"NLE-NON",0.70324808443161,0.424302598438614,3.75518631151913,3.94827908165728,3.12087083945831,3.20381645767423,6.36471550799308,4.067170529429,3.60725007023661,-0.556739211585916,1.7638600163799,0.482691912310538,1.43846189510537,0.823079667197185,1.47543642167494,1.10516938301317,2.03996815343011,1.71875225214939,0.808353047219662,0.78997430427095,3.18042683266731,3.60506440643882,0.33402629791086,2.50594836835393,0.9786219280211,0.195747085003604,1.25412914850327,0.723746785525455,1.39480572767769,0.613614782152249,1.22372940461361,0.948963903968611,1.43545368582636,0.971008168666131,0.150922029509775
"NLE-ZS",0.597026858715782,0.404005261839223,3.595618753931,4.30167734469112,3.7651852582203,3.69216360883092,4.067170529429,4.43402528796952,4.09823751626461,1.49920637158892,1.14198361649355,0.479189974111939,1.0561703361151,0.419968186161078,1.35419331314526,0.573884199547695,1.37548011363114,0.605544833019628,0.782063833161856,0.966591415743055,2.37869282910133,2.2562569911559,0.21241794119306,2.717662560109,1.20151276922389,0.286803297028223,1.26082136523494,0.74335482452429,1.06141202264065,-0.0817115097746555,1.48994848531682,0.732946753637066,0.799876546826855,1.18237217488052,0.285513294485745
"NLE-ZI",0.538554114133384,0.614751571656619,3.87339903409833,3.878972239518,4.55691385402342,4.14023181235892,3.60725007023661,4.09823751626461,4.76857188662758,1.82836730863328,1.32286172228918,0.521113176169736,0.847685360982532,0.200458377794613,1.40617854793025,0.507962673339869,1.33084254904074,0.615616572064566,0.89522037471812,1.19331979534815,1.88151522405908,1.64310398146802,0.288792255892289,2.50734177557694,1.4467730058446,0.410534234562761,1.31139844638189,0.808594163159902,0.995324627568175,-0.39839460968027,1.73730509668214,0.676860741214671,0.775338300597736,1.3033400488857,0.0584437093483903
"NON-BR",0.33205237555612,0.528054427519725,1.51703625195889,1.76790414095775,1.88705905313356,1.6678344125984,-0.556739211585916,1.49920637158892,1.82836730863328,4.02571144450094,0.368230820983923,0.487344748006002,0.382708075320878,-0.0253125324931053,0.591809170052777,-0.0681915716748086,0.300352692034509,-0.221230593690018,0.377817255539645,0.960583491578304,0.291803069170388,0.718820578554744,-0.122384589157943,0.959329036020382,0.962620503622415,0.30655187769481,0.622276427857256,0.545498477253248,0.592880237359906,-0.373884686640844,0.0852913582146623,0.513827914489161,-0.107790331495478,0.861994912913036,0.284106043999318
"NON-PNS",0.411264809009668,0.862830583234544,2.09476190726046,1.82395586275258,1.43050209703212,1.4803667539512,1.7638600163799,1.14198361649355,1.32286172228918,0.368230820983923,1.77768084452815,0.38652419223431,0.825381855117309,0.278674986490317,0.672842883449249,0.36283169793764,1.01867514602063,0.584464782371193,0.691487304938003,0.528770399138329,1.15685802056603,1.63258922058034,0.0362478319765862,0.4078181421185,0.706999643280636,0.0884791087423495,0.619337094129798,0.448944368476657,0.909478389016908,0.390961290324712,0.635958729021766,0.639478425966585,0.527224646027644,0.627277533930337,0.129689606870217
"BR-PT",0.0617620644318894,0.2886709473771,0.512948554910485,0.734993430161964,0.551892523164887,0.514240668419379,0.482691912310538,0.479189974111939,0.521113176169736,0.487344748006002,0.38652419223431,0.522243288580555,0.449944701394723,-0.0332847281985154,0.179808651156297,0.0625740360916827,0.311894927001912,0.173003402126659,0.226391769184742,0.273101011619493,0.392846338200556,0.406571894813846,-0.0178353672847913,0.363356874665266,0.256514323755049,0.0685807051272473,0.185296344924143,0.246709953003357,0.301199128999823,0.243299774298643,-0.0561984235838201,0.382939326304508,0.294024594039565,0.246820361944292,0.0136796062996962
"BR-APET",0.348004684500648,0.367258180992698,1.26925445354932,1.45778473334543,0.831088794354319,0.833222498895597,1.43846189510537,1.0561703361151,0.847685360982532,0.382708075320878,0.825381855117309,0.449944701394723,1.29687500463109,0.754594576676659,0.664472683671578,0.517666686033067,0.876289296096987,0.649952682412941,0.489428299589833,0.337550947586355,1.20724499419967,1.7707539761408,0.0884932960847942,1.10526121385655,0.34660848208997,0.0306956814765475,0.488345052558291,0.578402802496762,0.805826722900706,0.471569624875968,0.470662186094639,0.467988855592113,0.632156045456077,0.545849378677776,0.214010926891136
"PT-APET",0.274320889552822,0.0265896015872391,0.462434707083844,0.423521140121823,0.131981148703937,0.117344069224397,0.823079667197185,0.419968186161078,0.200458377794613,-0.0253125324931053,0.278674986490317,-0.0332847281985154,0.754594576676659,1.03476483304338,0.657861662174914,0.731822808414675,0.544062531765792,0.578701318593807,0.16435592219506,-0.0345918402085736,0.610045081059643,1.19109904846444,0.0965465595610058,0.937073114356126,-0.158058045066452,-0.0481495760051294,0.115412038638803,0.344398320523596,0.371148828596468,0.160484019680772,0.334568342033093,0.00742384727956178,0.536722913112751,0.315751390702998,0.20515674888968
"PT-BA",0.312658675058512,0.361293066845214,1.4719841179546,1.4946037728348,1.42542213818902,1.30562466063582,1.47543642167494,1.35419331314526,1.40617854793025,0.591809170052777,0.672842883449249,0.179808651156297,0.664472683671578,0.657861662174914,1.22027961940698,0.777377535750728,0.852766362189498,0.633444600596702,0.389432522507723,0.362445993261908,1.06650989195423,1.27531106093401,0.138279503721554,1.19891257477093,0.752683356464005,0.107432393045837,0.656826904348529,0.430924256327081,0.620363732858284,0.165665704703013,0.549671356489062,0.448446196769594,0.727285919879901,0.670098575933002,0.187060192778253
"PT-EAM",0.289918168203359,0.077391889770199,0.49200107464161,0.447877829958441,0.3268899691574,0.258042632141591,1.10516938301317,0.573884199547695,0.507962673339869,-0.0681915716748086,0.36283169793764,0.0625740360916827,0.517666686033067,0.731822808414675,0.777377535750728,0.932934214384392,0.717665854008611,0.754164586010544,0.211163052360383,-0.0373050529404842,0.755773100051141,0.961059984313876,0.17593065603532,0.876039949593178,0.091817013948812,-0.00746703616167095,0.103756515047152,0.36989446686219,0.358220530741878,0.129997754955023,0.369602098023216,-0.0366929441792117,0.826007044833907,0.278606962315885,0.138347167478109
"PT-ZYGI",0.409250122910945,0.419149788237897,1.71654251604364,1.71277483251911,1.1620835038903,1.3243310941613,2.03996815343011,1.37548011363114,1.33084254904074,0.300352692034509,1.01867514602063,0.311894927001912,0.876289296096987,0.544062531765792,0.852766362189498,0.717665854008611,1.88583001285844,1.03185739527134,0.701192009874021,0.374176879071557,1.83755868515267,2.19610737238229,0.193694112443625,0.931542212577314,0.524931645602921,0.0337832462900678,0.616578656112233,0.300769726040674,1.52871707058417,0.263434504148065,0.775229567321194,0.249536520017567,0.795875201313613,0.325768495183757,0.0132501856865926
"PT-TSP",0.26627616032072,-0.0575804989370702,0.667937620507782,0.559053127959134,0.190229573348889,0.180438940579557,1.71875225214939,0.605544833019628,0.615616572064566,-0.221230593690018,0.584464782371193,0.173003402126659,0.649952682412941,0.578701318593807,0.633444600596702,0.754164586010544,1.03185739527134,2.27094019042583,0.46845413595504,0.11324399225376,1.17734892149793,2.2185869565087,0.0290390068880092,0.566791544474883,0.174037780805984,0.00695059880789901,0.245020170618546,0.340573105245488,0.457817700901481,0.314026336201267,0.544326314201784,-0.0603394451025009,0.954316077561044,0.0419873458885123,0.0724137578727056
"ZS-ZI",0.301560532978366,0.415866973126699,1.02644857219175,1.24455234968201,0.737206719550697,0.619654546449803,0.808353047219662,0.782063833161856,0.89522037471812,0.377817255539645,0.691487304938003,0.226391769184742,0.489428299589833,0.16435592219506,0.389432522507723,0.211163052360383,0.701192009874021,0.46845413595504,1.01319113251748,0.452463064238301,0.69952856977649,1.27060630194534,-0.0467637715809874,0.523036299941572,0.441827925026417,0.0572169340946672,0.388787342302743,0.35906256368258,0.680933928160593,0.15278685687959,0.875921040270367,0.0965485312455044,0.401933902580899,0.386315148977617,0.0638590015007811
"ZI-MT",0.216866708666277,0.513455294842209,1.2308026645132,1.34428343968608,1.2448264879471,1.13727693478255,0.78997430427095,0.966591415743055,1.19331979534815,0.960583491578304,0.528770399138329,0.273101011619493,0.337550947586355,-0.0345918402085736,0.362445993261908,-0.0373050529404842,0.374176879071557,0.11324399225376,0.452463064238301,1.06722980458914,0.612408175968963,0.809054128834628,-0.135717640256883,0.619243891502559,0.623695912733535,0.18653642920862,0.545714807906455,0.219846339025159,0.39315363552287,0.205006465716041,0.299030336796027,0.599693427431813,0.10215881343506,0.48922797377037,0.0605457715460064
"ZI-ZYGI",0.594869505221078,0.306490586315985,2.36780810695388,2.59643932626167,1.45370518641443,1.98738452443453,3.18042683266731,2.37869282910133,1.88151522405908,0.291803069170388,1.15685802056603,0.392846338200556,1.20724499419967,0.610045081059643,1.06650989195423,0.755773100051141,1.83755868515267,1.17734892149793,0.69952856977649,0.612408175968963,3.03249818661579,3.30494186937015,0.252255141578745,1.88431913161872,0.852138350592278,0.0443706740984777,0.952280000892549,0.62276252508651,1.53423085821147,0.726408326733904,0.815588441306654,0.925313577953278,1.06839753867928,0.637217966550462,0.0673176709940263
"ZI-TSP",0.913292855530496,0.521135679967035,2.70242871336343,2.87018991341228,1.03127487043237,1.52798691015657,3.60506440643882,2.2562569911559,1.64310398146802,0.718820578554744,1.63258922058034,0.406571894813846,1.7707539761408,1.19109904846444,1.27531106093401,0.961059984313876,2.19610737238229,2.2185869565087,1.27060630194534,0.809054128834628,3.30494186937015,5.68078178487714,0.0891698850762642,2.06732250973731,0.954170791717617,-0.0309371404010805,1.11323444020259,1.15503758344411,2.26896292639461,1.08109900011353,1.04056852862743,1.04507078490239,1.287751239653,0.95086020457356,0.305761231363702
"MT-PNS",0.042469579717966,-0.0981854627022018,0.133847897344448,-0.00764088900475193,0.197160593676994,0.348912688844079,0.33402629791086,0.21241794119306,0.288792255892289,-0.122384589157943,0.0362478319765862,-0.0178353672847913,0.0884932960847942,0.0965465595610058,0.138279503721554,0.17593065603532,0.193694112443625,0.0290390068880092,-0.0467637715809874,-0.135717640256883,0.252255141578745,0.0891698850762642,0.347207064617046,0.298083963708549,0.0179175360875505,-0.0255596174852656,0.0409936934441932,0.0374725690821073,0.161104834083362,-0.0620247074389291,0.0361432345109775,-0.0729562334154595,0.0892309101144113,0.0166696910879584,-0.0422020044587092
"PNS-APET",0.543374612497983,0.118985849944358,1.84131282228018,2.44836977995177,2.20988444971912,1.97096767970011,2.50594836835393,2.717662560109,2.50734177557694,0.959329036020382,0.4078181421185,0.363356874665266,1.10526121385655,0.937073114356126,1.19891257477093,0.876039949593178,0.931542212577314,0.566791544474883,0.523036299941572,0.619243891502559,1.88431913161872,2.06732250973731,0.298083963708549,3.25739888369524,0.433332409225951,0.00751224159488936,0.686109699334845,0.993022881296931,0.847143649450525,0.0844193424443624,0.765037327154593,0.515074259016587,1.12082249070906,0.997751456138007,0.19697603582344
"APET-BA",0.211003812730947,0.519220418409842,1.58381663975676,1.60408786785871,1.59047081890891,1.47787534578105,0.9786219280211,1.20151276922389,1.4467730058446,0.962620503622415,0.706999643280636,0.256514323755049,0.34660848208997,-0.158058045066452,0.752683356464005,0.091817013948812,0.524931645602921,0.174037780805984,0.441827925026417,0.623695912733535,0.852138350592278,0.954170791717617,0.0179175360875505,0.433332409225951,1.32693344849689,0.210247520928692,0.835421569471127,0.301778235615554,0.590092085027674,0.135707029594157,0.570223873155229,0.547348493858705,0.201132695630958,0.581937950038113,0.0830139155346301
"APET-TS",0.0472684866967484,0.1053843178354,0.354769160609861,0.289321352344564,0.411884973499689,0.316458314023703,0.195747085003604,0.286803297028223,0.410534234562761,0.30655187769481,0.0884791087423495,0.0685807051272473,0.0306956814765475,-0.0481495760051294,0.107432393045837,-0.00746703616167095,0.0337832462900678,0.00695059880789901,0.0572169340946672,0.18653642920862,0.0443706740984777,-0.0309371404010805,-0.0255596174852656,0.00751224159488936,0.210247520928692,0.213614841067409,0.151034600280242,-0.026078786070977,-0.0276710846017282,-0.0413636372558269,0.21224161746081,0.0076711547990065,0.00621752360701034,0.0647603198138129,0.00293571580196667
"BA-EAM",0.225010521265758,0.338334579929203,1.47733406104807,1.52483312057443,1.33427252223702,1.30751889592446,1.25412914850327,1.26082136523494,1.31139844638189,0.622276427857256,0.619337094129798,0.185296344924143,0.488345052558291,0.115412038638803,0.656826904348529,0.103756515047152,0.616578656112233,0.245020170618546,0.388787342302743,0.545714807906455,0.952280000892549,1.11323444020259,0.0409936934441932,0.686109699334845,0.835421569471127,0.151034600280242,0.82896866609922,0.13741696595384,0.653219633550133,0.231356287437792,0.536476284322982,0.520868180092438,0.318360619443765,0.521885082386836,0.0742595961293994
"EAM-ZYGI",0.209069447350494,0.254453185865464,0.963260295989847,0.873383220022977,0.792743864117956,0.560377373724508,0.723746785525455,0.74335482452429,0.808594163159902,0.545498477253248,0.448944368476657,0.246709953003357,0.578402802496762,0.344398320523596,0.430924256327081,0.36989446686219,0.300769726040674,0.340573105245488,0.35906256368258,0.219846339025159,0.62276252508651,1.15503758344411,0.0374725690821073,0.993022881296931,0.301778235615554,-0.026078786070977,0.13741696595384,1.2534222540704,0.463601255100394,-0.0666614333803531,0.36633053662161,0.244976584742038,0.480046426455875,0.581783283305822,0.0880284717293956
"ZYGI-TSP",0.381788342189172,0.532470273779607,1.59532243237643,1.61995131818239,0.968951583138254,1.13464914439062,1.39480572767769,1.06141202264065,0.995324627568175,0.592880237359906,0.909478389016908,0.301199128999823,0.805826722900706,0.371148828596468,0.620363732858284,0.358220530741878,1.52871707058417,0.457817700901481,0.680933928160593,0.39315363552287,1.53423085821147,2.26896292639461,0.161104834083362,0.847143649450525,0.590092085027674,-0.0276710846017282,0.653219633550133,0.463601255100394,1.83449536679133,0.237911347998306,0.430430320686275,0.432039234308304,0.517531637786738,0.462939905013303,0.0279687600510504
"LD-AS",0.0127933514223951,0.0787575067181913,-0.00659260961790088,0.238004745837079,-0.445712576892966,-0.189762578117163,0.613614782152249,-0.0817115097746555,-0.39839460968027,-0.373884686640844,0.390961290324712,0.243299774298643,0.471569624875968,0.160484019680772,0.165665704703013,0.129997754955023,0.263434504148065,0.314026336201267,0.15278685687959,0.205006465716041,0.726408326733904,1.08109900011353,-0.0620247074389291,0.0844193424443624,0.135707029594157,-0.0413636372558269,0.231356287437792,-0.0666614333803531,0.237911347998306,2.1414727824163,-1.52599102837406,1.66564643057113,0.215683202578564,-0.19734911604848,0.108812520941862
"BR-LD",0.633360082619484,0.163837645666588,1.35348581457211,1.17097808242436,1.11631920773806,0.808525274468879,1.22372940461361,1.48994848531682,1.73730509668214,0.0852913582146623,0.635958729021766,-0.0561984235838201,0.470662186094639,0.334568342033093,0.549671356489062,0.369602098023216,0.775229567321194,0.544326314201784,0.875921040270367,0.299030336796027,0.815588441306654,1.04056852862743,0.0361432345109775,0.765037327154593,0.570223873155229,0.21224161746081,0.536476284322982,0.36633053662161,0.430430320686275,-1.52599102837406,4.6701632997552,-2.03755521266358,0.730221209824675,0.385365719506736,0.0792938643769079
"OPI-LD",-0.00205729554556873,0.557751892712482,1.30811356053198,1.34401795103175,1.02032620676057,1.36864079609994,0.948963903968611,0.732946753637066,0.676860741214671,0.513827914489161,0.639478425966585,0.382939326304508,0.467988855592113,0.00742384727956178,0.448446196769594,-0.0366929441792117,0.249536520017567,-0.0603394451025009,0.0965485312455044,0.599693427431813,0.925313577953278,1.04507078490239,-0.0729562334154595,0.515074259016587,0.547348493858705,0.0076711547990065,0.520868180092438,0.244976584742038,0.432039234308304,1.66564643057113,-2.03755521266358,2.82736967801707,0.136981935900748,0.748570253636974,-0.0750854888426088
"PT-AS",0.363987207962523,0.149565283015191,0.682402500526847,0.694015952709543,0.424143840042454,0.293260250934747,1.43545368582636,0.799876546826855,0.775338300597736,-0.107790331495478,0.527224646027644,0.294024594039565,0.632156045456077,0.536722913112751,0.727285919879901,0.826007044833907,0.795875201313613,0.954316077561044,0.401933902580899,0.10215881343506,1.06839753867928,1.287751239653,0.0892309101144113,1.12082249070906,0.201132695630958,0.00621752360701034,0.318360619443765,0.480046426455875,0.517531637786738,0.215683202578564,0.730221209824675,0.136981935900748,1.45584570892932,0.552064394624797,0.0162788198728808
"JP-AS",0.319425760390358,0.61524240213612,1.58037532141605,1.51793830673403,1.43377843586198,1.35351496940289,0.971008168666131,1.18237217488052,1.3033400488857,0.861994912913036,0.627277533930337,0.246820361944292,0.545849378677776,0.315751390702998,0.670098575933002,0.278606962315885,0.325768495183757,0.0419873458885123,0.386315148977617,0.48922797377037,0.637217966550462,0.95086020457356,0.0166696910879584,0.997751456138007,0.581937950038113,0.0647603198138129,0.521885082386836,0.581783283305822,0.462939905013303,-0.19734911604848,0.385365719506736,0.748570253636974,0.552064394624797,1.2608232823954,0.168593916627605
"BA-OPI",0.12621275530052,0.100996636227943,0.123153485471969,0.368430398464193,0.0347004449261807,-0.0800251854635705,0.150922029509775,0.285513294485745,0.0584437093483903,0.284106043999318,0.129689606870217,0.0136796062996962,0.214010926891136,0.20515674888968,0.187060192778253,0.138347167478109,0.0132501856865926,0.0724137578727056,0.0638590015007811,0.0605457715460064,0.0673176709940263,0.305761231363702,-0.0422020044587092,0.19697603582344,0.0830139155346301,0.00293571580196667,0.0742595961293994,0.0880284717293956,0.0279687600510504,0.108812520941862,0.0792938643769079,-0.0750854888426088,0.0162788198728808,0.168593916627605,0.433144100073114
