"","IS-PM","IS-NLE","IS-PNS","PM-ZS","PM-ZI","PM-MT","NLE-NON","NLE-ZS","NLE-ZI","NON-BR","NON-PNS","BR-PT","BR-APET","PT-APET","PT-BA","PT-EAM","PT-ZYGI","PT-TSP","ZS-ZI","ZI-MT","ZI-ZYGI","ZI-TSP","MT-PNS","PNS-APET","APET-BA","APET-TS","BA-EAM","EAM-ZYGI","ZYGI-TSP","LD-AS","BR-LD","OPI-LD","PT-AS","JP-AS","BA-OPI"
"IS-PM",0.624980680715875,0.406406148980836,1.46603119189107,0.849686675035198,0.778663065273913,0.771815888521286,1.08949247622893,0.98322329362599,1.19729254166406,1.14861890848048,0.616362091164328,0.395819130030333,0.585817831913174,0.47754110096556,0.752295663992421,0.465499239944954,0.59472251196266,0.775208681075881,0.59570490918811,0.510754669816596,0.70247106095339,1.26299561545041,0.231937872957471,0.724847693581795,0.280991033309146,0.0380784035310062,0.432480989149142,0.471568751504662,0.460809414611961,0.315587588993392,-0.166867360745191,0.149528703101464,0.62781760545758,0.327365411847237,0.376251370708499
"IS-NLE",0.406406148980836,0.579345594390884,1.29901722621083,0.816214298645593,0.887328381441115,0.779181176526257,0.797525148423222,0.675225403638574,0.950789595236376,0.834881910103977,0.465905997755818,0.196386878241829,0.331587521759775,0.322821018846877,0.563371260701738,0.321993149800978,0.368407537845865,0.56644297131384,0.443710359514959,0.434155873526105,0.375677105030579,0.78654738279216,0.110184371448201,0.514878370266645,0.262862023512744,-0.035079650938522,0.36218260838172,0.267576258253628,0.242899698248578,0.287788810703491,-0.146822104325693,0.0924669023133477,0.538255434558785,0.249838565954934,0.305621981666532
"IS-PNS",1.46603119189107,1.29901722621083,5.91654945442834,3.74104017650861,3.83683954317942,4.02277534187692,4.33542590266779,3.80041565220215,4.56796671290566,3.35739288561615,2.23858830994045,0.834488615594843,1.68841417478228,1.2773816160123,2.04252024085664,1.01650675636667,1.77218933141335,2.1192443981762,1.64766346723302,1.43561985539294,2.44304648117363,3.83228715069361,0.640331884990351,2.36877912002028,0.824847193349705,-0.0675594418416645,1.52010662463386,1.1104551765408,1.19768305896223,1.06616809220788,-0.411994766507712,0.333348122873365,1.53162933699264,0.781325714518537,1.19630630959995
"PM-ZS",0.849686675035198,0.816214298645593,3.74104017650861,3.60299469212366,2.79133742692536,2.79073982588685,3.04676532674922,3.20922849377703,3.00117952425371,2.2289283590311,1.33621356364625,0.380959117810856,0.912476505028781,0.647459641668019,1.02756152425192,0.532598779117748,1.17118598306188,1.36172260105562,1.09662211404294,0.689046883786609,1.63964338189377,2.54415129717196,0.493756512191088,1.67643636417161,0.5823209974085,0.0038514317605455,0.826472766051331,0.489818915789039,0.809895584786721,0.545598383779648,-0.317218995791905,-0.105864237119622,0.734699486422832,0.435892152359792,0.796564273599724
"PM-ZI",0.778663065273913,0.887328381441115,3.83683954317942,2.79133742692536,3.32900408490171,3.24716755136692,2.85283937844242,2.57254701305741,3.46677059262927,2.28682677152413,1.31710946755239,0.345172350525461,0.915044755755042,0.616322951395473,1.14025592671416,0.497728611276683,1.13422072501523,1.33512563518868,1.20193036936939,0.967737677535376,1.40009168473871,2.16922761383615,0.542094724159835,2.06253905057114,0.517717339122159,-0.0141553517552621,1.00486610797994,0.791818386282809,0.705488336391698,0.658534434558327,-0.375147603540631,0.195217658356089,0.766081563368131,0.401596259068096,0.661816702606165
"PM-MT",0.771815888521286,0.779181176526257,4.02277534187692,2.79073982588685,3.24716755136692,3.60477664240988,3.01333435113072,2.71977980436097,3.49681237292134,2.18135579981849,1.35363028657806,0.316594372659646,0.949974240809161,0.639978161005106,1.10388591497081,0.452103604572311,1.07957222764756,1.17412563581732,1.00993568521566,0.865283157600572,1.63581592614784,2.31348971526643,0.611979149101237,2.0348682417025,0.538460483025618,-0.0206156727855706,0.976489446665769,0.896099100344066,0.651276826735224,0.503754638748459,-0.112294465741628,0.0545364232911531,0.680077002867534,0.364770883473926,0.601404716537001
"NLE-NON",1.08949247622893,0.797525148423222,4.33542590266779,3.04676532674922,2.85283937844242,3.01333435113072,4.97679246264763,3.41011624239393,3.59292166948609,1.31584621732302,1.50338126803446,0.715968808564504,1.17647636080628,0.866682135699042,1.61018630592765,0.802946483435976,1.36152756331042,1.84375835647026,0.961653635181601,1.01978210171177,2.00782577950647,3.17628176870199,0.52261415819389,1.86760585441042,0.839367579177408,0.0900320659801994,1.1763147714026,1.02333218842417,0.896961557198476,0.841913083283992,0.0414215342385859,0.384542282964871,1.3380030851747,0.631352472271511,0.783334177621557
"NLE-ZS",0.98322329362599,0.675225403638574,3.80041565220215,3.20922849377703,2.57254701305741,2.71977980436097,3.41011624239393,3.28443254559817,3.18718416847776,2.09917288858795,1.44939780736245,0.518301393906662,1.06312927645069,0.750818477497572,1.20726019009459,0.620645608210784,1.28278396641623,1.35987626812031,1.03716882923447,0.78801844514085,1.84372074075804,2.69681549734497,0.543552269166211,1.71911462282401,0.631035896461461,0.0474155285617465,0.91819495895134,0.662359371042536,0.891752787550566,0.560897755124487,-0.182160939797645,0.0514306181882161,0.854172777843139,0.522094100124204,0.750263809585956
"NLE-ZI",1.19729254166406,0.950789595236376,4.56796671290566,3.00117952425371,3.46677059262927,3.49681237292134,3.59292166948609,3.18718416847776,4.17917036412723,2.8294380471741,1.74548913260513,0.672072116928163,1.36831904168646,0.978114897649196,1.63708793918154,0.780915023909313,1.55290133431015,1.74570175495175,1.5327626901272,1.292681721289,1.91005939779118,2.97593590064439,0.709331974803348,2.42971805222502,0.624988302028892,0.0386907480698891,1.28893783250362,1.1432306069318,1.04409266396879,0.811689974578657,-0.315785061019088,0.348861856881954,1.13343848825157,0.616010557004644,0.845294696575353
"NON-BR",1.14861890848048,0.834881910103977,3.35739288561615,2.2289283590311,2.28682677152413,2.18135579981849,1.31584621732302,2.09917288858795,2.8294380471741,4.55852340502403,1.46012038262127,0.757453863443331,1.2960141095194,1.14813729677035,1.39075681957186,0.814825907287444,1.31002299083675,1.4125261332372,1.63995194843569,1.19711290384569,1.38804148771171,2.74984155709911,0.494844078690778,1.97519690504769,0.301595210879408,-0.0283036552191978,0.865671951849173,1.01422690818619,1.12951524300543,0.941088366519679,-1.68061076940626,0.329140274130061,0.841535270846867,0.59840911585924,1.00481161964413
"NON-PNS",0.616362091164328,0.465905997755818,2.23858830994045,1.33621356364625,1.31710946755239,1.35363028657806,1.50338126803446,1.44939780736245,1.74548913260513,1.46012038262127,1.25922680106637,0.29243690747919,0.754828742277426,0.789371662770552,0.956859790474174,0.59894407393529,0.857459810761776,0.942546564241614,0.77451283518855,0.701077467214816,0.853413558017729,1.6302852970964,0.236338233190516,0.929544529860241,0.144482073099071,-0.00876911297582743,0.582216520276428,0.541350982479614,0.63761566660106,0.504342229395885,-0.0836154719081024,0.183735463845885,0.755353087520092,0.323968546618274,0.507292390808372
"BR-PT",0.395819130030333,0.196386878241829,0.834488615594843,0.380959117810856,0.345172350525461,0.316594372659646,0.715968808564504,0.518301393906662,0.672072116928163,0.757453863443331,0.29243690747919,0.630299948504255,0.553916405586807,0.280275091916016,0.327031809739474,0.110186185877199,0.200136430497608,0.200571450685786,0.417292164420153,0.262946955432111,0.438555221564588,0.679753872784044,0.11019752030385,0.363113557333002,0.0371065809869893,0.0260544885837752,0.171215372044321,0.321022406867171,0.291296545909955,0.335452373839146,-0.157799649281588,0.171943779762216,0.311652827184085,0.19385727154707,0.237738529967788
"BR-APET",0.585817831913174,0.331587521759775,1.68841417478228,0.912476505028781,0.915044755755042,0.949974240809161,1.17647636080628,1.06312927645069,1.36831904168646,1.2960141095194,0.754828742277426,0.553916405586807,1.07537173568377,0.852732882783651,0.917117685747508,0.547057320718316,0.718342462787576,0.890782658576604,0.763253566900519,0.580433642454756,0.825713312992083,1.6492442781796,0.256719688997668,0.926253175620815,0.0960295821677259,0.0211456620290681,0.475317957411204,0.580330953991836,0.636026385886821,0.517840349330648,0.0165774230987141,0.19284005957142,0.629292251346694,0.388521200761473,0.508213335389052
"PT-APET",0.47754110096556,0.322821018846877,1.2773816160123,0.647459641668019,0.616322951395473,0.639978161005106,0.866682135699042,0.750818477497572,0.978114897649196,1.14813729677035,0.789371662770552,0.280275091916016,0.852732882783651,1.20450370222417,1.23880989857721,0.856670437263296,0.701019207233032,1.16786340102941,0.648588432489682,0.624490456803285,0.481865940309002,1.62214508913423,0.184167693089302,0.788227808383841,0.0730966955168218,-0.0128616294998561,0.439252961577683,0.63176040242601,0.545828392324176,0.355906612662478,0.0486281171358337,0.107541245679974,0.905729942722078,0.408734003739805,0.467972496759646
"PT-BA",0.752295663992421,0.563371260701738,2.04252024085664,1.02756152425192,1.14025592671416,1.10388591497081,1.61018630592765,1.20726019009459,1.63708793918154,1.39075681957186,0.956859790474174,0.327031809739474,0.917117685747508,1.23880989857721,1.82929765827704,1.218492901733,1.02481223209954,1.72309826371581,0.884579788769305,0.834965859765744,0.838457882959257,2.12161454122626,0.311608983745676,1.1459481342886,0.527328052989431,-0.00972964984680911,0.795030835642543,0.797586621558894,0.672325823156363,0.374286736718323,0.20123907587955,0.210533146328717,1.47928675403089,0.607548784790496,0.655912913012626
"PT-EAM",0.465499239944954,0.321993149800978,1.01650675636667,0.532598779117748,0.497728611276683,0.452103604572311,0.802946483435976,0.620645608210784,0.780915023909313,0.814825907287444,0.59894407393529,0.110186185877199,0.547057320718316,0.856670437263296,1.218492901733,1.05915298618919,0.705237237790521,1.17834638926302,0.567292328854507,0.447528950756242,0.394131305430684,1.3242044456088,0.200385754906055,0.64534092798959,0.325180926649858,-0.00114456692188238,0.363588038607037,0.599250423275441,0.477532802674225,0.221156716991478,0.1862030796915,0.135978471340821,1.1102806716802,0.453250359080456,0.400231687880531
"PT-ZYGI",0.59472251196266,0.368407537845865,1.77218933141335,1.17118598306188,1.13422072501523,1.07957222764756,1.36152756331042,1.28278396641623,1.55290133431015,1.31002299083675,0.857459810761776,0.200136430497608,0.718342462787576,0.701019207233032,1.02481223209954,0.705237237790521,1.27219594785014,1.10202918815543,0.707710433059721,0.762929807180548,1.00286004416786,1.82488568470306,0.315555354944635,1.06318629591975,0.3128463405007,0.0148929537762567,0.628661497430849,0.427709615701874,1.01787636833325,0.392894688537254,-0.19656339983565,0.201881850308484,0.676595417475427,0.339740560130528,0.440006391550902
"PT-TSP",0.775208681075881,0.56644297131384,2.1192443981762,1.36172260105562,1.33512563518868,1.17412563581732,1.84375835647026,1.35987626812031,1.74570175495175,1.4125261332372,0.942546564241614,0.200571450685786,0.890782658576604,1.16786340102941,1.72309826371581,1.17834638926302,1.10202918815543,3.57695047841249,1.08770953369443,0.925415187493156,0.487646808411143,3.03416799758255,0.354870000437714,1.13512681551506,0.200790979465576,-0.0749483295528665,0.827939982012741,0.714734200485882,0.424553726004433,0.351320334486893,0.122267359776085,-0.0677076438263626,1.58105976158216,0.486219649783207,0.927858580571829
"ZS-ZI",0.59570490918811,0.443710359514959,1.64766346723302,1.09662211404294,1.20193036936939,1.00993568521566,0.961653635181601,1.03716882923447,1.5327626901272,1.63995194843569,0.77451283518855,0.417292164420153,0.763253566900519,0.648588432489682,0.884579788769305,0.567292328854507,0.707710433059721,1.08770953369443,1.14281174559156,0.599410772123625,0.517853218401171,1.42754715940969,0.316321866202964,1.00015914864542,0.112140151450627,0.0421642228519285,0.53350931692081,0.682854217059001,0.580724801316588,0.409684454290249,-0.120633879021876,0.135608515747983,0.706125387109434,0.333923513737486,0.554903608770071
"ZI-MT",0.510754669816596,0.434155873526105,1.43561985539294,0.689046883786609,0.967737677535376,0.865283157600572,1.01978210171177,0.78801844514085,1.292681721289,1.19711290384569,0.701077467214816,0.262946955432111,0.580433642454756,0.624490456803285,0.834965859765744,0.447528950756242,0.762929807180548,0.925415187493156,0.599410772123625,0.947460748917513,0.441096104244873,1.26766746434097,0.167432931717092,0.880009943236782,0.120039096347389,-3.25487279387737e-05,0.560895598731806,0.541597837185575,0.618088344706167,0.467874884804642,-0.420133745795349,0.226449143579815,0.574943127676079,0.225815755382964,0.402009337488049
"ZI-ZYGI",0.70247106095339,0.375677105030579,2.44304648117363,1.63964338189377,1.40009168473871,1.63581592614784,2.00782577950647,1.84372074075804,1.91005939779118,1.38804148771171,0.853413558017729,0.438555221564588,0.825713312992083,0.481865940309002,0.838457882959257,0.394131305430684,1.00286004416786,0.487646808411143,0.517853218401171,0.441096104244873,1.89910471429329,2.00626470657355,0.336668433606382,1.25067149833733,0.639332340002146,0.0868731910346301,0.612352954621154,0.437714142631031,0.792986617627826,0.310152000276856,0.0447846975114585,0.123888017030595,0.401372923370828,0.372764243586007,0.402843107086721
"ZI-TSP",1.26299561545041,0.78654738279216,3.83228715069361,2.54415129717196,2.16922761383615,2.31348971526643,3.17628176870199,2.69681549734497,2.97593590064439,2.74984155709911,1.6302852970964,0.679753872784044,1.6492442781796,1.62214508913423,2.12161454122626,1.3242044456088,1.82488568470306,3.03416799758255,1.42754715940969,1.26766746434097,2.00626470657355,4.55623383514137,0.51806982177614,2.00917854183613,0.668892632848453,0.0301410102085437,1.15600419480375,1.15512280354418,1.38251631930491,0.896593012293068,-0.19880108023791,0.200053105169047,1.45815920552678,0.710570647999995,1.20398114168937
"MT-PNS",0.231937872957471,0.110184371448201,0.640331884990351,0.493756512191088,0.542094724159835,0.611979149101237,0.52261415819389,0.543552269166211,0.709331974803348,0.494844078690778,0.236338233190516,0.11019752030385,0.256719688997668,0.184167693089302,0.311608983745676,0.200385754906055,0.315555354944635,0.354870000437714,0.316321866202964,0.167432931717092,0.336668433606382,0.51806982177614,0.277176943221114,0.500232654674387,0.107348684006835,0.0565517298485668,0.205233783220177,0.29534172890831,0.190328827971658,0.0473034669028875,0.02092074535585,0.00792037898613965,0.237018249242693,0.141265316438906,0.120419592416872
"PNS-APET",0.724847693581795,0.514878370266645,2.36877912002028,1.67643636417161,2.06253905057114,2.0348682417025,1.86760585441042,1.71911462282401,2.42971805222502,1.97519690504769,0.929544529860241,0.363113557333002,0.926253175620815,0.788227808383841,1.1459481342886,0.64534092798959,1.06318629591975,1.13512681551506,1.00015914864542,0.880009943236782,1.25067149833733,2.00917854183613,0.500232654674387,2.15999053600105,0.284018887757788,0.05150773328949,0.730946873869382,1.01478428845991,0.776385141128107,0.398412013784174,-0.228562319718091,0.219797338843062,0.70703251669409,0.419060857176086,0.42976225958396
"APET-BA",0.280991033309146,0.262862023512744,0.824847193349705,0.5823209974085,0.517717339122159,0.538460483025618,0.839367579177408,0.631035896461461,0.624988302028892,0.301595210879408,0.144482073099071,0.0371065809869893,0.0960295821677259,0.0730966955168218,0.527328052989431,0.325180926649858,0.3128463405007,0.200790979465576,0.112140151450627,0.120039096347389,0.639332340002146,0.668892632848453,0.107348684006835,0.284018887757788,0.771149556829822,0.0807002249814441,0.309221620367388,0.162618130651535,0.221241207341331,0.0371632047049737,0.113504699451002,0.048424001319432,0.342335961547897,0.214987423571106,0.129268280023337
"APET-TS",0.0380784035310062,-0.035079650938522,-0.0675594418416645,0.0038514317605455,-0.0141553517552621,-0.0206156727855706,0.0900320659801994,0.0474155285617465,0.0386907480698891,-0.0283036552191978,-0.00876911297582743,0.0260544885837752,0.0211456620290681,-0.0128616294998561,-0.00972964984680911,-0.00114456692188238,0.0148929537762567,-0.0749483295528665,0.0421642228519285,-3.25487279387737e-05,0.0868731910346301,0.0301410102085437,0.0565517298485668,0.05150773328949,0.0807002249814441,0.179751767739893,0.00173609926352858,0.146959063113026,0.0523239914270369,0.0168822419503716,0.0453746786326701,0.0364596231098842,-0.0149456901605812,-0.000925709839025639,0.00959053406564028
"BA-EAM",0.432480989149142,0.36218260838172,1.52010662463386,0.826472766051331,1.00486610797994,0.976489446665769,1.1763147714026,0.91819495895134,1.28893783250362,0.865671951849173,0.582216520276428,0.171215372044321,0.475317957411204,0.439252961577683,0.795030835642543,0.363588038607037,0.628661497430849,0.827939982012741,0.53350931692081,0.560895598731806,0.612352954621154,1.15600419480375,0.205233783220177,0.730946873869382,0.309221620367388,0.00173609926352858,0.611532595150428,0.346489831965554,0.40370709333204,0.261450188225267,-0.0668841481305203,0.165020516960152,0.544426667342387,0.262910165670332,0.363584117455996
"EAM-ZYGI",0.471568751504662,0.267576258253628,1.1104551765408,0.489818915789039,0.791818386282809,0.896099100344066,1.02333218842417,0.662359371042536,1.1432306069318,1.01422690818619,0.541350982479614,0.321022406867171,0.580330953991836,0.63176040242601,0.797586621558894,0.599250423275441,0.427709615701874,0.714734200485882,0.682854217059001,0.541597837185575,0.437714142631031,1.15512280354418,0.29534172890831,1.01478428845991,0.162618130651535,0.146959063113026,0.346489831965554,1.20956065359952,0.370147485070519,0.252666467769271,0.0198563486310817,0.21978730113375,0.667108279045256,0.299407076209666,0.257103816600929
"ZYGI-TSP",0.460809414611961,0.242899698248578,1.19768305896223,0.809895584786721,0.705488336391698,0.651276826735224,0.896961557198476,0.891752787550566,1.04409266396879,1.12951524300543,0.63761566660106,0.291296545909955,0.636026385886821,0.545828392324176,0.672325823156363,0.477532802674225,1.01787636833325,0.424553726004433,0.580724801316588,0.618088344706167,0.792986617627826,1.38251631930491,0.190328827971658,0.776385141128107,0.221241207341331,0.0523239914270369,0.40370709333204,0.370147485070519,1.09757977636378,0.399581263007966,-0.226778726831394,0.165067990027889,0.360379943810771,0.221494654618685,0.341514141104521
"LD-AS",0.315587588993392,0.287788810703491,1.06616809220788,0.545598383779648,0.658534434558327,0.503754638748459,0.841913083283992,0.560897755124487,0.811689974578657,0.941088366519679,0.504342229395885,0.335452373839146,0.517840349330648,0.355906612662478,0.374286736718323,0.221156716991478,0.392894688537254,0.351320334486893,0.409684454290249,0.467874884804642,0.310152000276856,0.896593012293068,0.0473034669028875,0.398412013784174,0.0371632047049737,0.0168822419503716,0.261450188225267,0.252666467769271,0.399581263007966,1.20157352780563,-1.05620923748876,0.903192605799568,0.163056852951922,0.112705123782923,0.339492400286112
"BR-LD",-0.166867360745191,-0.146822104325693,-0.411994766507712,-0.317218995791905,-0.375147603540631,-0.112294465741628,0.0414215342385859,-0.182160939797645,-0.315785061019088,-1.68061076940626,-0.0836154719081024,-0.157799649281588,0.0165774230987141,0.0486281171358337,0.20123907587955,0.1862030796915,-0.19656339983565,0.122267359776085,-0.120633879021876,-0.420133745795349,0.0447846975114585,-0.19880108023791,0.02092074535585,-0.228562319718091,0.113504699451002,0.0453746786326701,-0.0668841481305203,0.0198563486310817,-0.226778726831394,-1.05620923748876,2.67069718648629,-0.926075481011945,0.448971391283598,0.0255180120466775,-0.120167709197224
"OPI-LD",0.149528703101464,0.0924669023133477,0.333348122873365,-0.105864237119622,0.195217658356089,0.0545364232911531,0.384542282964871,0.0514306181882161,0.348861856881954,0.329140274130061,0.183735463845885,0.171943779762216,0.19284005957142,0.107541245679974,0.210533146328717,0.135978471340821,0.201881850308484,-0.0677076438263626,0.135608515747983,0.226449143579815,0.123888017030595,0.200053105169047,0.00792037898613965,0.219797338843062,0.048424001319432,0.0364596231098842,0.165020516960152,0.21978730113375,0.165067990027889,0.903192605799568,-0.926075481011945,1.17473023642208,0.0956651257671327,0.10437131122935,-0.0504546928627832
"PT-AS",0.62781760545758,0.538255434558785,1.53162933699264,0.734699486422832,0.766081563368131,0.680077002867534,1.3380030851747,0.854172777843139,1.13343848825157,0.841535270846867,0.755353087520092,0.311652827184085,0.629292251346694,0.905729942722078,1.47928675403089,1.1102806716802,0.676595417475427,1.58105976158216,0.706125387109434,0.574943127676079,0.401372923370828,1.45815920552678,0.237018249242693,0.70703251669409,0.342335961547897,-0.0149456901605812,0.544426667342387,0.667108279045256,0.360379943810771,0.163056852951922,0.448971391283598,0.0956651257671327,1.72629040818331,0.614123972853961,0.525670102248674
"JP-AS",0.327365411847237,0.249838565954934,0.781325714518537,0.435892152359792,0.401596259068096,0.364770883473926,0.631352472271511,0.522094100124204,0.616010557004644,0.59840911585924,0.323968546618274,0.19385727154707,0.388521200761473,0.408734003739805,0.607548784790496,0.453250359080456,0.339740560130528,0.486219649783207,0.333923513737486,0.225815755382964,0.372764243586007,0.710570647999995,0.141265316438906,0.419060857176086,0.214987423571106,-0.000925709839025639,0.262910165670332,0.299407076209666,0.221494654618685,0.112705123782923,0.0255180120466775,0.10437131122935,0.614123972853961,0.397425296090529,0.253294482183635
"BA-OPI",0.376251370708499,0.305621981666532,1.19630630959995,0.796564273599724,0.661816702606165,0.601404716537001,0.783334177621557,0.750263809585956,0.845294696575353,1.00481161964413,0.507292390808372,0.237738529967788,0.508213335389052,0.467972496759646,0.655912913012626,0.400231687880531,0.440006391550902,0.927858580571829,0.554903608770071,0.402009337488049,0.402843107086721,1.20398114168937,0.120419592416872,0.42976225958396,0.129268280023337,0.00959053406564028,0.363584117455996,0.257103816600929,0.341514141104521,0.339492400286112,-0.120167709197224,-0.0504546928627832,0.525670102248674,0.253294482183635,0.654346088955842
