"","IS-PM","IS-NLE","IS-PNS","PM-ZS","PM-ZI","PM-MT","NLE-NON","NLE-ZS","NLE-ZI","NON-BR","NON-PNS","BR-PT","BR-APET","PT-APET","PT-BA","PT-EAM","PT-ZYGI","PT-TSP","ZS-ZI","ZI-MT","ZI-ZYGI","ZI-TSP","MT-PNS","PNS-APET","APET-BA","APET-TS","BA-EAM","EAM-ZYGI","ZYGI-TSP","LD-AS","BR-LD","OPI-LD","PT-AS","JP-AS","BA-OPI"
"IS-PM",15.0305235372656,20.7804797655967,37.3862993720107,18.9966509644632,17.337491236633,22.7644272235498,10.9629604291194,21.9096856888448,24.7176333677874,17.1950770252908,20.0497903484733,6.52003612557584,18.6192599790895,4.10606125221481,20.0944240738947,7.48564708608106,24.6615035233444,1.0750548024356,8.24012868822438,9.29404124778674,34.3838440090317,34.6165981118686,9.61838678477804,24.7381085101997,17.4281341842427,-0.937326722960627,23.0492772863024,9.29646060067697,23.4691808885101,21.8887013359682,28.975729860156,20.7142597403312,2.56785633408734,9.98725628111156,4.37356556001519
"IS-NLE",20.7804797655967,37.5905997120151,65.9860679847642,37.6138058815945,35.2383289249732,45.0145029298485,18.0059014561918,36.4771463302681,41.9172719749482,32.2397233941438,36.3905104282058,9.55940891633393,30.1138123490785,8.84664425016437,36.1417633341507,13.0608267001014,43.6416581678599,1.74241165670999,16.4300812142583,16.5748866281387,59.1230585714182,60.4481752206126,16.437063454347,40.7962469494253,30.3056954931943,-1.05294517040951,41.2654014693495,17.1509501618347,41.5213156414004,35.8521033980827,49.0333052359527,36.4845576402592,6.60502970080667,17.9603408585629,7.42810945114263
"IS-PNS",37.3862993720107,65.9860679847642,150.92029737659,76.8629731284389,75.1209818456138,98.8380727221656,29.2895259618226,68.9385154293316,81.8258752897612,73.6433196435969,84.8495905194505,14.4405173835947,56.5735482745043,19.5163743484621,72.1767367821205,26.6014021523202,91.9220354903297,4.04988109712704,36.7500318321083,36.0108320167565,125.222929906692,126.503060191495,31.4378211945414,73.3812114316714,56.8482562727627,-4.64254905301575,83.7101414917426,34.0570598135614,87.9202035521157,69.2890461561531,100.480843039387,75.8193089166185,16.0384241172471,35.9877006131143,11.1746233358331
"PM-ZS",18.9966509644632,37.6138058815945,76.8629731284389,47.1795873663225,44.6225518872891,56.0252233627068,16.1389191400458,39.3524682944944,44.8428209231712,45.4789435856324,42.1410346887274,8.97685515653743,32.9427920228073,12.6137544431385,41.8753975952429,16.3529285748015,51.0475430721871,2.42385345403939,19.2581396517182,20.2232823128755,68.2801225739315,70.2103569740048,15.8576929266582,47.4038192658237,32.7901189419286,-0.613761482939718,46.2461685468819,21.2017223051973,48.3631396256735,38.6202009686582,54.3140195679383,40.1540525998711,11.2766470892674,19.7338188270204,9.48597695147748
"PM-ZI",17.337491236633,35.2383289249732,75.1209818456138,44.6225518872891,45.3751974498317,55.2066363227504,14.3496717919977,36.9525438454029,44.8653346965806,43.7189078878878,41.8119000180674,9.12885325984724,31.8903667466999,11.2751558198692,39.2465834786797,14.63475430064,47.318074821621,2.40965604624268,19.9193102747975,18.55127614234,63.7288837277808,66.840345399808,15.51919101212,45.2398871216525,30.9624966682223,-0.772485353745679,44.4616502700042,18.8823510544353,45.0320772620406,36.7015007212913,50.7556577850318,39.3378365099034,10.609701634596,18.8033204861515,9.49573246044426
"PM-MT",22.7644272235498,45.0145029298485,98.8380727221656,56.0252233627068,55.2066363227504,73.4186142891842,18.7607230942501,45.866481280288,54.7976242549275,56.4818052429956,55.5863425231355,9.96684621276998,39.699061851731,14.2885697564481,49.9379550124861,18.533271287964,60.7779581398993,1.8976713743418,25.4630409489478,26.9045063042454,82.4701265758714,85.7693937667536,18.7808934587148,54.6601631309262,39.4156865459849,-1.69924544586643,56.2400397808519,24.6308576514853,58.6338867576747,43.6656556459807,65.9127993937199,50.4755663713851,13.6830041953714,25.6787916924669,9.21560071572847
"NLE-NON",10.9629604291194,18.0059014561918,29.2895259618226,16.1389191400458,14.3496717919977,18.7607230942501,18.7683385379997,18.707476573069,22.0147680227408,10.1883626391754,15.8199123612555,5.84878660897769,15.8724355808366,3.13899839568288,16.637476643015,7.37024933265943,19.6112289541254,1.11858512552204,7.89030946929255,7.06593359448426,25.4280274719433,29.0427564905003,9.36736460510019,19.1898564662806,14.6240846044753,-0.597315867756818,18.8958209487399,9.19469697339398,17.8836658056711,15.5078480820332,23.7733897843851,18.2880971491251,3.94783334514951,11.354167232429,2.6404535442746
"NLE-ZS",21.9096856888448,36.4771463302681,68.9385154293316,39.3524682944944,36.9525438454029,45.866481280288,18.707476573069,43.4566205550655,47.5008436082898,43.9194250807111,39.362000476761,10.853906758847,30.5864260847881,9.58361209691203,38.3025552945189,13.9544807013462,45.2080689027487,2.73650582432775,15.6230415316473,16.6546777848765,62.1031006844265,65.1779213343868,18.0436834540624,44.5761786152479,32.115137370456,-1.10119417893784,43.1135661554853,19.586190719599,42.4851003187841,37.5035163927716,45.0894067659952,36.8598001897487,7.2476166990379,19.0486351277656,9.98415290207215
"NLE-ZI",24.7176333677874,41.9172719749482,81.8258752897612,44.8428209231712,44.8653346965806,54.7976242549275,22.0147680227408,47.5008436082898,56.9261331154689,46.9887715617672,47.5742940880653,12.1141339069405,36.5571535738062,11.1077037737053,44.7203857311079,16.4130824305808,52.1990870429994,3.59644250893253,22.0213551004616,18.9590616125199,71.6827223500728,75.1309105354014,20.6852656539372,50.7424844307883,37.1295501127341,-1.54708494403627,50.5161708294659,20.8829895789216,48.9587793550012,43.5486497449518,55.4729263311906,44.6250427847342,8.71070444311492,21.8037365600163,11.2843311055429
"NON-BR",17.1950770252908,32.2397233941438,73.6433196435969,45.4789435856324,43.7189078878878,56.4818052429956,10.1883626391754,43.9194250807111,46.9887715617672,98.4239921349907,40.7333138335145,4.25197417585348,15.6218755209321,9.21227218314283,38.8075574324795,15.8175013606375,47.3371230922803,0.621042029387839,16.0161741036047,20.0259877822333,65.1856720229479,70.5484886046568,14.2587070822596,49.0411802285455,31.8018521032888,3.42469921079279,44.9168719891012,19.9242896072061,45.9855650939837,31.9272870346738,15.2266068052958,31.7919278158446,10.9648257571534,17.0749757169033,11.1068141085908
"NON-PNS",20.0497903484733,36.3905104282058,84.8495905194505,42.1410346887274,41.8119000180674,55.5863425231355,15.8199123612555,39.362000476761,47.5742940880653,40.7333138335145,52.8712736206078,6.97090320924744,32.0443630163207,12.2397375964573,42.497532988554,14.7552299327657,52.0226984468389,3.90647131808891,22.2115858803441,20.3682879225693,69.3189872768747,70.769073060856,17.8854315576098,37.3402382283953,33.3604626964628,-2.98027853855647,48.0340448689774,18.3603941026706,48.8596083804201,38.5581189823138,59.4266740377598,43.1399816083274,9.55414204380975,21.1990793068152,6.76741039416692
"BR-PT",6.52003612557584,9.55940891633393,14.4405173835947,8.97685515653743,9.12885325984724,9.96684621276998,5.84878660897769,10.853906758847,12.1141339069405,4.25197417585348,6.97090320924744,9.91710732043117,12.6275017032957,0.154584771724448,7.72204218350443,-0.0487728912072976,5.71223776424964,-0.549117689475219,3.51227943768884,2.815510124369,12.7019649253239,15.4529803500884,3.89428120970068,14.09104266249,9.03591955216132,-0.0558379673189497,10.4574653273656,5.16688097859597,6.36290211413062,10.4127908682288,11.1316812833273,10.1996238238876,-0.0559664538893356,4.45984770699992,3.24679515833467
"BR-APET",18.6192599790895,30.1138123490785,56.5735482745043,32.9427920228073,31.8903667466999,39.699061851731,15.8724355808366,30.5864260847881,36.5571535738062,15.6218755209321,32.0443630163207,12.6275017032957,36.8785128789482,9.02621406916759,32.7621344372156,10.6913810062412,37.6904182153545,3.18253725569805,15.135310821285,15.6458263084839,51.5838963251224,55.75386688369,13.3534209310584,40.0094474357412,27.4782853726399,-1.93557005366245,35.9034283615717,16.6442953286718,35.4249861072074,34.3063808453808,57.8228152102913,35.607196696654,7.0597853731206,16.1146059465394,8.23640585270283
"PT-APET",4.10606125221481,8.84664425016437,19.5163743484621,12.6137544431385,11.2751558198692,14.2885697564481,3.13899839568288,9.58361209691203,11.1077037737053,9.21227218314283,12.2397375964573,0.154584771724448,9.02621406916759,7.51030886653453,13.7233643048423,6.98558812426118,15.9627346677453,1.73802475423955,5.40192999035572,5.30905397027158,20.5553080084318,17.2425063694747,3.94578631826444,11.5076876137979,7.70105811958908,-0.573456948834781,11.1199778474233,5.29808586463325,14.1840929963751,10.7991080352101,17.3000039158769,9.32412197386764,4.50237997269068,4.92936065996162,5.12910003903312
"PT-BA",20.0944240738947,36.1417633341507,72.1767367821205,41.8753975952429,39.2465834786797,49.9379550124861,16.637476643015,38.3025552945189,44.7203857311079,38.8075574324795,42.497532988554,7.72204218350443,32.7621344372156,13.7233643048423,44.4860071005264,18.1644636577368,52.0819618472684,4.23933036957089,19.4901776554629,19.3292466541539,67.8206946851832,66.7570574166888,16.6809916505642,43.6473342207724,34.1899052248431,-1.22331607846732,45.6813051211594,19.8156321288268,47.9176593130111,39.2290762626119,55.6185870924786,39.7609309327397,12.2123421504363,19.7029676723904,11.0735386451031
"PT-EAM",7.48564708608106,13.0608267001014,26.6014021523202,16.3529285748015,14.63475430064,18.533271287964,7.37024933265943,13.9544807013462,16.4130824305808,15.8175013606375,14.7552299327657,-0.0487728912072976,10.6913810062412,6.98558812426118,18.1644636577368,14.9506873942037,24.3138751342646,2.46870011977532,7.28059428752457,7.85300516553292,27.5385242889979,23.1211147318964,6.10868996445582,15.7234529598318,11.7298814611356,-0.408314028050934,15.6963980340902,10.5640271554326,21.6015703779999,15.3754572719562,20.5152635777199,13.6410397891036,7.13608493759368,6.14341320119113,5.41250218598415
"PT-ZYGI",24.6615035233444,43.6416581678599,91.9220354903297,51.0475430721871,47.318074821621,60.7779581398993,19.6112289541254,45.2080689027487,52.1990870429994,47.3371230922803,52.0226984468389,5.71223776424964,37.6904182153545,15.9627346677453,52.0819618472684,24.3138751342646,72.1958127887103,6.00838853232261,22.9212163501499,25.1744273280318,88.9983963982951,84.5306974962054,21.3650370418396,52.1087017034722,38.4575521534291,-2.23499504851795,56.3768200795155,24.7486004507787,66.5634144982298,49.9808403695027,74.2334830219409,50.4467853659365,14.1205427136314,22.1120498863114,9.08603880202154
"PT-TSP",1.0750548024356,1.74241165670999,4.04988109712704,2.42385345403939,2.40965604624268,1.8976713743418,1.11858512552204,2.73650582432775,3.59644250893253,0.621042029387839,3.90647131808891,-0.549117689475219,3.18253725569805,1.73802475423955,4.23933036957089,2.46870011977532,6.00838853232261,3.13305722615605,1.82530762739755,0.840945960022837,5.3392977565163,6.97825787964859,1.97937360161485,2.98422515564449,3.16101253304522,-0.338758227987798,4.49318592882504,1.68956762641482,4.29561103783342,4.55156871632687,8.77323134992726,3.47073886121528,1.60478684316888,1.45449650018139,1.03464931069245
"ZS-ZI",8.24012868822438,16.4300812142583,36.7500318321083,19.2581396517182,19.9193102747975,25.4630409489478,7.89030946929255,15.6230415316473,22.0213551004616,16.0161741036047,22.2115858803441,3.51227943768884,15.135310821285,5.40192999035572,19.4901776554629,7.28059428752457,22.9212163501499,1.82530762739755,12.9690530063685,8.59537875748099,30.8155044992245,31.2653954380069,7.27753285281857,18.2152024257404,15.1929149223429,-1.08441591819371,21.7706015150899,8.04125863524809,21.4763733910719,16.8718413248179,27.3616637815413,19.9135936176244,5.36624218715551,9.14223767984213,3.41065704451999
"ZI-MT",9.29404124778674,16.5748866281387,36.0108320167565,20.2232823128755,18.55127614234,26.9045063042454,7.06593359448426,16.6546777848765,18.9590616125199,20.0259877822333,20.3682879225693,2.815510124369,15.6458263084839,5.30905397027158,19.3292466541539,7.85300516553292,25.1744273280318,0.840945960022837,8.59537875748099,12.790560607107,32.1805102576587,33.2369119763107,6.42331679465802,20.5847545008611,15.2131001733617,-0.710691765362706,20.8418225229185,10.6348294173398,24.1568008904395,16.8933298219637,28.9219067447595,20.8841335341248,5.97463708341998,9.72846178608571,1.84805068651398
"ZI-ZYGI",34.3838440090317,59.1230585714182,125.222929906692,68.2801225739315,63.7288837277808,82.4701265758714,25.4280274719433,62.1031006844265,71.6827223500728,65.1856720229479,69.3189872768747,12.7019649253239,51.5838963251224,20.5553080084318,67.8206946851832,27.5385242889979,88.9983963982951,5.3392977565163,30.8155044992245,32.1805102576587,122.596845918646,117.650611710781,27.4928195879105,75.541361304885,51.5750475877425,-3.46651353410331,74.5381927133061,32.6695080162549,84.127759804601,67.4597315683739,96.0412749817834,68.0602140918512,13.4941970455932,29.7842834839244,13.3291723371927
"ZI-TSP",34.6165981118686,60.4481752206126,126.503060191495,70.2103569740048,66.840345399808,85.7693937667536,29.0427564905003,65.1779213343868,75.1309105354014,70.5484886046568,70.769073060856,15.4529803500884,55.75386688369,17.2425063694747,66.7570574166888,23.1211147318964,84.5306974962054,6.97825787964859,31.2653954380069,33.2369119763107,117.650611710781,128.984699638058,28.8133052229635,81.3478339258454,55.6672921763142,-2.45856878056539,77.7565554491866,36.7353749946905,80.2100917490986,66.9262659267257,101.09782036852,72.2776925263559,13.3457284808119,34.5173687384792,12.2827697241359
"MT-PNS",9.61838678477804,16.437063454347,31.4378211945414,15.8576929266582,15.51919101212,18.7808934587148,9.36736460510019,18.0436834540624,20.6852656539372,14.2587070822596,17.8854315576098,3.89428120970068,13.3534209310584,3.94578631826444,16.6809916505642,6.10868996445582,21.3650370418396,1.97937360161485,7.27753285281857,6.42331679465802,27.4928195879105,28.8133052229635,10.1087722472964,16.8612913401193,14.1459817038432,-0.930017812720294,19.6287422668266,8.01506014370586,19.7212498457537,16.6450491628629,21.9964298667914,16.6897057963993,2.5463235943947,9.46588102755713,3.96664699199847
"PNS-APET",24.7381085101997,40.7962469494253,73.3812114316714,47.4038192658237,45.2398871216525,54.6601631309262,19.1898564662806,44.5761786152479,50.7424844307883,49.0411802285455,37.3402382283953,14.09104266249,40.0094474357412,11.5076876137979,43.6473342207724,15.7234529598318,52.1087017034722,2.98422515564449,18.2152024257404,20.5847545008611,75.541361304885,81.3478339258454,16.8612913401193,67.0543403976186,35.3358122414791,-0.0600133150611614,48.2886854582483,24.039874188382,49.8300897978245,45.2307972548814,60.2661148401276,43.8755034424488,9.8179865732373,20.322215531919,14.750436579117
"APET-BA",17.4281341842427,30.3056954931943,56.8482562727627,32.7901189419286,30.9624966682223,39.4156865459849,14.6240846044753,32.115137370456,37.1295501127341,31.8018521032888,33.3604626964628,9.03591955216132,27.4782853726399,7.70105811958908,34.1899052248431,11.7298814611356,38.4575521534291,3.16101253304522,15.1929149223429,15.2131001733617,51.5750475877425,55.6672921763142,14.1459817038432,35.3358122414791,30.7920255105896,-0.285386433448557,38.3883077668962,16.6389243571987,35.9456173525684,31.3806681062355,43.4085735252128,33.4058267246786,7.08071257514456,17.5091658669691,6.49453964431913
"APET-TS",-0.937326722960627,-1.05294517040951,-4.64254905301575,-0.613761482939718,-0.772485353745679,-1.69924544586643,-0.597315867756818,-1.10119417893784,-1.54708494403627,3.42469921079279,-2.98027853855647,-0.0558379673189497,-1.93557005366245,-0.573456948834781,-1.22331607846732,-0.408314028050934,-2.23499504851795,-0.338758227987798,-1.08441591819371,-0.710691765362706,-3.46651353410331,-2.45856878056539,-0.930017812720294,-0.0600133150611614,-0.285386433448557,1.85371875663081,-1.35945937407281,-0.247248422627779,-2.01524587364144,-2.03736811866652,-5.49806555736937,-1.870256446446,0.64258002651544,0.534608463777221,0.365508310629633
"BA-EAM",23.0492772863024,41.2654014693495,83.7101414917426,46.2461685468819,44.4616502700042,56.2400397808519,18.8958209487399,43.1135661554853,50.5161708294659,44.9168719891012,48.0340448689774,10.4574653273656,35.9034283615717,11.1199778474233,45.6813051211594,15.6963980340902,56.3768200795155,4.49318592882504,21.7706015150899,20.8418225229185,74.5381927133061,77.7565554491866,19.6287422668266,48.2886854582483,38.3883077668962,-1.35945937407281,53.6679145977743,20.6573785932042,52.7830244131089,43.687526158074,61.1213680325249,46.6302757982714,10.8610706367009,23.0210963807291,7.73418720038753
"EAM-ZYGI",9.29646060067697,17.1509501618347,34.0570598135614,21.2017223051973,18.8823510544353,24.6308576514853,9.19469697339398,19.586190719599,20.8829895789216,19.9242896072061,18.3603941026706,5.16688097859597,16.6442953286718,5.29808586463325,19.8156321288268,10.5640271554326,24.7486004507787,1.68956762641482,8.04125863524809,10.6348294173398,32.6695080162549,36.7353749946905,8.01506014370586,24.039874188382,16.6389243571987,-0.247248422627779,20.6573785932042,17.2685851908265,23.6695573686082,18.2275718927441,28.6029838353024,20.3031584762011,4.74395608140347,9.62981070206586,4.60046745759069
"ZYGI-TSP",23.4691808885101,41.5213156414004,87.9202035521157,48.3631396256735,45.0320772620406,58.6338867576747,17.8836658056711,42.4851003187841,48.9587793550012,45.9855650939837,48.8596083804201,6.36290211413062,35.4249861072074,14.1840929963751,47.9176593130111,21.6015703779999,66.5634144982298,4.29561103783342,21.4763733910719,24.1568008904395,84.127759804601,80.2100917490986,19.7212498457537,49.8300897978245,35.9456173525684,-2.01524587364144,52.7830244131089,23.6695573686082,62.3533861826309,46.3919252600236,68.5321884163386,47.9203597937861,12.1096164231461,20.9367108189494,7.85519107691716
"LD-AS",21.8887013359682,35.8521033980827,69.2890461561531,38.6202009686582,36.7015007212913,43.6656556459807,15.5078480820332,37.5035163927716,43.5486497449518,31.9272870346738,38.5581189823138,10.4127908682288,34.3063808453808,10.7991080352101,39.2290762626119,15.3754572719562,49.9808403695027,4.55156871632687,16.8718413248179,16.8933298219637,67.4597315683739,66.9262659267257,16.6450491628629,45.2307972548814,31.3806681062355,-2.03736811866652,43.687526158074,18.2275718927441,46.3919252600236,47.7013008922689,60.5123237203078,41.0148791097404,5.73864574749582,10.9945193581529,8.79965182601806
"BR-LD",28.975729860156,49.0333052359527,100.480843039387,54.3140195679383,50.7556577850318,65.9127993937199,23.7733897843851,45.0894067659952,55.4729263311906,15.2266068052958,59.4266740377598,11.1316812833273,57.8228152102913,17.3000039158769,55.6185870924786,20.5152635777199,74.2334830219409,8.77323134992726,27.3616637815413,28.9219067447595,96.0412749817834,101.09782036852,21.9964298667914,60.2661148401276,43.4085735252128,-5.49806555736937,61.1213680325249,28.6029838353024,68.5321884163386,60.5123237203078,124.803958475746,62.7915307259418,11.2032294232804,25.8073641278594,6.97736679587533
"OPI-LD",20.7142597403312,36.4845576402592,75.8193089166185,40.1540525998711,39.3378365099034,50.4755663713851,18.2880971491251,36.8598001897487,44.6250427847342,31.7919278158446,43.1399816083274,10.1996238238876,35.607196696654,9.32412197386764,39.7609309327397,13.6410397891036,50.4467853659365,3.47073886121528,19.9135936176244,20.8841335341248,68.0602140918512,72.2776925263559,16.6897057963993,43.8755034424488,33.4058267246786,-1.870256446446,46.6302757982714,20.3031584762011,47.9203597937861,41.0148791097404,62.7915307259418,51.2635471258063,9.16018618855607,20.521459873038,1.76853112030185
"PT-AS",2.56785633408734,6.60502970080667,16.0384241172471,11.2766470892674,10.609701634596,13.6830041953714,3.94783334514951,7.2476166990379,8.71070444311492,10.9648257571534,9.55414204380975,-0.0559664538893356,7.0597853731206,4.50237997269068,12.2123421504363,7.13608493759368,14.1205427136314,1.60478684316888,5.36624218715551,5.97463708341998,13.4941970455932,13.3457284808119,2.5463235943947,9.8179865732373,7.08071257514456,0.64258002651544,10.8610706367009,4.74395608140347,12.1096164231461,5.73864574749582,11.2032294232804,9.16018618855607,12.1848645662456,7.53989687264791,4.42814764007452
"JP-AS",9.98725628111156,17.9603408585629,35.9877006131143,19.7338188270204,18.8033204861515,25.6787916924669,11.354167232429,19.0486351277656,21.8037365600163,17.0749757169033,21.1990793068152,4.45984770699992,16.1146059465394,4.92936065996162,19.7029676723904,6.14341320119113,22.1120498863114,1.45449650018139,9.14223767984213,9.72846178608571,29.7842834839244,34.5173687384792,9.46588102755713,20.322215531919,17.5091658669691,0.534608463777221,23.0210963807291,9.62981070206586,20.9367108189494,10.9945193581529,25.8073641278594,20.521459873038,7.53989687264791,22.0326020713922,3.21460720082969
"BA-OPI",4.37356556001519,7.42810945114263,11.1746233358331,9.48597695147748,9.49573246044426,9.21560071572847,2.6404535442746,9.98415290207215,11.2843311055429,11.1068141085908,6.76741039416692,3.24679515833467,8.23640585270283,5.12910003903312,11.0735386451031,5.41250218598415,9.08603880202154,1.03464931069245,3.41065704451999,1.84805068651398,13.3291723371927,12.2827697241359,3.96664699199847,14.750436579117,6.49453964431913,0.365508310629633,7.73418720038753,4.60046745759069,7.85519107691716,8.79965182601806,6.97736679587533,1.76853112030185,4.42814764007452,3.21460720082969,12.4126864230075
